580 401
515 372
467 363
416 372
382 387
368 405
342 433
286 446
183 394
240 342
321 347
341 286
467 268
545 254
526 225
439 209
505 145
372 133
356 197
391 213
405 224
345 224
309 219
285 190
213 187
238 200
245 224
282 245
289 262
237 280
217 284
144 230
157 267
162 292
161 305
126 319
114 324
87 319
69 309
56 284
49 264
53 247
77 230
100 222
94 186
39 167
43 151
47 106
65 84
157 61
210 86
208 106
234 112
323 71
370 37
432 35
526 54
518 82
598 118
593 144
580 166
584 190
592 219
616 239
601 268
600 273
639 295
639 316
635 327
634 344
621 361
621 366
628 377
619 398
612 402
