324 227
301 214
271 199
277 166
341 161
257 122
179 171
191 243
311 268
300 314
124 301
165 273
127 222
76 204
92 184
121 173
143 147
143 103
159 72
261 36
280 54
385 56
425 62
456 46
512 49
515 76
477 106
477 120
525 157
567 176
545 192
542 220
570 246
585 272
565 304
562 324
555 353
551 378
501 413
505 429
552 436
575 406
602 325
639 289
625 353
588 409
589 441
588 451
571 469
512 479
481 471
400 408
292 398
213 439
189 443
162 436
115 401
99 370
93 347
118 345
165 348
208 372
225 342
279 349
303 337
380 351
413 346
418 320
409 272
387 247
433 205
475 224
459 176
403 167
370 194
