200 458
170 452
150 442
127 422
110 395
100 368
100 325
106 279
127 250
172 191
198 168
247 142
319 122
379 107
449 94
493 99
527 126
573 167
593 215
592 261
555 290
486 306
447 316
411 311
347 249
383 190
432 178
468 187
478 197
484 227
467 251
452 256
429 258
402 237
421 209
436 219
439 227
445 218
446 193
421 186
397 193
384 207
375 236
380 245
413 262
437 267
453 268
466 261
484 242
499 217
499 187
477 170
447 162
410 159
382 164
348 179
341 195
331 216
316 251
320 263
357 290
405 315
431 328
481 349
488 353
488 367
459 430
455 436
438 438
419 447
374 459
334 433
294 411
272 418
302 447
