543 371
537 381
519 403
512 414
470 434
424 444
395 445
357 437
319 416
300 396
293 379
276 346
237 321
214 337
237 380
200 412
164 416
141 402
118 381
100 365
85 352
74 340
54 312
45 290
37 261
28 230
28 178
31 131
45 106
69 83
110 61
180 43
204 42
265 47
320 71
331 99
338 125
419 154
424 113
438 98
448 89
463 85
482 87
516 93
534 98
551 110
565 119
571 132
586 157
590 174
592 193
590 210
581 233
572 244
561 252
550 268
541 281
540 292
553 299
567 308
588 329
592 336
596 344
602 360
602 379
599 394
589 402
571 409
560 408
554 394
555 377
560 361
559 349
550 339
520 322
