320 240
311 256
295 269
270 279
241 290
214 304
230 304
243 301
275 300
289 300
328 305
341 312
343 322
344 344
340 347
333 350
322 353
313 354
306 354
287 352
266 347
240 334
235 334
225 343
225 350
242 365
250 384
325 395
389 377
416 400
390 434
324 450
258 449
243 441
177 398
133 393
123 411
153 432
170 433
215 451
130 449
64 426
128 377
93 343
88 293
156 197
221 165
252 197
324 95
204 60
170 99
124 123
54 61
119 21
268 54
300 31
452 61
499 48
601 107
604 126
605 167
605 194
601 247
583 287
563 324
535 344
511 357
488 359
465 358
448 355
368 337
384 310
360 282
344 286
316 266
