158 270
137 250
129 233
130 207
152 178
174 171
213 171
242 184
258 202
253 223
236 236
217 247
266 273
323 276
367 264
295 194
287 172
320 109
238 82
209 103
180 132
135 151
90 139
84 74
112 58
146 48
158 51
211 58
262 48
394 17
407 35
421 51
390 93
429 111
481 82
471 42
545 35
562 47
591 76
605 88
623 142
621 168
635 209
639 252
596 332
557 378
497 414
455 427
428 423
402 384
429 298
439 230
484 203
524 203
495 141
489 167
420 188
421 207
409 239
405 284
399 293
380 312
340 348
284 385
245 398
215 405
167 405
137 403
89 374
76 360
70 351
66 333
65 315
67 289
75 275
