564 26
546 51
535 65
501 78
468 84
419 92
382 108
440 125
328 157
430 171
483 166
501 136
561 138
517 216
499 222
435 239
476 268
528 271
567 281
582 319
522 346
465 323
446 288
375 322
381 356
446 391
458 410
365 444
332 431
287 406
292 389
329 369
343 326
301 275
345 252
286 231
222 276
205 303
227 347
207 355
182 400
145 393
126 368
90 349
67 323
63 306
66 272
91 229
96 202
121 184
184 196
184 213
233 211
226 156
190 110
132 101
111 101
54 99
54 75
71 53
132 41
180 39
235 51
257 66
263 87
336 87
327 55
344 18
382 22
383 43
444 41
468 27
470 20
479 15
506 14
