52 392
58 363
100 348
138 334
134 306
72 301
59 296
81 260
116 245
184 251
252 268
330 255
326 231
237 224
201 224
137 209
106 190
117 181
137 173
178 156
272 168
294 151
247 139
175 103
139 134
91 152
89 119
89 73
187 48
239 62
257 61
345 39
368 32
412 54
406 91
436 99
483 90
480 65
507 64
558 40
594 46
594 92
541 126
556 148
559 177
564 246
584 255
605 301
556 344
548 355
566 385
547 417
513 443
451 456
427 451
416 435
386 431
372 396
372 369
439 336
429 313
313 335
306 389
309 416
265 454
228 448
214 436
189 446
147 446
137 457
157 479
89 469
85 445
64 442
48 418
