259 199
216 216
184 194
177 161
191 144
205 117
141 94
135 125
127 147
156 178
157 200
171 234
203 252
212 279
178 303
123 284
124 250
124 212
75 185
81 137
86 113
129 60
169 55
227 48
266 77
278 90
328 97
343 83
348 68
383 54
428 63
425 97
429 109
451 114
459 89
484 76
502 77
506 116
506 146
492 158
484 195
500 225
514 232
528 191
555 176
577 200
552 244
546 255
540 285
499 309
501 323
529 340
566 350
598 386
579 402
565 407
556 413
494 411
486 393
463 358
450 346
426 327
391 328
374 348
394 366
416 376
432 402
410 403
386 403
346 383
339 351
315 318
291 286
279 281
280 254
