7 295
28 273
65 272
76 302
134 326
177 321
150 284
189 266
90 224
111 209
177 218
180 206
247 223
242 157
225 169
196 162
118 161
69 148
90 114
121 91
163 111
176 109
255 64
331 75
370 125
452 97
291 250
342 285
486 199
606 115
523 273
553 317
556 304
572 295
592 252
600 270
583 297
576 318
600 333
599 351
599 364
597 371
571 391
560 399
487 424
483 426
481 426
466 427
458 429
447 427
431 428
415 426
409 425
387 423
352 425
345 426
338 421
336 411
356 387
380 390
395 394
434 393
411 355
350 347
342 366
272 374
260 393
262 418
319 444
210 438
176 414
199 392
143 357
79 400
41 414
