567 327
548 336
507 364
459 377
407 379
397 345
435 325
455 317
422 298
403 299
360 316
329 326
310 351
325 364
330 372
343 382
342 388
319 400
263 419
228 418
184 410
163 402
132 383
103 353
91 325
71 289
68 255
80 229
103 216
129 191
146 181
154 164
163 150
195 129
214 115
234 108
260 96
295 89
334 83
354 81
392 84
430 107
402 154
393 172
440 188
460 164
458 140
461 116
490 95
519 84
535 84
547 91
566 114
570 139
570 160
566 175
533 191
504 203
469 217
468 245
476 246
499 241
518 233
527 223
531 215
543 207
561 202
577 206
587 227
592 237
595 253
597 271
598 293
584 307
573 312
