585 329
534 325
512 317
480 311
447 306
417 311
413 330
425 342
465 346
481 351
500 363
511 386
498 394
452 391
409 370
357 357
318 351
314 376
346 384
384 395
430 428
417 441
390 442
310 428
265 399
242 367
164 330
131 358
173 401
116 412
73 379
65 347
89 321
94 299
85 263
109 227
160 253
183 218
152 184
119 170
116 114
115 89
128 80
153 76
169 79
212 94
270 124
266 138
269 155
278 160
309 166
351 165
350 131
354 103
366 97
373 95
399 91
454 114
431 156
446 179
502 168
506 140
515 139
536 153
547 175
545 199
547 204
591 228
598 232
572 250
559 266
573 275
583 278
610 287
612 314
