306 147
248 147
208 144
196 121
178 130
184 164
231 167
354 167
502 182
472 255
433 219
409 211
362 204
305 209
305 245
393 292
508 276
629 231
594 324
453 371
440 330
390 315
367 334
407 352
422 403
394 424
344 429
286 431
250 414
234 374
247 348
267 335
273 306
266 282
224 276
179 296
185 311
191 328
211 357
212 388
172 399
148 398
106 389
96 356
91 338
91 308
110 289
134 280
159 267
161 226
146 211
125 211
105 223
64 215
45 204
37 171
38 134
47 101
91 69
145 42
271 43
369 46
485 53
563 71
575 106
545 118
510 122
466 121
424 117
384 111
344 103
356 118
360 136
345 142
319 148
