154 99
171 73
234 64
270 70
259 117
250 141
211 152
264 219
321 206
268 139
383 135
376 124
376 94
366 66
387 52
406 48
418 48
453 51
469 54
476 57
493 63
497 67
516 82
519 85
529 104
529 111
530 138
531 156
530 174
510 207
499 228
500 254
508 266
519 274
529 284
569 304
571 337
551 350
531 354
523 354
500 359
454 384
473 419
428 425
396 430
373 430
339 420
315 391
314 368
366 334
381 346
409 311
376 265
337 273
326 302
309 313
297 321
264 328
225 329
208 330
196 329
157 327
133 312
104 298
91 276
84 247
88 224
94 195
103 188
120 180
121 151
101 147
87 129
111 98
123 95
