Duration[s]: 3600.7 Porcentaje: 0.804455 TerminoTodo: 0
Convexos: 6 VerticesConvexos: 51
0 1 2 38 39 40
14 15 16 17 18 19 20 21 22 23 24
13 14 24 25 26 27
8 9 10 11 12 13 27
7 8 27 28 29 30 31 32 33 34
2 3 4 5 6 7 34 35 36 37 38
0 87 142
1 104 108
2 143 119
3 237 90
4 272 114
5 288 140
6 313 247
7 310 270
8 375 276
9 349 225
10 400 158
11 426 151
12 488 203
13 489 211
14 534 173
15 408 138
16 355 123
17 341 112
18 332 98
19 329 79
20 341 69
21 364 59
22 417 45
23 435 50
24 599.698 121.674
25 601 287
26 576 304
27 451 285
28 549 310
29 594 327
30 615 348
31 612.639 404.657
32 419 427
33 249.721 427
34 211 337
35 183 347
36 155 330
37 130 259
38 129 193
39 96 177
40 82 154
