Duration[s]: 3603.63 Porcentaje: 0.901649 TerminoTodo: 0
Convexos: 8 VerticesConvexos: 67
0 1 2 3 47 48 49 50 51 52
6 7 8 9 10 11 12 13 14 15 16
21 22 23 24 25 26
21 26 27 28
18 19 20 21 28
29 30 31 32 33 34 35 36
6 16 17 18 28 29 36 37 38 39
3 4 5 6 39 40 41 42 43 44 45 46 47
0 28 92.6667
1 57.5532 53.2624
2 203.846 11
3 237.832 11
4 272 128
5 275 139
6 295 227
7 299 182
8 321 86
9 324 74
10 337 65
11 351 58
12 360 56
13 375 54
14 380 54
15 442.245 60.5521
16 440 138
17 489 122
18 506 121
19 539 133
20 557 183
21 543 200
22 588 264
23 589 286
24 562 321
25 543 315
26 541 287
27 483 218
28 475 205
29 450 244
30 500 258
31 525 282
32 516 339
33 510 348
34 418 412
35 403 412
36 346 384
37 326 404
38 304 420
39 227 394
40 184 420
41 164 429
42 136 427
43 82.8182 396.273
44 61 354
45 60 343
46 52 251
47 69 225
48 54 203
49 44 181
50 36 160
51 34 151
52 28 113.5
