Duration[s]: 3600.07 Porcentaje: 0.613366 TerminoTodo: 0
Convexos: 6 VerticesConvexos: 41
0 27 28 29 30
12 13 14 15 16 17 18 19 20 21
6 7 8 9 10 11 12 21 22
2 3 4 5 6 22 23
1 2 23 24
0 1 24 25 26 27
0 29 31.2529
1 138 30
2 203 18
3 330 14
4 533.955 27.597
5 563 99
6 548 220
7 561 226
8 582 326
9 558.395 413.479
10 493 415
11 441 407
12 373 338
13 388 411
14 379.714 440
15 142.286 440
16 77.9393 339.906
17 95 261
18 137 200
19 238 150
20 335 229
21 350 267
22 376 208
23 303 132
24 174 68
25 177 114
26 158 131
27 69 182
28 67 213
29 62 253
30 29 239.594
