Duration[s]: 3600.92 Porcentaje: 0.804744 TerminoTodo: 0
Convexos: 11 VerticesConvexos: 83
0 1 21 22 62
9 10 11 12 13
6 7 8 9 13 14
3 4 5 6 14 15 16 17 18
1 2 3 18 19 20 21
23 24 25 26 27 28 29
44 45 46 47 48
41 42 43 44 48 49
32 33 34 35 36 37 38 39 40 41 49 50 51 52
31 32 52 53 54 55 56 57 58
22 23 29 30 31 58 59 60 61 62
0 18.4118 123.118
1 114 54
2 155 51
3 250 61
4 323 26
5 353 29
6 409 49
7 448 28
8 476 33
9 478 63
10 598 89
11 569 128
12 528 137
13 473 107
14 426 143
15 424 154
16 398 166
17 352 149
18 276 100
19 263 124
20 255 137
21 213 116
22 75 166
23 140 192
24 183 158
25 231 166
26 248 201
27 229 222
28 216 231
29 185 238
30 231 291
31 233 306
32 341 311
33 303 241
34 282 200
35 299 176
36 317 162
37 479 186
38 502 190
39 516 196
40 557 216
41 555 281
42 622 247
43 618 404
44 563 425
45 633 455
46 599 475
47 533 455
48 499 434
49 496 359
50 457 374
51 418 365
52 359 332
53 422 478
54 422 479
55 233.727 479
56 165 443
57 159 423
58 181 386
59 144 348
60 116 318
61 81 276
62 13 161
