Duration[s]: 3600.04 Porcentaje: 0.500879 TerminoTodo: 0
Convexos: 3 VerticesConvexos: 36
0 1 2 3 4 24 25 26 27 28 29 30 31
6 7 8 9 10 11 12 13 14
4 5 6 14 15 16 17 18 19 20 21 22 23 24
0 50 370
1 53 351
2 85 161
3 133 150
4 263 214
5 231 152
6 224 135
7 214 167
8 179 163
9 74 114
10 57 102
11 63.1838 49.4373
12 159 54
13 202 70
14 229 98
15 294 54
16 326 48
17 424.714 48
18 585.621 114.256
19 613 267
20 616 288
21 584.936 365.123
22 555 387
23 534 383
24 493 364
25 527 395
26 533 404
27 536 419
28 533.876 433.868
29 462 449
30 125 447
31 51.8847 420.887
