Duration[s]: 3601.08 Porcentaje: 0.800175 TerminoTodo: 0
Convexos: 8 VerticesConvexos: 68
0 1 2 43 51 52 53
43 44 45 46 47 48 49 50 51
22 23 24 25 26 27 28 29 30
20 21 22 30 31
15 16 17 18 19 20 31
9 10 11 12 13 14 15 31 32
34 35 36 37 38 39 40 41 42
2 3 4 5 6 7 8 9 32 33 34 42 43
0 13 112
1 47 92
2 150 102
3 144 62
4 167 30
5 257 12
6 324 41
7 362 64
8 378 82
9 392 138
10 453 68
11 485 55
12 509 47
13 521 49
14 523 62
15 526 208
16 564 171
17 577 167
18 590 193
19 579 260
20 535 281
21 550 325
22 495 348
23 584 417
24 585 445
25 571 455
26 535 451
27 495 434
28 439 380
29 417 357
30 412 337
31 461 301
32 387 271
33 354 315
34 336 337
35 391 391
36 387 410
37 324 439
38 290 429
39 273 397
40 271 386
41 272 354
42 288 346
43 235 303
44 241 336
45 243 353
46 247 405
47 226 432
48 168 434
49 68 350
50 75 328
51 117 298
52 51 264
53 41 236
