Duration[s]: 3600.59 Porcentaje: 0.601846 TerminoTodo: 0
Convexos: 4 VerticesConvexos: 44
0 1 2 3 4 5 34 35 36 37
19 20 21 22 23 24 25 26 27 28 29 30
14 15 16 17 18 19 30 31 32 33
5 6 7 8 9 10 11 12 13 14 33 34
0 66.7789 93.5904
1 168.047 21.0777
2 323 17
3 418 41
4 453 75
5 443 115
6 478 83
7 489 75
8 499 70
9 554.157 117.587
10 576 324
11 576 334
12 569.018 438.737
13 554 450
14 526 453
15 491 479
16 440 479
17 349 473
18 315 459
19 272 426
20 206 438
21 170 441
22 78 413
23 68 376
24 80 316
25 86 302
26 99 281
27 127 270
28 169 270
29 215 284
30 260 323
31 298 277
32 353 291
33 424 329
34 369 218
35 307 251
36 76 261
37 37 227
