Duration[s]: 3600.03 Porcentaje: 0.707488 TerminoTodo: 0
Convexos: 6 VerticesConvexos: 55
0 1 2 3 4 33 34 41 42 43 44
5 6 7 8 9 10 11
12 13 14 15 16 17 18 19 20 21 22 23
12 23 24 25 26 27 28 29 30 31 32
4 5 11 12 32 33
34 35 36 37 38 39 40 41
0 9 257.645
1 49 117
2 77 98
3 111 121
4 157 193
5 218 181
6 181 147
7 260 74
8 317 95
9 352 148
10 312 192
11 260 195
12 393 247
13 369 195
14 364 133
15 367 107
16 377 79
17 417 61
18 516 30
19 579.542 37.0603
20 589 134
21 584 163
22 539 195
23 437 237
24 560 218
25 582 233
26 613 272.857
27 613 333.333
28 487.357 417.095
29 270 400
30 227 387
31 223 375
32 230 297
33 164 233
34 160 326
35 169 326
36 196 330
37 214 343
38 212 416
39 176 447
40 138 425
41 138 388
42 106 373
43 65 351
44 9 300.744
