Duration[s]: 3600.4 Porcentaje: 0.800349 TerminoTodo: 0
Convexos: 7 VerticesConvexos: 64
0 1 2 44 45 46 47 48 49 50 51
14 15 16 17 18 19 20 21 22 23
24 25 26 27 28 29 30 31 32 33 34 35 36 37 38 39 40
13 14 23 24 40 41
7 8 9 10 11 12 13 41 42
4 5 6 7 42
2 3 4 42 43 44
0 78 334
1 88 270
2 120 254
3 112 190
4 167 164
5 178.753 20.8247
6 328 28
7 343 77
8 392 44
9 481 17
10 507 15
11 572.011 15
12 556 132
13 504 154
14 521 201
15 559 204
16 574 228
17 606 285
18 606 393.571
19 554 401
20 542 398
21 538 393
22 497 334
23 473 237
24 411 261
25 454 300
26 504 367
27 505 378
28 505 389
29 484 406
30 464 415
31 440.667 420
32 416 420
33 375 413
34 336 397
35 297 363
36 276 332
37 266 299
38 262 262
39 278 230
40 311 201
41 346 187
42 303 123
43 286 167
44 203 236
45 217 255
46 229 277
47 247 343
48 242 377
49 236 385
50 221 391
51 131.822 383.073
