Duration[s]: 3601.09 Porcentaje: 0.801523 TerminoTodo: 0
Convexos: 6 VerticesConvexos: 51
0 1 2 3 4 39 40
18 19 20 21
15 16 17 18 21 22 23 24 25
25 26 27 28 29 30
6 7 8 9 10 11 12 13 14 15 25 30 31
4 5 6 31 32 33 34 35 36 37 38 39
0 52.5542 202.206
1 57 196
2 78 204
3 105 259
4 124 305
5 142 296
6 165 298
7 131 269
8 101 158
9 101 144
10 105 129
11 128.829 102.193
12 195 76
13 238 68
14 265 91
15 296 142
16 350 76
17 394 70
18 451 120
19 515.13 68.958
20 596 189
21 549 223
22 565 316
23 569 395
24 483 421
25 412 362
26 418 471
27 377 479
28 355 466
29 343 433
30 342 411
31 310 396
32 267 426
33 216 437
34 211 438
35 191 438
36 169 434
37 96.7707 417.232
38 76 393
39 91 354
40 48 332
