Duration[s]: 3603.11 Porcentaje: 0.708641 TerminoTodo: 0
Convexos: 12 VerticesConvexos: 79
0 1 2 3 25 26 27 47 48 53 54 55 56
12 13 14 15 16
10 11 12 16 17 18
8 9 10 18 19 20 21 22 23
5 6 7 8 23
3 4 5 23 24 25
48 49 50 51 52 53
34 35 36 37 38 39 40 41
32 33 34
31 32 34 41 42
27 28 29 30 31 42 43
27 43 44 45 46 47
0 41 137.273
1 128 74
2 180 52
3 320 17
4 459.143 17
5 562 35
6 600 64
7 602 82
8 603 174
9 614 198
10 627 247
11 627 332
12 594 348
13 606 386
14 609 423
15 583 395
16 575 324
17 581 296
18 607 263
19 588 253
20 574 230
21 574 215
22 575 189
23 586 145
24 432 165
25 387 149
26 365 216
27 351 258
28 498 168
29 539 153
30 577 156
31 567 203
32 578 258
33 597 274
34 563 297
35 568 315
36 578 404
37 578 421
38 548 433
39 504 428
40 469 400
41 486 364
42 412 352
43 374 383
44 380 424
45 347 445
46 260 444
47 256 343
48 210 356
49 208 447
50 163 446
51 116 389
52 121 379
53 168 356
54 93 301
55 57 273
56 41 241
