Duration[s]: 3601.21 Porcentaje: 0.700594 TerminoTodo: 0
Convexos: 13 VerticesConvexos: 100
0 1 27 28 73 74 75
9 10 11 12 13 14 15 16 17 18 19 20 21
8 9 21 22 23 24
3 4 5 6 7 8 24
1 2 3 24 25 26 27
38 39 40 41 42 43 44 45
35 36 37 38 45 46 47 48
31 32 33 34 35 48
29 30 31 48 49
50 51 52 53 54 55 56 57
58 59 60 61 62 63 64 65 66
50 57 58 66 67
28 29 49 50 67 68 69 70 71 72 73
0 0 323
1 16 266
2 0 152
3 17 89
4 9 37
5 30 15
6 72 0
7 104 16
8 144 53
9 191 41
10 205 19
11 247 12
12 291 10
13 450 8
14 574 19
15 595 34
16 598 60
17 589 74
18 524 84
19 359 83
20 310 75
21 219 55
22 193 82
23 138 104
24 49 89
25 62 124
26 77 257
27 64 281
28 166 406
29 133 332
30 104 284
31 110 197
32 88 159
33 98 118
34 145 128
35 180 160
36 254 96
37 317 111
38 390 146
39 447 118
40 485 106
41 562 103
42 606 116
43 598 133
44 561 158
45 364 184
46 344 198
47 280 203
48 155 189
49 152 222
50 222 273
51 281 221
52 444 197
53 486 191
54 553 185
55 605 183
56 550 211
57 369 260
58 436 265
59 598 255
60 632 289
61 612 395
62 560 415
63 507 431
64 392 443
65 404 358
66 412 326
67 316 386
68 334 414
69 336 433
70 300 455
71 284 459
72 283.132 459.109
73 196 468
74 42.6402 454.797
75 10 391
