Duration[s]: 3601.03 Porcentaje: 0.901036 TerminoTodo: 0
Convexos: 9 VerticesConvexos: 82
0 1 56 57 58 64 65
13 14 15 16 17 18 19 20 21 22
9 10 11 12 13 22 23 24 25 26 27 28
6 7 8 9 28 29 30
41 42 43 44 45 46 47 48
32 33 34 35 36 37 38 39 40 41 48 49
30 31 32 49 50 51 52 53 54 55 56
1 2 3 4 5 6 30 56
58 59 60 61 62 63 64
0 40 94
1 103 77
2 158.862 41
3 196 41
4 305 55
5 333 67
6 347 76
7 434 71
8 500.99 78.4433
9 512 139
10 544 169
11 581 225
12 584 246
13 590 320
14 601 333
15 617 355
16 630 383.364
17 630 395.333
18 606.421 414.982
19 558 417
20 522 408
21 507 363
22 524 343
23 487 328
24 381 266
25 372 236
26 372 213
27 376 197
28 380 183
29 312 148
30 273 102
31 331 315
32 332 326
33 459 328
34 500 351
35 503 370
36 504 377
37 505 391
38 476 419
39 463 430
40 451 437
41 381 416
42 337 459
43 316 466
44 184.412 394.606
45 181 373
46 183 356
47 204 351
48 244 364
49 261 337
50 245 326
51 225 308
52 218 293
53 202 165
54 201 153
55 200 136
56 200 94
57 163 158
58 144 181
59 156 203
60 153 245
61 147 301
62 134 305
63 65.4278 287.171
64 63 150
65 34 120
