Duration[s]: 3601.26 Porcentaje: 0.900682 TerminoTodo: 0
Convexos: 7 VerticesConvexos: 78
0 1 2 3 4 5 6 7 8 9 23 24 65
9 10 11 12 13 14 15 16 17 18 19 20 21 22 23
31 32 33 34 35 36 37 38 39 40
30 31 40 41 42 43 44 45 46 47 48 49 50 51
52 53 54 55 56 57 58 59
25 26 27 28 29 30 51 52 59 60
24 25 60 61 62 63 64 65
0 69.0837 127.582
1 157.103 9
2 182 9
3 204 11
4 223 21
5 228 27
6 236 37
7 237 50
8 236 65
9 204 127
10 221 108
11 241 96
12 267 90
13 295 90
14 311 95
15 326 107
16 329 128
17 329 141
18 328 152
19 325 162
20 314 172
21 309 175
22 287 182
23 141 203
24 121 221
25 157 282
26 179 225
27 201 214
28 233 204
29 260 206
30 312 226
31 348 217
32 354 185
33 418 81
34 450 72
35 464 75
36 474 78
37 519 103
38 519 113
39 517 130
40 485 183
41 520 204
42 526 209
43 528 246
44 523.244 298.32
45 478.821 351.381
46 434 393
47 419 398
48 391 407
49 387 406
50 371 393
51 306 337
52 298 362
53 326 389
54 339 405
55 344 419
56 320 432
57 270 443
58 222 433
59 233 373
60 180 338
61 179 361
62 167 433
63 145.611 440.549
64 52.3967 399.535
65 49 228
