Duration[s]: 3600.86 Porcentaje: 0.902771 TerminoTodo: 0
Convexos: 14 VerticesConvexos: 96
0 1 11 12 67 68 69
4 5 6 7 8 9 10
1 2 3 4 10 11
18 19 20 21 22 23
24 25 26 27 28 29
14 15 16 17 18 23 24 29
36 37 38 39 40
34 35 36 40 41 42 43
43 44 45 46 47 48 49 50
30 31 32 33 34 43 50 51 52
14 29 30 52 53
54 55 56 57 58 59
60 61 62 63 64 65 66 67
12 13 14 53 54 59 60 67
0 76 187
1 126 151
2 103 127
3 88.4167 83.25
4 190 89
5 207 74
6 255 34
7 278 40
8 334 89
9 319 129
10 226 153
11 170 186
12 181 198
13 264 213
14 349 241
15 302 183
16 340 127
17 355 108
18 384 101
19 452 54
20 496 58
21 498 81
22 485 104
23 462 124
24 497 147
25 523 110
26 540 99
27 571 113
28 539 180
29 479 193
30 481 234
31 542 244
32 544 273
33 527 310
34 506 336
35 542 349
36 547 351
37 591 275
38 624 327
39 603 357
40 562 371
41 537.322 394.136
42 403 421
43 334 391
44 326 432
45 302.6 445
46 266.182 445
47 243 428
48 242 419
49 243 401
50 260 398
51 277 374
52 288 365
53 298 337
54 243 367
55 260 379
56 255 395
57 206 399
58 199 395
59 196 367
60 168 324
61 161 344
62 146 363
63 117 351
64 113 331
65 115 297
66 118 275
67 131 265
68 94 240
69 79 204
