Duration[s]: 3603.16 Porcentaje: 0.800915 TerminoTodo: 0
Convexos: 7 VerticesConvexos: 59
0 1 30 31 46
7 8 9 10 11 12 13
7 13 14 15 16 17 18 19 20 21 22 23
24 25 26 27 28 29
1 2 3 4 5 6 7 23 24 29 30
33 34 35 36 37 38 39 40 41 42 43
31 32 33 43 44 45 46
0 92 321
1 106.254 147.355
2 158 101
3 227.073 51.1142
4 279 33
5 406 33
6 429 41
7 441 95
8 549 70
9 565 71
10 582 79
11 593 116
12 587 136
13 506 148
14 537 209
15 552 241
16 553 266
17 536 302
18 524 310
19 498 314
20 478 313
21 457 306
22 447 299
23 359 222
24 333 241
25 361 274
26 337 299
27 295 307
28 233 262
29 303 245
30 177 240
31 228 308
32 390 316
33 445 365
34 566 366
35 585 384
36 590 400
37 579.619 431.142
38 431 460
39 410 461
40 352 456
41 296 428
42 268 411
43 238 386
44 213 385
45 116 374
46 92 365.661
