Duration[s]: 3601.5 Porcentaje: 0.801377 TerminoTodo: 0
Convexos: 7 VerticesConvexos: 62
0 1 44 45 46 47 48 49
31 32 33 34 35 36 37 38 39 40 41 42 43
11 12 13 14 15 16 17 18
10 11 18 19 20 21 22 23 24 25 26 27 28 29
8 9 10 29 30
6 7 8 30 31 43
1 2 3 4 5 6 43 44
0 31 361
1 68 262
2 50 228
3 76 117
4 112 72
5 162 46
6 229 130
7 280 154
8 287 167
9 391 133
10 385 246
11 436 187
12 440 150
13 452 119
14 499 86
15 550 67
16 580.804 85.7504
17 614 158
18 581 214
19 596 229
20 604 254
21 604 352
22 601.802 390.458
23 568.255 408.218
24 498 417
25 476 415
26 451 404
27 427 390
28 399 366
29 363 277
30 326 267
31 285 289
32 343 390
33 344 414
34 328 424
35 262 435
36 228 424
37 208 405
38 181 373
39 164 350
40 161 330
41 160 311
42 160 294
43 175 211
44 108 243
45 148 385
46 132 411
47 109 424
48 74 414
49 45 393
