Duration[s]: 3601.37 Porcentaje: 0.700568 TerminoTodo: 0
Convexos: 3 VerticesConvexos: 38
0 1 2 18 19 30 31 32 33
2 3 4 5 6 7 8 9 10 11 12 13 14 15 16 17 18
19 20 21 22 23 24 25 26 27 28 29 30
0 49 228
1 69.4649 125.675
2 96 114
3 145.383 23.6392
4 172 9
5 200.2 9
6 223 21
7 326 107
8 329 128
9 329 141
10 328 152
11 325 162
12 314 172
13 309 175
14 287 182
15 265 185
16 258 184
17 241 179
18 218 170
19 335 230
20 354 185
21 418 81
22 450 72
23 471.488 76.6047
24 520.31 103.728
25 528 246
26 523.244 298.32
27 485 344
28 437.04 391.96
29 320 432
30 270 443
31 141.443 438.715
32 57.3219 401.702
33 51 329
