Duration[s]: 3600.08 Porcentaje: 0.506546 TerminoTodo: 0
Convexos: 4 VerticesConvexos: 36
0 1 2 22 23 24 25 26 27 28 29
15 16 17 18 19 20 21
7 8 9 10 11 12 13 14 15
2 3 4 5 6 7 15 21 22
0 25 338
1 27 301
2 37 278
3 46 259
4 109 203
5 122 195
6 288 144
7 334 134
8 86 157
9 58 149
10 30 109
11 50 83
12 167 42
13 314 36
14 335 40
15 400 127
16 460 55
17 588.716 104.863
18 598 371
19 598 407.75
20 463 428
21 367 404
22 190 340
23 307 409
24 316 440
25 316 452
26 308 460
27 298 465
28 187.286 465
29 48.6153 398.514
