Duration[s]: 3602.15 Porcentaje: 0.604275 TerminoTodo: 0
Convexos: 9 VerticesConvexos: 69
0 31 32 33 39 50 51 52
1 2 3 4 5 6
10 11 12 13 14 15 16 17
7 8 9 10 17 18 19 20 21
22 23 24 25 26 27 28 29 30
0 1 6 7 21 22 30 31
33 34 35 36 37 38 39
42 43 44 45 46
39 40 41 42 46 47 48 49 50
0 36 297
1 78 147
2 66 109
3 138 9
4 175 16
5 192 55
6 146 98
7 221 138
8 220 44
9 297 30
10 467 13
11 526.64 33.3317
12 552 62
13 571 88
14 570 126
15 559 155
16 503 177
17 475 65
18 443 167
19 387 217
20 315 217
21 256 211
22 269 250
23 541 198
24 556 198
25 547 234
26 497 252
27 432 272
28 376 282
29 292 285
30 251 283
31 155 290
32 183 309
33 213 332
34 577 248
35 561 262
36 491 302
37 424 320
38 292 349
39 224 356
40 445 339
41 495 341
42 532 346
43 560 320
44 599 338
45 602 420
46 521 423
47 434 465
48 191 474
49 124 446
50 135 414
51 52 462
52 0 406
