Duration[s]: 3600.72 Porcentaje: 0.600108 TerminoTodo: 0
Convexos: 6 VerticesConvexos: 58
0 1 2 3 4 5 6 7 8 9 10 45 46 47
14 15 16 17 18 19 20
23 24 25 26 27 28 29 30
22 23 30 31 32 33 34 35
12 13 14 20 21 22 35 36 37 38 39
10 11 12 39 40 41 42 43 44 45
0 0 94
1 9 25
2 61 2
3 98 14
4 150 47
5 155 52
6 180 117
7 203 196
8 197 223
9 187 239
10 152 283
11 251 288
12 305 313
13 261 200
14 266 178
15 207 129
16 189 22
17 259.769 2
18 267 2
19 300 79
20 294 129
21 475 200
22 494 255
23 475 163
24 378 158
25 358 137
26 358 97
27 379 86
28 394 81
29 518.332 63.0877
30 531 108
31 571.583 112.348
32 593 228
33 593 452.515
34 556 457
35 540 444
36 495.13 468
37 470 468
38 454 458
39 403 419
40 400 460
41 373 463
42 357 464
43 209.109 462.854
44 90.8 450.4
45 68 382
46 39 366
47 0 337
