Duration[s]: 3603.95 Porcentaje: 0.70225 TerminoTodo: 0
Convexos: 7 VerticesConvexos: 58
0 1 42 43 44 45
5 6 7
11 12 13 14 15 16 17 18 19 20 21 22
33 34 35 36 37 38 39 40 41
11 22 23 24 25 26 27 28 29 30 31 32 33 41 42
3 4 5 7 8 9 10 11 42
1 2 3 42
0 31 376
1 87 349
2 62 248
3 108 246
4 85 178
5 70 113
6 27 94
7 88 94
8 180 54
9 236 69
10 253 76
11 280 150
12 326 65
13 347 52
14 403 40
15 435 37
16 525.473 40.1198
17 594 105.792
18 594 199
19 592 216
20 586 222
21 581 223
22 428 207
23 462 225
24 468 229
25 524 270
26 555 297
27 572 325
28 573 349
29 570 459
30 541 471
31 492 474
32 427 449
33 354 408
34 356 450
35 302 476
36 251 473
37 224 455
38 203 440
39 199 429
40 202 395
41 266 344
42 241 320
43 160 383
44 92 414
45 23 421
