Duration[s]: 3601.28 Porcentaje: 0.901328 TerminoTodo: 0
Convexos: 13 VerticesConvexos: 83
0 1 2 53 54 58
15 16 17 18 19 20
14 15 20 21 22 23
13 14 23 24
11 12 13 24 25 26 27
10 11 27 28 29 30 31 32
37 38 39 40 41 42 43 44
45 46 47 48 49
44 45 49 50 51
36 37 44 51
9 10 32 33 34 35 36 51 52
2 3 4 5 6 7 8 9 52 53
54 55 56 57 58
0 111 98
1 130 91
2 181 133
3 212 75
4 294 84
5 355 104
6 387 146
7 383 168
8 354 242
9 330 258
10 385 307
11 424 296
12 391 216
13 478 249
14 500 225
15 451 160
16 429 198
17 403 165
18 365 92
19 355 52
20 386 44
21 516 53
22 573 238
23 571 267
24 540 296
25 580 365
26 579 376
27 549 412
28 560 461
29 520 468
30 500 462
31 480 448
32 423 407
33 396 442
34 367 451
35 342 450
36 284 378
37 247 378
38 240 410
39 229 429
40 204 431
41 123.904 402.896
42 115 380
43 116 364
44 230 316
45 165 278
46 143 298
47 122 308
48 100 216
49 175 256
50 203 249
51 233 251
52 221 215
53 154 186
54 60 152
55 65 191
56 63 211
57 53 200
58 30 136
