Duration[s]: 3604.84 Porcentaje: 0.902048 TerminoTodo: 0
Convexos: 12 VerticesConvexos: 99
0 1 72 73 74 75 76
2 3 4 5
7 8 9 10 11 12 13 14 15
16 17 18 19 20 21 22 23 24 25
7 15 16 25 26 27 28
49 50 51 52 53 54 55 56 57 58 59 60 61 62 63 64 65
47 48 49 65 66
39 40 41 42 43 44 45 46 47 66 67
30 31 32 33 34 35 36 37 38 39 67
29 30 67 68
6 7 28 29 68 69
1 2 5 6 69 70 71 72
0 119 392
1 158 337
2 113 313
3 96 354
4 36 338
5 108 260
6 160 241
7 107 183
8 95 227
9 68 219
10 67 171
11 67 153
12 71 91
13 75 81
14 112 87
15 114 104
16 148 82
17 88 46
18 62 23
19 182 30
20 264 36
21 289 45
22 290 55
23 285 60
24 268 67
25 213 78
26 214 101
27 213 104
28 181 145
29 221 176
30 278 186
31 219 156
32 208 140
33 208 122
34 237 98
35 254 85
36 287 81
37 296 81
38 310 85
39 341 136
40 360 88
41 368 82
42 391 78
43 478 73
44 504 75
45 504.694 75.1127
46 505 76
47 524 171
48 544 189
49 554 276
50 567 292
51 582 326
52 588 449
53 559 470
54 526 479
55 477 476
56 406 463
57 390 458
58 383 453
59 352 422
60 304 367
61 296 355
62 289 334
63 291 317
64 311 302
65 357 270
66 357 228
67 339 207
68 244 225
69 203 245
70 233 279
71 239 293
72 203 327
73 230 353
74 299 440
75 292 474
76 226 474
