Duration[s]: 3601.63 Porcentaje: 0.602287 TerminoTodo: 0
Convexos: 7 VerticesConvexos: 66
0 1 19 20 21 22 50 51 52 53
10 11 12 13 14 15 16 17 18 19
1 2 3 4 5 6 7 8 9 10 19
22 23 24 25 26 27
28 29 30 31 32 33 34 35 36
28 36 37 38 39 40 41 42 43
22 27 28 43 44 45 46 47 48 49 50
0 66 293
1 119 235
2 60 164
3 59 129
4 63.6004 91.0469
5 213.258 29.4233
6 258 24
7 313 22
8 338 23
9 348 51
10 331 84
11 394 53
12 566 7
13 585.564 7
14 590 33
15 587 56
16 576 86
17 493 146
18 370 207
19 256 200
20 286 254
21 309 326
22 303 356
23 339 241
24 389 230
25 411 253
26 414 319
27 404 349
28 477 359
29 447 265
30 446 216
31 478 189
32 552 128
33 575 116
34 588 133
35 583 161
36 532 261
37 626 244
38 631 277
39 633 298
40 626 397
41 621 421
42 594 422
43 531 409
44 517 432
45 478 445
46 432 446
47 317 444
48 301 443
49 279 431
50 245 387
51 127 433
52 79.3585 413.943
53 64 319
