Duration[s]: 3605.55 Porcentaje: 0.900842 TerminoTodo: 0
Convexos: 17 VerticesConvexos: 112
0 1 2 3 4 31 32 76 77 78 79
14 15 16 17 18
12 13 14 18 19 20
10 11 12 20 21 22 23 24 25
7 8 9 10 25
6 7 25 26
4 5 6 26 27 28 29 30 31
44 45 46 47 48 49 50
43 44 50 51
43 51 52 53
43 53 54 55 56 57 58 59 60
39 40 41 42 43 60 61
62 63 64 65 66 67
38 39 61 62 67 68
70 71 72 73 74
69 70 74 75
32 33 34 35 36 37 38 68 69 75 76
0 41 165
1 51 130
2 128 74
3 180 52
4 305.29 20.6774
5 396 17
6 482 21
7 562 35
8 600 64
9 602 82
10 603 174
11 614 198
12 627 247
13 627 332
14 594 348
15 606 386
16 609 423
17 583 395
18 575 324
19 581 296
20 607 263
21 588 253
22 574 230
23 574 215
24 575 189
25 586 145
26 556 118
27 453 162
28 432 165
29 387 149
30 350 134
31 294 99
32 270 160
33 329 170
34 349 175
35 359 183
36 366 198
37 365 216
38 351 258
39 365 265
40 419 242
41 431 238
42 469 252
43 537 282
44 477 207
45 482 187
46 498 168
47 539 153
48 577 156
49 567 203
50 546 222
51 578 258
52 597 274
53 563 297
54 568 315
55 578 404
56 578 421
57 548 433
58 504 428
59 469 400
60 486 364
61 412 352
62 374 383
63 380 424
64 347 445
65 260 444
66 259 405
67 270 394
68 256 343
69 210 356
70 164 398
71 208 447
72 163 446
73 116 389
74 121 379
75 168 356
76 138 317
77 93 301
78 57 273
79 43 245
