Duration[s]: 3600.18 Porcentaje: 0.609039 TerminoTodo: 0
Convexos: 3 VerticesConvexos: 33
0 1 2 14 15 25 26 27 28
2 3 4 5 6 7 8 9 10 11 12 13 14
15 16 17 18 19 20 21 22 23 24 25
0 92 321
1 106.254 147.355
2 158 101
3 227.073 51.1142
4 279 33
5 406 33
6 580.74 74.7618
7 593 116
8 553 266
9 536 302
10 524 310
11 498 314
12 478 313
13 457 306
14 333 241
15 445 365
16 566 366
17 585 384
18 590 400
19 579.619 431.142
20 431 460
21 410 461
22 352 456
23 296 428
24 268 411
25 238 386
26 213 385
27 116 374
28 92 365.661
