Duration[s]: 3608.37 Porcentaje: 0.900707 TerminoTodo: 0
Convexos: 16 VerticesConvexos: 121
0 83 84 85 86 87 88 89 90
2 3 4 5 6
16 17 18 19 20 21 22
14 15 16 22 23 24 25
50 51 52 53 54 55
41 42 43 44 45 46 47
38 39 40 41 47 48
37 38 48 49 50 55 56
32 33 34 35 36 37 56 57
57 58 59 60 61 62
14 25 26 27 28 29 30 31 32 57 62 63
13 14 63 64
7 8 9 10 11 12 13 64 65
2 6 7 65 66
69 70 71 72 73 74 75 76 77 78 79 80 81 82
0 1 2 66 67 68 69 82 83
0 46 371
1 47 347
2 79 299
3 48 255
4 49.2106 109.726
5 63 118
6 68 146
7 94 152
8 93 100
9 120 83
10 160.22 60.8791
11 204 70
12 212 83
13 225 146
14 321 158
15 287 107
16 277 88
17 256 110
18 247 115
19 239 103
20 238 81
21 242 74
22 315 48
23 334 46
24 353 56
25 359 91
26 399 62
27 417 52
28 474 51
29 490 51
30 493 59
31 481 84
32 464 118
33 522 109
34 546 129
35 545 164
36 536 192
37 516 236
38 540 274
39 600 331
40 601 357
41 603 426
42 616 455
43 616 467
44 612 467
45 589 462
46 552 449
47 543 417
48 513 385
49 468 440
50 446 453
51 404 451
52 375 424
53 313 342
54 399 264
55 405 283
56 427 251
57 375 200
58 365 222
59 311 261
60 294 241
61 303 211
62 334 185
63 324 176
64 221 194
65 210 225
66 242 260
67 268 273
68 256 309
69 234 340
70 282 369
71 303 388
72 307 422
73 305 430
74 301 441
75 298 444
76 289 450
77 253 452
78 213.327 453.526
79 184 438
80 176 409
81 176 391
82 177 375
83 121 374
84 146 377
85 144 387
86 132 404
87 121 411
88 114 413
89 95 413
90 49.1034 400.483
