Duration[s]: 3602.13 Porcentaje: 0.800766 TerminoTodo: 0
Convexos: 8 VerticesConvexos: 65
0 1 2 45 46 47 48 49 50
20 21 22 23 24 25 26
14 15 16 17 18 19 20 26 27
14 27 28 29 30 31 32 33 34 35 36 37
13 14 37 38 39 40 41 42 43
7 8 9 10 11 12 13
6 7 13 43 44
2 3 4 5 6 44 45
0 9 278
1 18 226
2 62 216
3 49 117
4 77 98
5 111 121
6 167 207
7 218 181
8 181 147
9 260 74
10 317 95
11 352 148
12 312 192
13 260 195
14 393 247
15 369 195
16 364 133
17 367 107
18 377 79
19 417 61
20 497 114
21 516 30
22 561 35
23 585 93
24 589 134
25 584 163
26 539 195
27 437 237
28 560 218
29 582 233
30 610 269
31 613 297
32 611 302
33 576 358
34 510 402
35 448 414
36 378 386
37 367 305
38 317 387
39 291 399
40 270 400
41 227 387
42 223 375
43 230 297
44 171 234
45 122 258
46 214 343
47 212 416
48 176 447
49 138 425
50 26 316
