Duration[s]: 3601.98 Porcentaje: 0.801419 TerminoTodo: 0
Convexos: 10 VerticesConvexos: 81
0 1 2 3 4 53 54 55 56 57 58 59 60 61 62
9 10 11 12 13 14 15 16 17 18 19 20 21 22 23
7 8 9 23 24
7 24 25 26
33 34 35 36
32 33 36 37 38 39 40
44 45 46 47 48 49 50 51 52
31 32 40 41 42 43 44 52
27 28 29 30 31 52
4 5 6 7 26 27 52 53
0 59 329
1 67 318
2 78 310
3 119 286
4 183 278
5 124 262
6 85 248
7 90 233
8 52 177
9 66 122
10 40 113
11 31 105
12 29 94
13 65.0981 44.3651
14 127 36
15 179 55
16 200 68
17 227 90
18 245 116
19 236 140
20 231 148
21 197 152
22 173 149
23 105 134
24 105 186
25 186 201
26 247 218
27 309 234
28 275 143
29 275 116
30 388 128
31 431 180
32 468 142
33 367 96
34 269 92
35 272 52
36 399 56
37 418 44
38 460.102 42.0622
39 544 93
40 542 135
41 560 173
42 570 198
43 529 236
44 473 271
45 547 277
46 578 292
47 580 346
48 566 421
49 475 443
50 400 418
51 365 341
52 379 303
53 316 312
54 341 356
55 361 393
56 350 406
57 314 423
58 291 430
59 257 433
60 125 429
61 115.222 424.111
62 67.5008 382.839
