Duration[s]: 3600.76 Porcentaje: 0.709752 TerminoTodo: 0
Convexos: 7 VerticesConvexos: 49
0 31 32 36
2 3 4 5 6 7 8
8 9 10 11 12 13 14 15 16 17
19 20 21 22 23 24 25 26 27 28
17 18 19 28 29 30
0 1 2 8 17 30 31
32 33 34 35 36
0 82 257
1 72 226
2 41 114
3 42 72
4 147.857 34
5 444.45 34
6 540 55
7 512 87
8 441 95
9 526 138
10 582 186
11 571.533 272.723
12 523 304
13 513 298
14 413 211
15 404 200
16 396 162
17 395 135
18 391 263
19 319 311
20 453 294
21 469 298
22 492 311
23 506 327
24 508.534 372.606
25 420.865 413.233
26 338 417
27 249 393
28 151 334
29 142 322
30 145 272
31 109 269
32 118 341
33 216 441
34 175 451
35 66.0298 402.569
36 44 330
