Duration[s]: 460.473 Porcentaje: 0.402789 TerminoTodo: 1
Convexos: 5 VerticesConvexos: 37
0 1 2 10 11 12 13 27 28
2 3 4 5 6 7 8 9 10
15 16 17 18 19 20
15 20 21 22 23 24 25 26
13 14 15 26 27
0 76.7577 9.00264
1 444 5
2 502 48
3 569 22
4 596.636 22
5 598 67
6 593 157
7 591 178
8 583 192
9 527 186
10 495 83
11 449 117
12 404 135
13 171 215
14 239 228
15 348 300
16 313 254
17 420 170
18 500 192
19 586 254
20 585 316
21 595 350
22 554.221 412.738
23 347 479
24 293 479
25 36.7065 457.778
26 20 411
27 14 204
28 0 38
