Duration[s]: 3602.64 Porcentaje: 0.700354 TerminoTodo: 0
Convexos: 5 VerticesConvexos: 49
0 1 2 3 4 37 38 39 40
5 6 7 8 9 10 11
12 13 14 15 16 17 18 19 20 21 22 23 24
12 24 25 26 27 28 29 30 31 32 33 34
4 5 11 12 34 35 36 37
0 9 257.645
1 49 117
2 77 98
3 111 121
4 167 207
5 218 181
6 181 147
7 260 74
8 317 95
9 352 148
10 312 192
11 260 195
12 393 247
13 369 195
14 364 133
15 367 107
16 377 79
17 417 61
18 516 30
19 561 35
20 585 93
21 589 134
22 584 163
23 539 195
24 437 237
25 560 218
26 582 233
27 610 269
28 613 297
29 611 302
30 576 358
31 510 402
32 448 414
33 378 386
34 367 305
35 317 387
36 291 399
37 212 416
38 176 447
39 138 425
40 9 299.455
