Duration[s]: 3600.78 Porcentaje: 0.700008 TerminoTodo: 0
Convexos: 5 VerticesConvexos: 41
0 1 29 30 31 32
18 19 20 21 22 23 24
10 11 12 13 14 15 16 17 18 24 25 26 27
4 5 6 7 8 9 10 27 28
1 2 3 4 28 29
0 0 274
1 12 240
2 0 188
3 -0 177.132
4 127.89 24
5 431.667 24
6 511.625 71.9748
7 513 171
8 484 184
9 455 196
10 282 229
11 424 228
12 453 245
13 518 306
14 582 416.933
15 582 479
16 473 479
17 429 471
18 352 450
19 299 468
20 131.239 428.898
21 104 391
22 112 366
23 144 351
24 198 362
25 187 338
26 176 284
27 176 244
28 141 166
29 34 253
30 96 297
31 56 340
32 0 303.833
