Duration[s]: 3603.29 Porcentaje: 0.700765 TerminoTodo: 0
Convexos: 8 VerticesConvexos: 69
0 1 49 50 51 52 53 54
22 23 24 25
19 20 21 22 25 26 27 28
32 33 34 35 36 37 38 39 40
29 30 31 32 40 41 42 43 44 45
10 11 12 13 14 15 16 17 18 19 28 29 45 46
2 3 4 5 6 7 8 9 10 46 47
1 2 47 48 49
0 15 261
1 53 246
2 109 204
3 40 174
4 20 112
5 18.0282 103.993
6 82 49
7 108 39
8 159 40
9 173 45
10 205 85
11 232 52
12 243 49
13 256 46
14 273 43
15 397 42
16 509 79
17 560 109
18 513 177
19 482 198
20 532 255
21 579 324
22 530 400
23 563 419
24 465 420
25 447 378
26 403 334
27 378 303
28 421 232
29 309 238
30 362 311
31 369 323
32 381 346
33 406 369
34 414 386
35 413 399
36 384 413
37 343 419
38 315 406
39 292 375
40 288 359
41 226 336
42 204 313
43 206 284
44 213 270
45 247 225
46 201 191
47 166 211
48 151 253
49 127 293
50 208 375
51 124 400
52 91 386
53 63 363
54 16.4899 296.758
