Duration[s]: 3602.09 Porcentaje: 0.803677 TerminoTodo: 0
Convexos: 7 VerticesConvexos: 64
0 1 2 3 48 49 50 51
4 5 6 7 8 9 10 11 12 13 14 15 16 17 18 19
3 4 19 20
27 28 29 30 31 32 33 34
26 27 34 35 36 37 38 39
25 26 39 40 41 42 43 44 45
3 20 21 22 23 24 25 45 46 47 48
0 52 386
1 69 349
2 92 319
3 140 275
4 120 206
5 70 239
6 61 221
7 60 209
8 55.936 80.3081
9 106.412 43
10 140 43
11 150 44
12 160 50
13 164 53
14 177 64
15 180 70
16 183 77
17 185 102
18 186 133
19 184 145
20 249 228
21 292 237
22 313 242
23 331 247
24 342 269
25 342 281
26 372 236
27 348 201
28 331 219
29 319 224
30 246 187
31 241 157
32 248 128
33 281 112
34 304 106
35 540 57
36 567.422 57
37 595 242
38 600 286
39 570 319
40 596 332
41 614 355
42 600 446
43 575.52 480
44 256.8 480
45 237 469
46 215 452
47 207 442
48 158 380
49 139 457
50 117 456
51 54 441
