Duration[s]: 3603.85 Porcentaje: 0.801237 TerminoTodo: 0
Convexos: 4 VerticesConvexos: 52
0 1 2 3 4 5 6 7 8 9 27 43 44 45
27 28 29 30 31 32 33 34 35 36 37 38 39 40 41 42 43
12 13 14 15 16 17 18 19 20 21 22 23 24 25
9 10 11 12 25 26 27
0 78 246
1 80.953 107.21
2 111 74
3 142.093 55.0741
4 159 52
5 171 52
6 203 57
7 218 60
8 244 68
9 296 88
10 295 41
11 309 30
12 375 57
13 372 34
14 406 14
15 412.5 13
16 453.476 13
17 545.074 38.9939
18 572 56
19 601.813 86.96
20 608 138
21 602 168
22 558 213
23 531 222
24 438 220
25 407 152
26 415 191
27 425 244
28 438 238
29 505 226
30 512 225
31 559 225
32 567 228
33 591 242
34 594 247
35 607 281
36 619 329
37 624 359
38 597 383
39 455.444 436.235
40 389 451
41 291.333 451
42 226 439
43 187.238 423.495
44 130 376
45 78 304.842
