Duration[s]: 3600.18 Porcentaje: 0.701621 TerminoTodo: 0
Convexos: 5 VerticesConvexos: 41
0 1 2 3 31 32
6 7 8 9 10 11 12 13 14 15 16 17 18 19 20 21 22 23
24 25 26 27 28
29 30 31
3 4 5 6 23 24 28 29 31
0 172 51
1 244 44
2 349 68
3 377 155
4 428 156
5 596 200
6 565 208
7 574 228
8 597 289
9 599 295
10 612 412
11 603 443
12 487.444 463
13 261 463
14 223 444
15 204 434
16 182 413
17 168 390
18 165 379
19 165 357
20 170 327
21 189 314
22 221 300
23 316 260
24 137 274
25 126 404
26 48 400
27 78 267
28 125 229
29 178 200
30 104 172
31 247 181
32 29 77
