Duration[s]: 3600.43 Porcentaje: 0.801204 TerminoTodo: 0
Convexos: 14 VerticesConvexos: 93
0 1 62 63 64 65 66
4 5 6 7 8 9 10 11
13 14 15 16 17 18 19 20 21
39 40 41 42 43 44 45
38 39 45 46 47 48
37 38 48 49 50
29 30 31 32 33 34 35
26 27 28 29 35 36
25 26 36 37 50 51 52
12 13 21 22 23 24 25 52 53
54 55 56 57 58 59
12 53 54 59 60
4 11 12 60 61
1 2 3 4 61 62
0 42 427
1 41 381
2 29 306
3 45 222
4 131 203
5 61 163
6 43 115
7 74.4866 10.9572
8 111 14
9 157 36
10 199 109
11 187 175
12 215 204
13 248 155
14 223 99
15 217 66
16 242 45
17 282 23
18 322 8
19 360 14
20 351 35
21 307 102
22 404 53
23 431 65
24 463 91
25 419 148
26 409 230
27 454 238
28 549 282
29 582 317
30 564 342
31 471 408
32 425 415
33 415 410
34 413 380
35 465 346
36 396 324
37 352 351
38 357 409
39 502 422
40 592 353
41 608 353
42 616 367
43 613 401
44 553 451
45 447.222 479
46 210 479
47 188 446
48 225 408
49 252 328
50 302 338
51 311 290
52 326 259
53 236 277
54 161 339
55 168 471
56 135 479
57 128 479
58 111 446
59 125 323
60 172 252
61 124 239
62 65 369
63 104 386
64 80 457
65 67 479
66 50 467
