Duration[s]: 3605.83 Porcentaje: 0.902163 TerminoTodo: 0
Convexos: 13 VerticesConvexos: 103
0 1 2 75 76 77 78
16 17 18 19 20 21
28 29 30 31 32 33 34 35 36 37 38 39
21 22 23 24 25 26 27 28 39 40
11 12 13 14 15 16 21 40 41 42 43
46 47 48 49 50
46 50 51 52 53 54 55 56 57 58 59
59 60 61 62 63 64 65 66
45 46 59 66 67
44 45 67 68 69
6 7 8 9 10 11 43 44 69 70
3 4 5 6 70 71
2 3 71 72 73 74 75
0 0 398
1 28 333
2 79 317
3 90 300
4 68 231
5 72 220
6 122 212
7 104 171
8 84 114
9 122.634 42
10 199.729 42
11 262 91
12 262 60
13 266 53
14 277 49
15 302 52
16 342 67
17 456.859 63.7183
18 465 80
19 465 92
20 457 101
21 402 155
22 478 121
23 495 117
24 535 120
25 575.435 127.448
26 587 166
27 578 178
28 545 204
29 557 224
30 559 231
31 559 320
32 556 333
33 554 336
34 551 340
35 538 340
36 514 334
37 498 326
38 470 283
39 447 235
40 437 233
41 404 306
42 368 297
43 356 285
44 280 308
45 278 351
46 390 375
47 412 326
48 432 313
49 446 338
50 455 365
51 519 361
52 545 368
53 609 407.619
54 609 467
55 537 477
56 480 471
57 396 450
58 379 441
59 353 407
60 346 435
61 333 452
62 319 459
63 188 448
64 158 423
65 197 372
66 224 365
67 206 342
68 196 317
69 206 293
70 148 260
71 138 284
72 191 305
73 166 376
74 149 382
75 89 375
76 74 418
77 45 446
78 11 432
