Duration[s]: 3600.38 Porcentaje: 0.40013 TerminoTodo: 0
Convexos: 5 VerticesConvexos: 40
0 1 2 10 11 29 30 31
2 3 4 5 6 7 8 9 10
12 13 14 15 16 17 18 19 20
20 21 22 23 24 25 26
11 12 20 26 27 28 29
0 -0 25.7143
1 72 0
2 104 16
3 291 10
4 591.274 6.22297
5 606 116
6 598 133
7 561 158
8 344 198
9 280 203
10 198 185
11 246 355
12 278 282
13 253 250
14 281 221
15 444 197
16 486 191
17 553 185
18 605 183
19 550 211
20 369 260
21 598 255
22 632 289
23 612 395
24 522.644 429.368
25 392 443
26 366 331
27 336 433
28 300 455
29 248 468
30 49.3953 468
31 0 371.455
