Duration[s]: 3600.32 Porcentaje: 0.700474 TerminoTodo: 0
Convexos: 13 VerticesConvexos: 87
0 41 42 43 49 60 61 62
1 2 3 4 5 6
8 9 10 11 12 13
21 22 23 24 25
18 19 20 21 25 26
15 16 17 18 26 27
14 15 27 28 29 30
7 8 13 14 30
31 32 33 34 35 36 37 38 39 40
0 1 6 7 30 31 40 41
43 44 45 46 47 48 49
52 53 54 55 56
49 50 51 52 56 57 58 59 60
0 36 297
1 78 147
2 66 109
3 138 9
4 175 16
5 192 55
6 146 98
7 221 138
8 246 93
9 220 44
10 297 30
11 334 42
12 351 105
13 273 129
14 270 174
15 398 146
16 367 53
17 390 29
18 467 13
19 526.64 33.3317
20 552 62
21 571 88
22 570 126
23 559 155
24 503 177
25 541 94
26 475 65
27 443 167
28 387 217
29 315 217
30 256 211
31 269 250
32 541 198
33 556 198
34 547 234
35 497 252
36 432 272
37 376 282
38 292 285
39 251 283
40 216 273
41 155 290
42 183 309
43 213 332
44 577 248
45 561 262
46 491 302
47 424 320
48 292 349
49 224 356
50 445 339
51 495 341
52 532 346
53 560 320
54 599 338
55 602 420
56 521 423
57 434 465
58 191 474
59 124 446
60 135 414
61 52 462
62 0 406
