Duration[s]: 3601.78 Porcentaje: 0.601734 TerminoTodo: 0
Convexos: 5 VerticesConvexos: 48
0 1 2 36 37 38 39
7 8 9 10 11 12 13 14 15
21 22 23 24 25 26 27 28 29
5 6 7 15 16 17 18 19 20 21 29 30
2 3 4 5 30 31 32 33 34 35 36
0 50 370
1 53 351
2 79 295
3 85 161
4 133 150
5 263 214
6 231 152
7 224 135
8 214 167
9 179 163
10 74 114
11 57 102
12 63.1838 49.4373
13 159 54
14 202 70
15 229 98
16 294 54
17 326 48
18 451.5 48
19 504 88
20 515 107
21 550 195
22 551 165
23 554 122
24 565 107
25 584.321 107
26 613 267
27 616 288
28 584.936 365.123
29 555 387
30 534 383
31 536 419
32 533.876 433.868
33 462 449
34 277 443
35 232 435
36 162 395
37 170 426
38 125 447
39 51.8847 420.887
