Duration[s]: 3601.12 Porcentaje: 0.701191 TerminoTodo: 0
Convexos: 18 VerticesConvexos: 118
0 1 2 3 4 5 83
16 17 18 19
11 12 13 14 15 16 19
10 11 19 20 21
22 23 24 25 26 27 28 29
34 35 36 37 38 39 40 41
30 31 32 33 34 41
29 30 41 42 43 44 45
48 49 50 51 52
48 52 53 54 55 56
47 48 56 57
45 46 47 57 58 59 60 61 62 63 64 65
21 22 29 45 65
66 67 68 69 70 71
71 72 73 74 75 76 77
9 10 21 65 66 71 77 78
6 7 8 9 78 79
5 6 79 80 81 82 83
0 50 17
1 102 10
2 130 21
3 144 44
4 116 66
5 84 67
6 110 144
7 168 187
8 185 221
9 188 244
10 224 191
11 175 150
12 145 108
13 149 70
14 163 24
15 194 5
16 193 26
17 244 91
18 245 132
19 183 115
20 272 183
21 294 223
22 317 169
23 257 91
24 252 15
25 294 15
26 318 32
27 348 116
28 344 147
29 334 174
30 385 100
31 361 48
32 379 18
33 417 15
34 494 28
35 600 18.7826
36 600 119
37 595 153
38 583 188
39 473 162
40 424 133
41 402 113
42 405 150
43 402 184
44 370 234
45 319 237
46 338 247
47 447 325
48 539 287
49 454 282
50 429 229
51 522 203
52 583 241
53 584 304
54 584 407.064
55 461 428
56 479 376
57 454 362
58 405 422
59 370 438
60 352 444
61 294 463
62 256 439
63 253 392
64 282 305
65 296 266
66 213 419
67 240 449
68 249 473
69 207 479
70 157 469
71 180 409
72 133 465
73 61.7503 475.179
74 67 319
75 77 292
76 111 283
77 159 356
78 177 275
79 139 250
80 77 234
81 63 203
82 38 89
83 29 41
