Duration[s]: 3605.67 Porcentaje: 0.900703 TerminoTodo: 0
Convexos: 14 VerticesConvexos: 117
0 84 85 90
16 17 18 19 20 21 22 23 24 25 26
15 16 26 27 28 29 30 31 32 33 34 35
36 37 38 39 40 41 42 43 44 45 46 47 48
35 36 48 49 50
57 58 59 60 61 62 63
51 52 53 54 55 56 57 63 64
66 67 68 69 70 71 72 73 74
65 66 74 75 76 77 78
13 14 15 35 50 51 64 65 78 79
12 13 79 80
2 3 4 5 6 7 8 9 10 11 12 80 81
0 1 2 81 82 83 84
85 86 87 88 89 90
0 32 378
1 64 273
2 107 229
3 89 188
4 56 112
5 52.902 74.8235
6 113.959 29.0309
7 161 36
8 184 42
9 211 56
10 231 72
11 236 97
12 238 125
13 268 127
14 315 112
15 369 112
16 342 82
17 330 89
18 310 90
19 258 90
20 247 54
21 246 42
22 253 32
23 273 22
24 281 20
25 306 29
26 335 56
27 359 31
28 371 23
29 403 12
30 482 48
31 488 54
32 493 68
33 494 83
34 493 94
35 469 138
36 499 136
37 499 100
38 501 79
39 507 69
40 533 57
41 573.154 50.0769
42 613 107
43 618 131
44 608 214
45 582 230
46 560 240
47 535 240
48 502 231
49 482 207
50 476 184
51 481 283
52 558 257
53 570 256
54 579 264
55 571 286
56 560 301
57 538 321
58 590 342
59 593.698 440.609
60 529 446
61 461 446
62 418 409
63 418 372
64 373 334
65 318 314
66 301 325
67 302 346
68 302 378
69 298 408
70 255 415
71 222 415
72 163 400
73 155 382
74 210 330
75 170 288
76 177 259
77 218 243
78 282 254
79 258 192
80 201 163
81 140 221
82 145 270
83 130 343
84 91 366
85 126 423
86 308 468
87 286 479
88 120 479
89 53 453
90 58 416
