Duration[s]: 3600.99 Porcentaje: 0.500006 TerminoTodo: 0
Convexos: 7 VerticesConvexos: 56
0 1 31 32 37 38 41 42 43
1 2 3 4 5 6 7 8
9 10 11 12 13 14 15 16 17 18
1 8 9 18 19 20 21
1 21 22 23 24 25 26 27 28 29 30 31
32 33 34 35 36 37
38 39 40 41
0 0 406
1 34 372
2 36 297
3 66 109
4 138 9
5 297 30
6 334 42
7 351 105
8 270 174
9 412 99
10 367 53
11 390 29
12 467 13
13 532.513 35.3341
14 571 88
15 570 126
16 559 155
17 503 177
18 449 132
19 443 167
20 387 217
21 318 256
22 442 220
23 494 207
24 541 198
25 556 198
26 577 248
27 561 262
28 491 302
29 424 320
30 292 349
31 224 356
32 445 339
33 560 320
34 599 338
35 602 420
36 521 423
37 478 381
38 461 439
39 490 428
40 469 445
41 434 465
42 191 474
43 52 462
