Duration[s]: 3600.83 Porcentaje: 0.80173 TerminoTodo: 0
Convexos: 5 VerticesConvexos: 60
0 1 2 3 4 5 30 46 47 48 49 50 51
12 13 14 15 16 17 18 19 20 21 22 23 24 25 26 27 28 29
5 6 7 8 9 10 11 12 29 30
32 33 34 35 36 37 38 39 40 41 42 43 44 45 46
30 31 32 46
0 46 188
1 66 140
2 80 134
3 114 126
4 136 123
5 216 159
6 219 100
7 252 79
8 266 71
9 417 62
10 514 107
11 531 124
12 531 150
13 586 184
14 584 249
15 564.343 382.233
16 514 411
17 489 416
18 462 417
19 442 416
20 431 414
21 384 380
22 368 362
23 354 338
24 346 313
25 339 289
26 337 267
27 339 248
28 353 225
29 367 212
30 245 199
31 308 277
32 321 331
33 412 415
34 412 430
35 401 441
36 360 454
37 319.3 465
38 245 465
39 191 438
40 179 425
41 175 412
42 170 391
43 170 368
44 173 344
45 185 329
46 266 281
47 158 286
48 112 280
49 94 272
50 72 252
51 49 214
