Duration[s]: 3601.64 Porcentaje: 0.707888 TerminoTodo: 0
Convexos: 5 VerticesConvexos: 45
0 1 32 33 34 35 36
7 8 9 10 11 12 13 14 15 16 17 18
19 20 21 22 23 24 25 26 27 28 29 30 31
5 6 7 18 19 31
1 2 3 4 5 31 32
0 31 361
1 68 262
2 50 228
3 83.0094 87.0751
4 162 46
5 229 130
6 280 154
7 287 167
8 499 86
9 550 67
10 580.804 85.7504
11 614 158
12 601.315 404.086
13 498 417
14 476 415
15 451 404
16 427 390
17 399 366
18 326 267
19 285 289
20 343 390
21 344 414
22 328 424
23 262 435
24 228 424
25 208 405
26 181 373
27 164 350
28 161 330
29 160 311
30 160 294
31 175 211
32 108 243
33 148 385
34 132 411
35 109 424
36 51.3571 407.531
