Duration[s]: 3600.27 Porcentaje: 0.800973 TerminoTodo: 0
Convexos: 6 VerticesConvexos: 56
0 1 2 3 4 5 6 7 8 9 10 11 12 13 44 45
20 21 22 23 24 25 26 27 28 29 30
18 19 20 30
17 18 30 31 32 33 34 35 36
14 15 16 17 36 37 38 39 40 41
13 14 41 42 43 44
0 59 217
1 81 163
2 122 147
3 158 133
4 169 131
5 194 133
6 236 152
7 262 170
8 280 192
9 280 215
10 271 295
11 246 354
12 210 359
13 174 352
14 294 406
15 269 340
16 319 270
17 351 233
18 338 216
19 305 204
20 261 127
21 202 115
22 171 108
23 158 100
24 157 80
25 185 51
26 230 48
27 272 53
28 293 58
29 303 71
30 320 104
31 391 73
32 417 67
33 448.058 70.1556
34 580 191
35 585 215
36 545 231
37 574 308
38 574 334
39 515.647 379.849
40 449.667 415.667
41 333 439
42 233.143 439
43 142.142 401.529
44 80.6637 320.729
45 62.2045 266.67
