Duration[s]: 3602.68 Porcentaje: 0.901393 TerminoTodo: 0
Convexos: 13 VerticesConvexos: 116
0 1 2 3 4 68 69 70 89 90 91
21 22 23 24
26 27 28 29 30 31 32 33
25 26 33 34 35 36
21 24 25 36 37
20 21 37 38 39 40 41 42
19 20 42 43 44 45 46 47 48 49 50 51 52 53 54 55 56 57 58 59 60 61
12 13 14 15 16 17 18 19 61 62
5 6 7 8 9 10 11 12 62 63 64 65 66 67
4 5 67 68
77 78 79 80 81 82 83
73 74 75 76 77 83 84
70 71 72 73 84 85 86 87 88 89
0 12 123
1 40.5906 82.4966
2 59 74
3 80 77
4 124 107
5 124 71
6 131 60
7 145 54
8 168 48
9 203 45
10 281 44
11 341 49
12 417 60
13 462 73
14 471 79
15 511 108
16 526 132
17 528 168
18 504 216
19 414 266
20 425 328
21 460 329
22 461 275
23 476 265
24 500 323
25 544 325
26 546 173
27 549 142
28 583 90
29 633 56
30 636 65
31 636 107
32 605 146
33 562 167
34 594 215
35 613 246
36 580 391
37 572 440
38 599 472
39 552 479
40 496 479
41 452 468
42 424 422
43 380 455
44 358 467
45 331 471
46 245 461
47 209 444
48 194 434
49 155 390
50 148 366
51 146 331
52 145 309
53 159 275
54 170 261
55 195 243
56 218 229
57 244 217
58 270 212
59 295 212
60 336 221
61 377 238
62 372 158
63 351 177
64 328 192
65 304 195
66 294 192
67 235 152
68 164 153
69 184 182
70 191 198
71 186 222
72 180 230
73 74 307
74 92 326
75 98 338
76 106 362
77 112 415
78 131 424
79 165 441
80 175 453
81 170 470
82 143 479
83 47.8987 435.189
84 30 292
85 36 266
86 65 219
87 81 205
88 88 204
89 127 199
90 65 175
91 45 163
