Duration[s]: 3601.73 Porcentaje: 0.701048 TerminoTodo: 0
Convexos: 4 VerticesConvexos: 41
0 1 2 3 4 5 21 22 31 32 33 34
12 13 14 15 16 17 18 19 20 21
5 6 7 8 9 10 11 12 21
22 23 24 25 26 27 28 29 30 31
0 38 57
1 61 30
2 110 24
3 224 33
4 246 39
5 279 143
6 346 76
7 387 61
8 416 73
9 459 115
10 462 138
11 449 174
12 408 226
13 474 195
14 543 164
15 594 224
16 639 310.897
17 639 373
18 626 405
19 472 412
20 311 364
21 318 299
22 292 380
23 309 394
24 211 429
25 206.364 429
26 150 409
27 92 373
28 90 371
29 93 336
30 101 328
31 190 344
32 124 277
33 92 238
34 34 100
