Duration[s]: 3459.34 Porcentaje: 0.600863 TerminoTodo: 1
Convexos: 6 VerticesConvexos: 45
0 1 31 32 33 34
6 7 8 9 10
18 19 20 21 22 23 24 25 26 27 28 29
11 12 13 14 15 16 17 18 29 30
4 5 6 10 11 30 31
1 2 3 4 31
0 29 222
1 32.7637 32.5597
2 203 18
3 230 25
4 234 38
5 330 14
6 405 44
7 431 34
8 532.383 23.7334
9 563 99
10 544 109
11 539 155
12 551 173
13 582 326
14 565 389
15 536 414
16 493 415
17 441 407
18 373 338
19 388 411
20 380 439
21 336 440
22 164 437
23 119.051 407.399
24 79 335
25 95 261
26 137 200
27 238 150
28 335 229
29 350 267
30 376 208
31 174 68
32 177 114
33 62 253
34 30 240
