Duration[s]: 3601.34 Porcentaje: 0.800664 TerminoTodo: 0
Convexos: 9 VerticesConvexos: 63
0 43 44 45 46
26 27 28 29 30
22 23 24 25 26 30 31
22 31 32 33 34 35
36 37 38 39 40 41 42
8 9 10 11 12 13 14 15 16 17 18
4 5 6 7 8 18 19
1 2 3 4 19 20 21
0 1 21 22 35 36 42 43
0 65 173
1 65 150
2 53 124
3 106.8 69.079
4 297 16
5 336 11
6 366 11
7 409 33
8 381 85
9 481 95
10 499 113
11 547 164
12 544 195
13 522 207
14 480 221
15 296 248
16 256 197
17 245 144
18 294 118
19 261 76
20 223 137
21 171 204
22 326 288
23 366 241
24 542 244
25 567 261
26 516 303
27 541 388
28 512 414
29 418 411
30 390 351
31 337 343
32 339 413
33 318 421
34 257 374
35 283 330
36 245 314
37 200 371
38 148 377
39 140.291 375.005
40 138 373
41 127 347
42 156 270
43 117 243
44 74 317
45 50 293
46 31 224
