Duration[s]: 3600.01 Porcentaje: 0.700725 TerminoTodo: 0
Convexos: 3 VerticesConvexos: 35
0 1 2 3 4 5 25 26 27 28 29 30
12 13 14 15 16 17 18 19 20 21 22 23 24 25
5 6 7 8 9 10 11 12 25
0 46 188
1 66 140
2 80 134
3 114 126
4 136 123
5 216 159
6 219 100
7 252 79
8 266 71
9 417 62
10 514 107
11 531 124
12 531 150
13 586 184
14 584 249
15 562.079 397.575
16 320.605 465
17 245 465
18 191 438
19 179 425
20 175 412
21 170 391
22 170 368
23 173 344
24 185 329
25 266 281
26 158 286
27 112 280
28 94 272
29 72 252
30 49 214
