Duration[s]: 3603.65 Porcentaje: 0.801042 TerminoTodo: 0
Convexos: 9 VerticesConvexos: 77
0 1 56 57 58 59 60
34 35 36 37 38 39 40 41 42 43 44 45 46 47
33 34 47 48 49 50 51 52 53 54 55
17 18 19 20 21 22 23 24 25 26 27 28
29 30 31 32 33
13 14 15 16 17 28 29 33
5 6 7 8
4 5 8 9 10 11 12 13
1 2 3 4 13 33 55 56
0 31 376
1 87 349
2 62 248
3 85 178
4 98 163
5 110 127
6 70 113
7 27 94
8 124 90
9 157 64
10 180 54
11 236 69
12 253 76
13 280 150
14 326 65
15 347 52
16 403 40
17 435 37
18 525.473 40.1198
19 578.817 91.2411
20 594 154.143
21 594 199
22 592 216
23 586 222
24 581 223
25 544 219
26 525 205
27 516 197
28 443 57
29 409 104
30 485 170
31 484 199
32 428 207
33 341 158
34 387 254
35 410 232
36 428 227
37 462 225
38 468 229
39 524 270
40 555 297
41 572 325
42 573 349
43 570 459
44 541 471
45 492 474
46 427 449
47 407 395
48 356 450
49 302 476
50 255.5 476
51 224 455
52 203 440
53 199 429
54 202 395
55 241 320
56 192 335
57 182 360
58 160 383
59 92 414
60 23 421
