Duration[s]: 3601.32 Porcentaje: 0.606041 TerminoTodo: 0
Convexos: 7 VerticesConvexos: 48
0 1 33 34 35
1 2 3 4 5
5 6 7 8 9
9 10 11 12 13 14 15 16 17
18 19 20 21 22 23 24 25 26
26 27 28 29 30 31 32
1 5 9 17 18 26 32 33
0 45 154
1 105 149
2 56.8138 80.6429
3 206 68
4 249 65
5 257 104
6 328 61
7 375 46
8 381 64
9 383 143
10 445 92
11 470 72
12 495 57
13 558.2 57
14 587 102
15 578 135
16 508 177
17 420 177
18 453 239
19 465 224
20 494 207
21 541 216
22 578 286
23 584 329
24 563 351
25 533 358
26 452 335
27 514 387
28 513 410
29 407.182 458
30 220.515 458
31 159 423
32 220 338
33 127 282
34 116 389
35 51.6508 382.343
