Duration[s]: 3600.59 Porcentaje: 0.900665 TerminoTodo: 0
Convexos: 8 VerticesConvexos: 84
0 1 2 3 4 61 62 67 68 69
26 27 28 29 30 31 32 33 34 35 36 37 38 39 40
20 21 22 23 24 25 26 40 41
8 9 10 11 12 13 14 15 16 17 18 19 20 41 42
45 46 47 48 49 50 51
43 44 45 51 52 53 54 55 56 57 58 59 60
4 5 6 7 8 42 43 60 61
62 63 64 65 66 67
0 52 216
1 66.7176 66.5595
2 100 53
3 119 68
4 164 108
5 182 64
6 201 53
7 224 52
8 276 105
9 277 78
10 279 62
11 286 56
12 303 49
13 323 41
14 350 35
15 377.818 35
16 416 49
17 442 64
18 472 85
19 477 91
20 476 148
21 522 111
22 537 102
23 544 121
24 542 201
25 540 211
26 529 239
27 552 240
28 564 241
29 581 252
30 586 273
31 586 289.8
32 577 306
33 553 329
34 524 343
35 508 346
36 458 319
37 445 310
38 443 292
39 443 273
40 455 258
41 427 230
42 370 248
43 348 326
44 439 338
45 446 375
46 494 370
47 513 387
48 465.257 435.853
49 421 442
50 413 432
51 406 407
52 367 434
53 358 439
54 339 444
55 332 445
56 321 445
57 269 425
58 245 402
59 232 377
60 229 324
61 201 293
62 175 357
63 177 377
64 172 386
65 98 439
66 74 418
67 96 385
68 67 324
69 52 237
