Duration[s]: 131.679 Porcentaje: 0.800293 TerminoTodo: 1
Convexos: 5 VerticesConvexos: 55
0 1 2 3 4 38 39 40 41 42 43 44 45 46
19 20 21 22 23 24 25 26 27 28 29 30 31 32 33 34 35
8 9 10 11 12 13 14 15 16 17 18 19 35 36
7 8 36 37
4 5 6 7 37 38
0 66 341
1 69 321
2 75 305
3 85 287
4 155 206
5 119 120
6 145 47
7 257 123
8 353 117
9 467 65
10 506 50
11 527 48
12 577.494 64.2883
13 584 112
14 584 129
15 583 160
16 579 182
17 565 197
18 530 209
19 496 211
20 553 255
21 565 265
22 615 350
23 600.305 375.192
24 516 424
25 414 446
26 387 447
27 362 445
28 332 435
29 313 421
30 303 410
31 289 392
32 282 359
33 281 325
34 285 315
35 348 173
36 295 153
37 232 153
38 181 210
39 210 366
40 212 387
41 211 403
42 209 412
43 201 418
44 194 422
45 161 428
46 76.3735 418.801
