Duration[s]: 3602.07 Porcentaje: 0.903009 TerminoTodo: 0
Convexos: 18 VerticesConvexos: 107
0 7 8 72
0 1 2 3 4 5 6 7
10 11 12 13 14
16 17 18 19 20 21 22
31 32 33 34 35 36 37
30 31 37 38
56 57 58 59 60 61
54 55 56 61 62 63 64
53 54 64 65
42 43 44 45 46 47 48 49 50 51 52 53 65
41 42 65 66
40 41 66 67 68
39 40 68 69
38 39 69 70
29 30 38 70 71
22 23 24 25 26 27 28 29 71
15 16 22 71 72
8 9 10 14 15 72
0 55 39
1 205 47
2 452 80
3 534 95
4 527 103
5 456 105
6 332 96
7 143 81
8 150 123
9 427 155
10 483 167
11 535 170
12 573 185
13 503 202
14 455 200
15 197 203
16 219 233
17 310 246
18 377 258
19 378 265
20 367 283
21 346 288
22 183 297
23 337 314
24 363 317
25 389 327
26 347 355
27 334 357
28 249 354
29 205 337
30 248 382
31 291 389
32 341 380
33 391 386
34 408 403
35 375 419
36 333 421
37 263 418
38 199 405
39 277 451
40 347 473
41 407 475
42 440 447
43 433 421
44 432 382
45 436 337
46 452 259
47 458 235
48 466 231
49 506 218
50 537 226
51 549 246
52 549 266
53 534 339
54 558 362
55 572 274
56 609 203
57 571 134
58 568 103
59 571 69
60 611 88
61 635 206
62 635 268.188
63 618 350
64 560 380
65 479 425
66 464.741 480
67 244 480
68 235 471
69 224 456
70 161.867 415.541
71 149 311
72 155 195
