Duration[s]: 3600.78 Porcentaje: 0.800282 TerminoTodo: 0
Convexos: 9 VerticesConvexos: 85
0 66 67 68
1 2 3 4 5 6 7 8 9 10 11 12 13
21 22 23 24 25 26 27 28 29 30 31 32 33 34 35 36
15 16 17 18 19 20 21 36 37
46 47 48 49 50 51 52 53
42 43 44 45 46 53 54 55 56 57 58
41 42 58 59 60 61 62 63
38 39 40 41 63 64 65
0 1 13 14 15 37 38 65 66
0 59 241
1 91 190
2 50 196
3 49 196
4 25 146
5 35 79
6 36.6542 69.4424
7 86 19
8 93 17
9 134 45
10 145 57
11 147 70
12 149 88
13 148 117
14 186 115
15 231 140
16 202 93
17 178 53
18 173 39
19 179 29
20 212 20
21 274 15
22 447.667 15
23 519.045 31.4719
24 605 109
25 609 128
26 610 162
27 608 188
28 560 259
29 530 285
30 511 292
31 489 296
32 443 285
33 392 267
34 361 246
35 327 186
36 289 88
37 276 182
38 259 218
39 297 232
40 333 274
41 316 322
42 390 319
43 385 301
44 398 300
45 431 303
46 487 313
47 520 300
48 592 298
49 631 318
50 639 367
51 639 384
52 629 397
53 610 410
54 605 447
55 600 461
56 575 472
57 553 479
58 501 476
59 274 479
60 174.605 479
61 71 434
62 57 412
63 97 387
64 73 339
65 119 264
66 92 255
67 42 300
68 8 235
