Duration[s]: 3601.87 Porcentaje: 0.900207 TerminoTodo: 0
Convexos: 8 VerticesConvexos: 64
0 1 2 3 4 45 46 47 48 49
14 15 16 17 18 19 20
13 14 20 21
25 26 27 28 29 30 31 32 33 34 35 36 37 38
11 12 13 21 22 23 24 25 38
6 7 8 9 10 11 38 39
5 6 39 40 41 42 43
4 5 43 44 45
0 81 85.9655
1 136 67
2 190 60
3 242 60
4 313 131
5 350 136
6 412 125
7 433 84
8 464 65
9 475 62
10 491 71
11 493 178
12 517 80
13 535 64
14 455 52
15 388 90
16 363 88
17 329 56
18 373 22
19 390 18
20 476 4
21 570 36
22 609 83
23 614 134
24 613 146
25 575 213
26 602 283
27 598 429
28 592.447 460.47
29 504.5 474
30 462.667 474
31 409 451
32 391 432
33 370 400
34 356 376
35 356 358
36 367 336
37 464 244
38 483 231
39 417 216
40 376 293
41 330 301
42 240 285
43 222 227
44 178 185
45 197 155
46 139 165
47 116 166
48 86 154
49 81 135.25
