Duration[s]: 3602.61 Porcentaje: 0.709226 TerminoTodo: 0
Convexos: 3 VerticesConvexos: 39
0 1 2 3 4 5 6 7 8 9 10 31 32 33 34
17 18 19 20 21 22 23
10 11 12 13 14 15 16 17 23 24 25 26 27 28 29 30 31
0 78 110.474
1 130.905 52
2 171 52
3 203 57
4 218 60
5 244 68
6 268 83
7 276 92
8 283 100
9 287 113
10 289 122
11 295 41
12 309 30
13 412.062 13
14 453.476 13
15 559.591 43.1136
16 613.056 98.6351
17 594 247
18 607 281
19 619 329
20 624 359
21 624 403.25
22 585 374
23 580 352
24 562 378
25 554 386
26 549 390
27 530 404
28 524 408
29 511 414
30 422.769 451
31 291.333 451
32 200.216 434.264
33 130 376
34 78 304.842
