Duration[s]: 3601.58 Porcentaje: 0.802405 TerminoTodo: 0
Convexos: 25 VerticesConvexos: 148
0 5 6 97 98 99
17 18 19 20
11 12 13 14 15 16 17 20
10 11 20 21
23 24 25 26 27 28 29 30
35 36 37 38 39 40
41 42 43 44 45
31 32 33 34 35 40 41 45
30 31 45 46 47 48 49
53 54 55 56 57
52 53 57 58 59
59 60 61 62 63 64 65 66 67
51 52 59 67
69 70 71 72
68 69 72 73 74 75
49 50 51 67 68 75
22 23 30 49 75 76
9 10 21 22 76
80 81 82 83 84
78 79 80 84 85
86 87 88 89 90 91 92
85 86 92 93
9 76 77 78 85 93 94
6 7 8 9 94 95 96 97
0 1 2 3 4 5
0 50 17
1 102 10
2 130 21
3 144 44
4 116 66
5 84 67
6 91 110
7 168 187
8 185 221
9 188 244
10 224 191
11 175 150
12 145 108
13 149 70
14 163 24
15 194 5
16 193 26
17 191 59
18 244 91
19 245 132
20 183 115
21 272 183
22 262 239
23 317 169
24 257 91
25 252 15
26 294 15
27 318 32
28 348 116
29 344 147
30 334 174
31 385 100
32 361 48
33 379 18
34 417 15
35 600 15
36 600 119
37 595 153
38 583 188
39 529 158
40 548 55
41 484 96
42 495 147
43 473 162
44 424 133
45 402 113
46 405 150
47 402 184
48 370 234
49 319 237
50 338 247
51 447 325
52 525 342
53 539 287
54 454 282
55 429 229
56 522 203
57 583 241
58 584 304
59 536 368
60 584 389
61 555 412
62 461 428
63 370 438
64 349 410
65 372 352
66 389 350
67 443 345
68 338 331
69 300 420
70 352 444
71 294 463
72 256 439
73 253 392
74 282 305
75 296 266
76 231 288
77 250 347
78 213 419
79 240 449
80 249 473
81 207 479
82 157 469
83 182 439
84 208 451
85 180 409
86 143 407
87 143 424
88 133 465
89 61.7503 475.179
90 67 319
91 77 292
92 111 283
93 159 356
94 139 250
95 77 234
96 63 203
97 63 138
98 38 89
99 29 41
