Duration[s]: 3603.4 Porcentaje: 0.900804 TerminoTodo: 0
Convexos: 7 VerticesConvexos: 67
0 48 49 50 51 52 53 54
1 2 3 4 5 6 7
8 9 10 11 12 13 14 15 16 17 18 19 20
22 23 24 25 26
21 22 26 27 28 29 30 31 32 33
8 20 21 33 34 35 36 37 38 39 40 41 42 43 44 45 46 47
0 1 7 8 47 48
0 15 293
1 26 230
2 27.2282 173.501
3 93 74
4 153 61
5 168 79
6 161 92
7 80 176
8 186 142
9 287 126
10 452 112
11 467 111
12 486.558 111
13 526 164
14 532 178
15 523 213
16 513 221
17 486 237
18 461 242
19 444 244
20 422 242
21 442 257
22 523 269
23 527 241
24 597.228 215.361
25 628.107 274.745
26 604 332
27 640 365.943
28 640 405.735
29 546.683 457.154
30 519 459
31 501 450
32 484 434
33 439 328
34 428 427
35 413 452
36 226.2 452
37 159 404
38 150 397
39 138 384
40 126 362
41 116 337
42 115 334
43 107 287
44 107 270
45 111 260
46 115 251
47 118 246
48 54 278
49 86 312
50 89 327
51 72 341
52 67 343
53 62 343
54 17 314
