Duration[s]: 3600.76 Porcentaje: 0.805048 TerminoTodo: 0
Convexos: 10 VerticesConvexos: 79
0 1 2 49 50 51 60
9 10 11 12 13 14 15 16 17 18 19 20
6 7 8 9 20 21 22 23 24
3 4 5 6 24 25
27 28 29 30 31 32 33 34 35 36 37 38 39 40
41 42 43 44 45 46
26 27 40 41 46 47
2 3 25 26 47 48 49
52 53 54 55 56 57
51 52 57 58 59 60
0 27 122
1 77.9756 45.5366
2 141 19
3 234 61
4 260 44
5 384 45
6 499 56
7 533 81
8 537 142
9 517 204
10 586 278
11 612 355
12 629 440
13 629 462.6
14 605.571 479
15 470 479
16 440 474
17 422 455
18 410 427
19 402 404
20 449 295
21 420 285
22 394 249
23 402 205
24 415 163
25 328 177
26 331 240
27 290 295
28 371 312
29 382 323
30 382 354
31 351 452
32 329 464
33 308 465
34 283 455
35 242 436
36 230 426
37 221 393
38 221 359
39 226 342
40 243 302
41 181 241
42 156 250
43 130 254
44 96 211
45 105 184
46 155 184
47 287 222
48 215 157
49 150 75
50 134 136
51 74 211
52 136 285
53 157 305
54 167 384
55 148 402
56 116 393
57 94 323
58 82 312
59 56 284
60 34 176
