Duration[s]: 3601.03 Porcentaje: 0.506851 TerminoTodo: 0
Convexos: 4 VerticesConvexos: 38
0 1 26 27 28 29 30 31
19 20 21 22 23 24 25
6 7 8 9 10 11 12 13 14 15 16 17 18 19 25
1 2 3 4 5 6 25 26
0 84.4443 53.5571
1 171 50
2 207 23
3 282 21
4 408 41
5 415 44
6 401 211
7 435 93
8 449 52
9 460 41
10 466 38
11 484 30
12 490 29
13 504 28
14 583.535 45.7907
15 596 105
16 592 191
17 583 241
18 534 315
19 473 344
20 520 357
21 585 385
22 445 461
23 404 459
24 359 421
25 356 398
26 321 380
27 308 444
28 251 456
29 222 461
30 83.6077 438.73
31 81 88
