Duration[s]: 3601.62 Porcentaje: 0.900024 TerminoTodo: 0
Convexos: 7 VerticesConvexos: 82
0 1 58 59 60 68 69
15 16 17 18 19 20 21 22 23 24 25 26 27 28 29
11 12 13 14 15 29 30 31
8 9 10 11 31 32 33 34 35 36 37 38
38 39 40 41 42 43 44 45 46 47 48 49 50 51 52 53 54 55 56 57
1 2 3 4 5 6 7 8 38 57 58
60 61 62 63 64 65 66 67 68
0 5 317
1 13 246
2 10 214
3 22 168
4 61 122
5 95 90
6 139 60
7 181 43
8 219 53
9 228 38
10 279 17
11 374 16
12 466 22
13 517 33
14 538 57
15 464 152
16 547 188
17 566 206
18 568 232
19 560 253
20 552 260
21 528 271
22 514 274
23 492 278
24 459 275
25 430 265
26 414 243
27 410 223
28 412 204
29 426 176
30 394 162
31 371 37
32 335 191
33 330 207
34 309 225
35 294 235
36 274 242
37 262 242
38 201 241
39 262 252
40 318 266
41 366 282
42 426 306
43 449 320
44 460 341
45 461 362
46 460 381
47 443.151 403.466
48 372.985 436.042
49 290 444
50 255 446
51 215 440
52 192 430
53 163 414
54 143 394
55 134 379
56 130 354
57 128 310
58 85 294
59 98 311
60 90 396
61 133 404
62 156 416
63 174 429
64 171 456
65 108 479
66 47 479
67 27 454
68 30 405
69 7 354
