Duration[s]: 3600.31 Porcentaje: 0.603791 TerminoTodo: 0
Convexos: 6 VerticesConvexos: 53
0 1 2 3 4 5 6 7 40 41 42
9 10 11 12 13 14 15
8 9 15 16 17 18 19 20
23 24 25 26 27 28 29 30
7 8 20 21 22 23 30 31
7 31 32 33 34 35 36 37 38 39 40
0 79 225
1 101 199
2 140 183
3 195 174
4 253 194
5 299 220
6 306 250
7 285 326
8 369 224
9 153 113
10 140 137
11 98 167
12 62 151
13 38 102
14 79 76
15 138 96
16 211 54
17 560.662 60.3002
18 610 104
19 613 149
20 543 176
21 571 198
22 581 221
23 579 249
24 612 301
25 617 368
26 599.952 403.232
27 539 423
28 477 412
29 462 391
30 444 329
31 413 337
32 417 367
33 408 386
34 377 401
35 355 408
36 175 422
37 118 416
38 79 392
39 76 355
40 106 330
41 65 295
42 60 269
