Duration[s]: 122.496 Porcentaje: 0.511857 TerminoTodo: 1
Convexos: 3 VerticesConvexos: 36
0 1 2 25 26 27 28 29 30 31
4 5 6 7 8 9 10 11 12 13 14 15 16 17 18
2 3 4 18 19 20 21 22 23 24 25
0 71 370
1 85 361
2 215 372
3 218 329
4 343 191
5 166 309
6 144 312
7 130 310
8 107 296
9 87 276
10 78 258
11 75 243
12 75 224.125
13 84 88
14 146 38
15 291 14
16 428.993 29.8353
17 477 48
18 457 100
19 545 113
20 565 142
21 539.158 337.971
22 509 386
23 481 411
24 427 442
25 330 421
26 332 428
27 252 435
28 172 441
29 152 442
30 125.472 442
31 71 389
