Duration[s]: 3600.14 Porcentaje: 0.700743 TerminoTodo: 0
Convexos: 7 VerticesConvexos: 63
0 1 2 38 39 50
9 10 11 12 13 14 15 16 17 18 19 20 21 22 23 24 25
5 6 7 8 9 25 26 27
28 29 30 31 32 33 34 35 36 37
2 3 4 5 27 28 37 38
40 41 42 43 44 45 46 47
39 40 47 48 49 50
0 58.8156 129.33
1 117 64
2 193 14
3 590 17
4 600 73
5 593 102
6 639 235.721
7 639 321.7
8 612 346
9 512 397
10 479 441
11 437 458
12 403 461
13 354.25 457.25
14 344 447
15 320 412
16 304 381
17 299 369
18 296 310
19 297 287
20 298 276
21 303 267
22 321 254
23 329 249
24 444 203
25 455 203
26 435 118
27 434 111
28 402 112
29 441 149
30 419 186
31 354 212
32 325 218
33 279 207
34 219 189
35 163 164
36 154 134
37 223 93
38 189 81
39 112 134
40 177 194
41 193 209
42 239 267
43 245 298
44 237 333
45 161 337
46 129 303
47 142 269
48 92 216
49 63 185
50 50 169
