Duration[s]: 3603.43 Porcentaje: 0.802869 TerminoTodo: 0
Convexos: 15 VerticesConvexos: 111
12 13 14 15 16 17 18 19 20
8 9 10 11 12 20 21
22 23 24 25 26 27 28
5 6 7 8 21 22 28 29
49 50 51 52 53 54 55
48 49 55 56 57 58 59
47 48 59 60 61 62
42 43 44 45 46 47 62
63 64 65 66 67 68 69
39 40 41 42 62 63 69
39 69 70 71 72 73 74 75
38 39 75 76
36 37 38 76 77
0 1 2 3 4 5 29 34 35 36 77 78 79
0 29 30 31 32 33 34 79 80
0 36 31
1 45 21
2 76.7577 9.00264
3 77 9
4 121 31
5 158 65
6 192 23
7 260 9
8 355 35
9 364 20
10 402 8
11 444 5
12 502 48
13 569 22
14 596.636 22
15 598 67
16 593 157
17 591 178
18 583 192
19 527 186
20 495 83
21 451 74
22 334 93
23 449 117
24 404 135
25 340 139
26 320 138
27 255 125
28 215 111
29 152 113
30 201 155
31 225 181
32 215 192
33 171 215
34 129 229
35 125 236
36 87 263
37 109 289
38 123 350
39 147 362
40 213 250
41 239 228
42 348 300
43 313 254
44 420 170
45 500 192
46 500 242
47 439 334
48 502 379
49 553 312
50 532 290
51 528 252
52 538 243
53 561 244
54 586 254
55 585 316
56 595 350
57 569 390
58 519 424
59 512 425
60 443 434
61 423 418
62 411 376
63 367 394
64 380 422
65 375 439
66 347 479
67 293 479
68 230 466
69 198 412
70 164 453
71 136 466
72 35 453
73 20 411
74 23 371
75 78 366
76 23 301
77 37 268
78 14 204
79 24 96
80 0 38
