Duration[s]: 3603.02 Porcentaje: 0.803523 TerminoTodo: 0
Convexos: 11 VerticesConvexos: 75
0 1 2 3 46 47 52 53 54
9 10 11 12 13 14 15
17 18 19 20 21 22
16 17 22 23 24 25
30 31 32 33 34 35 36 37
37 38 39 40 41 42
26 27 28 29 30 37 42
15 16 25 26 42 43 44 45
7 8 9 15 45 46
3 4 5 6 7 46
47 48 49 50 51 52
0 17 367
1 30 282
2 48 263
3 125 266
4 73 218
5 37 159
6 31 110
7 78 160
8 80 150
9 130 120
10 128 79
11 183 64
12 222 60
13 306 112
14 319 128
15 283 169
16 377 167
17 363 132
18 315 93
19 353 70
20 476 61
21 512 77
22 522 114
23 586 143
24 557 196
25 484 205
26 473 243
27 492 252
28 568 300
29 567 330
30 506 357
31 535 386
32 550 411
33 560 443
34 559.567 449.991
35 493 451
36 466 432
37 437 384
38 380 431
39 305 456
40 288 425
41 281 406
42 374 334
43 303 339
44 240 310
45 251 242
46 185 294
47 185 323
48 236 349
49 239 359
50 239 424
51 211 435
52 169 422
53 92 432
54 25.8456 426.708
