Duration[s]: 2606.05 Porcentaje: 0.703887 TerminoTodo: 1
Convexos: 4 VerticesConvexos: 37
0 1 2 24 25 26 27 28 29 30
3 4 5 6 7 8 9
9 10 11 12 13 14 15 16
2 3 9 16 17 18 19 20 21 22 23 24
0 0 371
1 37 283
2 165 246
3 174 184
4 42 145
5 11 103
6 39 51
7 58 40
8 189 42
9 275 74
10 292 64
11 460 20
12 490 20
13 515 45
14 500 78
15 424 94
16 335 84
17 422 124
18 454 149
19 470 166
20 478 184
21 482 205
22 483 229
23 481 261
24 476 284
25 549 297
26 576 321
27 564.808 380.693
28 453.37 458.133
29 359 478
30 95 466
