Duration[s]: 3601.91 Porcentaje: 0.802124 TerminoTodo: 0
Convexos: 11 VerticesConvexos: 82
0 3 4 57 58 59 60 61
0 1 2 3
53 54 55 56
9 10 11 12 13 14 15 16 17 18 19 20 21 22
27 28 29 30 31 32 33 34 35
26 27 35 36 37 38
38 39 40 41 42 43 44 45 46 47 48 49
23 24 25 26 38 49 50 51 52
7 8 9 22 23 52
7 52 53
4 5 6 7 53 56 57
0 86 109
1 75 83
2 78 61
3 183 53
4 208 46
5 233 42
6 333.215 45.4557
7 558.902 137.536
8 606.953 201.605
9 620 406
10 615.092 430.538
11 483 443
12 466 444
13 446 440
14 427 436
15 418 433
16 406 428
17 392 420
18 373 400
19 372 386
20 377 359
21 417 352
22 458 353
23 436 287
24 348 320
25 305 328
26 196 336
27 170 402
28 264 371
29 368 439
30 381 451
31 383 466
32 358.3 479
33 222.333 479
34 111.344 452.363
35 102 427
36 102 405
37 140 321
38 208 274
39 129 261
40 82 228
41 180 132
42 199 116
43 224 112
44 249 115
45 291 136
46 296 149
47 296 170
48 280 202
49 252 235
50 310 206
51 392 178
52 452 238
53 395 144
54 367 155
55 364 156
56 358 140
57 209 58
58 180 90
59 118 132
60 47 159
61 38 140
