Duration[s]: 424.744 Porcentaje: 0.500865 TerminoTodo: 1
Convexos: 4 VerticesConvexos: 39
4 5 6 7 8 9 10 11
15 16 17 18 19 20 21 22 23
1 2 3 4 11 12 23 24 25 26
0 1 12 13 14 15 23 26 27 28 29 30
0 30 282
1 73 218
2 37 159
3 31 110
4 178 108
5 128 79
6 197.667 60
7 473.75 60
8 512 77
9 586 143
10 557 196
11 484 205
12 498 266
13 568 300
14 567 330
15 506 357
16 535 386
17 550 411
18 560 443
19 559.394 449.991
20 559 450
21 493 451
22 466 432
23 437 384
24 380 431
25 305 456
26 211 435
27 92 432
28 42 428
29 25.7812 426.273
30 17 367
