Duration[s]: 3600.82 Porcentaje: 0.619569 TerminoTodo: 0
Convexos: 4 VerticesConvexos: 36
0 1 2 14 15 29
2 3 4 5 6 7 8 9 10 11 12 13 14
15 16 17 18 19 20 21 22 23 24
15 24 25 26 27 28 29
0 52 386
1 69 349
2 135 225
3 70 239
4 61 221
5 60 209
6 54.7579 43
7 140 43
8 150 44
9 160 50
10 164 53
11 177 64
12 180 70
13 183 77
14 222 206
15 372 236
16 319 224
17 246 187
18 241 157
19 248 128
20 281 112
21 304 106
22 540 57
23 568.524 57
24 584 207
25 592 223
26 614 355
27 594.769 480
28 261 480
29 54.1646 445.527
