Duration[s]: 3600.09 Porcentaje: 0.500779 TerminoTodo: 0
Convexos: 4 VerticesConvexos: 35
0 1 2 3 19 20 27 28
13 14 15 16 17 18 19
3 4 5 6 7 8 9 10 11 12 13 19
20 21 22 23 24 25 26 27
0 14 163
1 52 135
2 71 125
3 114 135
4 66 85
5 66 67
6 73.125 29
7 211.667 29
8 489.373 52.4022
9 542.934 84.0517
10 549 125
11 553 233
12 530 277
13 514 290
14 563 317
15 598 359
16 479 378
17 416 356
18 385 333
19 335 240
20 382 372
21 442 372
22 465 406
23 383 448
24 344 456
25 161 454
26 100 433
27 126 391
28 22.0476 317.054
