Duration[s]: 3601.03 Porcentaje: 0.600469 TerminoTodo: 0
Convexos: 7 VerticesConvexos: 52
0 9 10 33 34 37 38 39
3 4 5 6 7 8
0 1 2 3 8 9
12 13 14 15 16 17
11 12 17 18 19 20 21 22 23 24 25
10 11 25 26 27 28 29 30 31 32 33
34 35 36 37
0 40 98
1 101.1 29.1
2 155 28
3 224 67
4 242 84
5 229 120
6 204 127
7 168 112
8 169 106
9 93 120
10 201 201
11 279 155
12 313 136
13 276 102
14 284 81
15 303 37
16 365 30
17 430 81
18 504.615 56.1283
19 581 147
20 591 408
21 549 445
22 528 459
23 476 444
24 438 405
25 379 333
26 390 387
27 376 452
28 331 460
29 287 459
30 235 450
31 206 435
32 171 363
33 172 316
34 144 390
35 177 411
36 132 422
37 96.4624 413.385
38 61 288
39 34 187
