Duration[s]: 3602.61 Porcentaje: 0.90077 TerminoTodo: 0
Convexos: 24 VerticesConvexos: 159
0 1 35 36 112
17 18 19 20 21 22 23
14 15 16 17 23 24 25
10 11 12 13 14 25 26
9 10 26 27 28 29
4 5 6 7 8 9 29 30
2 3 4 30 31 32
1 2 32 33 34 35
50 51 52 53 54 55 56 57
47 48 49 50 57 58 59 60
44 45 46 47 60 61
43 44 61 62
40 41 42 43 62 63 64 65
71 72 73 74 75 76 77 78
67 68 69 70 71 78
79 80 81 82 83 84
86 87 88 89 90
85 86 90 91 92 93
79 84 85 93 94 95 96 97
66 67 78 79 97 98
40 65 66 98 99 100
39 40 100 101 102 103 104 105 106 107
37 38 39 107 108
36 37 108 109 110 111 112
0 0 323
1 16 266
2 16 209
3 0 152
4 17 89
5 9 37
6 30 15
7 72 0
8 104 16
9 144 53
10 191 41
11 205 19
12 247 12
13 291 10
14 331 37
15 393 14
16 450 8
17 491 28
18 574 19
19 595 34
20 598 60
21 589 74
22 524 84
23 480 61
24 359 83
25 310 75
26 219 55
27 193 82
28 138 104
29 88 87
30 49 89
31 62 124
32 45 185
33 60 209
34 77 257
35 64 281
36 62 344
37 88 362
38 119 356
39 166 406
40 209 389
41 133 332
42 104 284
43 110 197
44 88 159
45 98 118
46 145 128
47 180 160
48 254 96
49 317 111
50 390 146
51 447 118
52 485 106
53 562 103
54 606 116
55 598 133
56 561 158
57 364 184
58 344 198
59 280 203
60 198 185
61 155 189
62 152 222
63 222 273
64 224 310
65 224 342
66 277 337
67 278 282
68 253 250
69 281 221
70 331 229
71 378 238
72 391 215
73 444 197
74 486 191
75 553 185
76 605 183
77 550 211
78 369 260
79 436 265
80 527 272
81 574 300
82 576 334
83 562 366
84 490 327
85 489 358
86 584 384
87 574 269
88 598 255
89 632 289
90 612 395
91 560 415
92 507 431
93 480 390
94 428 436
95 392 443
96 404 358
97 412 326
98 366 331
99 345 359
100 316 386
101 334 414
102 336 433
103 300 455
104 284 459
105 283.132 459.109
106 196 468
107 149 449
108 123 415
109 85 454
110 45 455
111 42.6402 454.797
112 10 391
