Duration[s]: 3600.52 Porcentaje: 0.702188 TerminoTodo: 0
Convexos: 9 VerticesConvexos: 68
0 1 47 48 49 50 51
4 5 6 7 8 9 10 11
13 14 15 16 17 18 19 20 21
25 26 27 28 29 30 31 32 33 34 35 36 37
12 13 21 22 23 24 25 37 38
39 40 41 42 43 44
12 38 39 44 45
4 11 12 45 46
1 2 3 4 46 47
0 42 427
1 41 381
2 29 306
3 45 222
4 131 203
5 61 163
6 43 115
7 74.4866 10.9572
8 111 14
9 157 36
10 199 109
11 187 175
12 215 204
13 248 155
14 223 99
15 217 66
16 242 45
17 282 23
18 322 8
19 360 14
20 351 35
21 307 102
22 404 53
23 431 65
24 463 91
25 409 230
26 454 238
27 549 282
28 582 317
29 608 353
30 616 367
31 613 401
32 553 451
33 447.222 479
34 210 479
35 188 446
36 252 328
37 326 259
38 236 277
39 161 339
40 168 471
41 135 479
42 128 479
43 111 446
44 125 323
45 172 252
46 124 239
47 65 369
48 104 386
49 80 457
50 67 479
51 50 467
