Duration[s]: 3600.18 Porcentaje: 0.800478 TerminoTodo: 0
Convexos: 7 VerticesConvexos: 64
0 1 2 43 44 45 46 47 48 49 50 51
12 13 14 15 16 17 18 19
21 22 23 24 25 26 27 28 29 30 31 32 33 34 35 36 37 38
10 11 12 19 20 21 38
8 9 10 38 39
4 5 6 7 8 39 40 41
2 3 4 41 42 43
0 78 334
1 88 270
2 120 254
3 112 190
4 167 164
5 178 30
6 180.379 24.2331
7 224 23
8 260 62
9 328 28
10 360 84
11 392 44
12 456 48
13 473 20
14 481 17
15 507 15
16 522 15
17 549 20
18 569 37
19 535 93
20 556 132
21 504 154
22 559 204
23 574 228
24 606 285
25 606 297
26 602 352
27 592.272 387.67
28 573.333 398
29 450 418
30 416 420
31 375 413
32 336 397
33 297 363
34 276 332
35 266 299
36 262 262
37 278 230
38 352 149
39 303 123
40 286 167
41 228 183
42 225 205
43 203 236
44 217 255
45 229 277
46 247 343
47 242 377
48 236 385
49 221 391
50 176 387
51 129.048 380.544
