Duration[s]: 3600.98 Porcentaje: 0.901307 TerminoTodo: 0
Convexos: 12 VerticesConvexos: 98
0 1 2 3 75
3 4 5 6 7 8 9 10 11 12 13 14 15
53 54 55 56 57 58 59 60 61 62 63 64
51 52 53 64 65
21 22 23 24 25 26 27 28 29 30 31 32 33 34 35
20 21 35
17 18 19 20 35 36
41 42 43 44 45 46 47
17 36 37 38 39 40 41 47 48 49
16 17 49 50 51 65 66 67 68
15 16 68 69 70 71 72
3 15 72 73 74 75
0 32 156
1 78.704 77.0863
2 122 104
3 129 112
4 175 56
5 203.021 37.3191
6 236 36
7 265 41
8 288 51
9 299 57
10 320 77
11 327 98
12 325 128
13 290 158
14 236 178
15 195 184
16 273 228
17 309 216
18 323 194
19 347 160
20 389 159
21 362 111
22 363 76
23 373 66
24 396 53
25 407 50
26 421 48
27 465.421 49.5865
28 529.609 95.4348
29 567 159
30 568 176
31 565 198
32 545 221
33 525 225
34 499 225
35 437 175
36 404 210
37 485 258
38 583 346
39 583 398
40 530 411
41 459 418
42 462 430
43 400 460
44 374 447
45 363 431
46 363 403
47 392 392
48 358 366
49 331 313
50 311 388
51 296 410
52 236 439
53 198 442
54 98.0557 437.655
55 52.8283 401.252
56 51 372
57 51 358
58 55 357
59 73 363
60 162 396
61 175 402
62 179 404
63 189 413
64 190 416
65 232 407
66 180 389
67 167 358
68 173 323
69 139 337
70 108 338
71 71 303
72 119 240
73 61 216
74 55 213
75 31 165
