Duration[s]: 3600.43 Porcentaje: 0.704757 TerminoTodo: 0
Convexos: 4 VerticesConvexos: 36
0 1 2 3 4 5 26 27 28 29
8 9 10 11 12 13 14
6 7 8 14 15 16 17 18
5 6 18 19 20 21 22 23 24 25 26
0 36 272
1 54 247
2 82 231
3 119 222
4 162 233
5 303 324
6 393 318
7 260 261
8 188 181
9 132 164
10 97 137
11 98 101
12 208 51
13 258 38
14 332 71
15 406 32
16 538.447 105.032
17 616 350
18 605 373
19 534 435
20 442 443
21 405 442
22 385 438
23 344 427
24 334 420
25 315 406
26 239 348
27 143 378
28 94 382
29 36 354
