Duration[s]: 3600.95 Porcentaje: 0.700064 TerminoTodo: 0
Convexos: 10 VerticesConvexos: 86
9 10 11 12 13 14 15 16 17
5 6 7 8 9 17 18 19 20 21 22
41 42 43 44 45 46 47
40 41 47 48 49 50 51
39 40 51 52 53 54
34 35 36 37 38 39 54
31 32 33 34 54 55 56 57 58 59
29 30 31 59 60 61 62
0 1 2 3 4 5 22 27 28 29 62 63 64
0 22 23 24 25 26 27 64 65
0 36 31
1 45 21
2 76.7577 9.00264
3 77 9
4 121 31
5 158 65
6 192 23
7 260 9
8 444 5
9 502 48
10 569 22
11 596.636 22
12 598 67
13 593 157
14 591 178
15 583 192
16 527 186
17 495 83
18 449 117
19 404 135
20 340 139
21 320 138
22 152 113
23 201 155
24 225 181
25 215 192
26 171 215
27 129 229
28 125 236
29 87 263
30 109 289
31 123 350
32 213 250
33 239 228
34 348 300
35 313 254
36 420 170
37 500 192
38 500 242
39 439 334
40 502 379
41 553 312
42 532 290
43 528 252
44 538 243
45 561 244
46 586 254
47 585 316
48 595 350
49 569 390
50 519 424
51 512 425
52 443 434
53 423 418
54 411 376
55 375 439
56 347 479
57 293 479
58 136 466
59 35 453
60 20 411
61 23 301
62 37 268
63 14 204
64 24 96
65 0 38
