Duration[s]: 3600.86 Porcentaje: 0.7293 TerminoTodo: 0
Convexos: 5 VerticesConvexos: 46
0 1 2 3 4 29 30 35 36 37
8 9 10 11 12 13 14 15 16 17 18
19 20 21 22 23 24 25 26 27 28
4 5 6 7 8 18 19 28 29
30 31 32 33 34 35
0 52 216
1 66.7176 66.5595
2 100 53
3 119 68
4 164 108
5 182 64
6 201 53
7 350 35
8 384.038 35
9 538.864 102.817
10 586 269.703
11 586 289.8
12 577 306
13 553 329
14 524 343
15 508 346
16 458 319
17 445 310
18 427 230
19 348 326
20 439 338
21 494 370
22 513 387
23 460.553 440.667
24 332 445
25 321 445
26 269 425
27 245 402
28 232 377
29 201 293
30 175 357
31 177 377
32 172 386
33 98 439
34 74 418
35 96 385
36 67 324
37 52 237
