Duration[s]: 3600.43 Porcentaje: 0.904027 TerminoTodo: 0
Convexos: 23 VerticesConvexos: 137
0 1 2 28 92
15 16 17 18 19 20
10 11 12 13 14 15 20 21
9 10 21 22
5 6 7 8 9 22 23
23 24 25 26 27 28
2 3 4 5 23 28
81 82 83 84
41 42 43 44 45
40 41 45 46 47
39 40 47 48
51 52 53 54 55 56 57
50 51 57 58 59
49 50 59 60 61 62
62 63 64 65 66 67 68
38 39 48 49 62 68 69
36 37 38 69 70
71 72 73 74 75 76 77
35 36 70 71 77
35 77 78 79 80 81 84 85
33 34 35 85 86 87
29 30 31 32 33 87 88 89 90
28 29 90 91 92
0 76.8987 8.94937
1 121 31
2 158 65
3 192 23
4 260 9
5 355 35
6 364 20
7 402 8
8 444 5
9 502 48
10 569 22
11 596.636 22
12 598 67
13 593 89
14 591 94
15 554 133
16 593 157
17 591 178
18 583 192
19 527 186
20 529 137
21 524 106
22 451 74
23 334 93
24 449 117
25 404 135
26 340 139
27 320 138
28 152 113
29 150 142
30 201 155
31 225 181
32 215 192
33 87 263
34 109 289
35 147 362
36 213 250
37 239 228
38 348 300
39 417 289
40 462 254
41 410 219
42 380 253
43 343 287
44 313 254
45 420 170
46 500 192
47 500 242
48 440 299
49 448 364
50 502 379
51 553 312
52 532 290
53 528 252
54 538 243
55 561 244
56 586 254
57 595 350
58 549.756 419.606
59 512 425
60 443 434
61 423 418
62 411 376
63 365 401
64 338 411
65 320 408
66 307 381
67 327 361
68 347 343
69 312 315
70 270 325
71 273 401
72 380 422
73 375 439
74 347 479
75 293 479
76 230 466
77 198 412
78 164 453
79 136 466
80 105 457
81 48 419
82 58 453
83 16.85 453
84 23 371
85 78 366
86 23 301
87 37 268
88 14 204
89 18 178
90 47 168
91 33 133
92 0 38
