Duration[s]: 3611.7 Porcentaje: 0.807127 TerminoTodo: 0
Convexos: 9 VerticesConvexos: 74
0 1 2 3 56 57
5 6 7 8 9 10
4 5 10 11 12 13 14 15
18 19 20 21 22 23 24 25 26 27 28
29 30 31 32 33
34 35 36 37 38 39 40 41 42
16 17 18 28 29 33 34 42 43 44 45 46 47
48 49 50 51 52 53 54 55
3 4 15 16 47 48 55 56
0 206 425
1 184 416
2 179 377
3 207 340
4 177 302
5 107 287
6 122 338
7 109 405
8 39 397
9 42 362
10 71 240
11 61 217
12 78 175
13 119 140
14 150 168
15 168 222
16 235 191
17 195 159
18 142 114
19 77 138
20 70 138
21 66 136
22 48 121
23 45 111
24 44 85
25 49.9 73.2
26 95.8333 52
27 104 52
28 170 89
29 204 78
30 236 62
31 249 59
32 268 61
33 280 87
34 337 94
35 365 53
36 417 43
37 442 44
38 487 70
39 516 90
40 525 108
41 526 136
42 527 166
43 583 212
44 599 262
45 578 290
46 524 303
47 517 303
48 458 344
49 496 369
50 503 377
51 503 411
52 463 433
53 409 437
54 381 420
55 374 400
56 303 438
57 237 437
