Duration[s]: 3601.2 Porcentaje: 0.800698 TerminoTodo: 0
Convexos: 9 VerticesConvexos: 77
0 8 9 57 58 59 60
0 1 2 3 4 5 6 7 8
10 11 12 13 14 15 16
18 19 20 21 22 23 24 25 26
39 40 41 42 43 44 45 46 47 48 49 50
36 37 38 39 50 51 52 53
32 33 34 35 36 53 54
17 18 26 27 28 29 30 31 32 54 55
9 10 16 17 55 56 57
0 78 123
1 62 115
2 69 92
3 168.047 21.0777
4 323 17
5 349 32
6 321 58
7 310 62
8 182 104
9 212 132
10 270 131
11 314 91
12 383 41
13 418 41
14 453 75
15 399 113
16 363 132
17 419 167
18 443 152
19 443 115
20 478 83
21 489 75
22 499 70
23 550 114
24 556 135
25 553 183
26 526 208
27 563 259
28 576 324
29 576 334
30 569.018 438.737
31 554 450
32 526 453
33 491 479
34 440 479
35 430 474
36 385 423
37 349 473
38 315 459
39 272 426
40 206 438
41 170 441
42 78 413
43 68 376
44 80 316
45 86 302
46 99 281
47 127 270
48 169 270
49 215 284
50 260 323
51 298 277
52 353 291
53 368 324
54 424 329
55 369 218
56 307 251
57 181 235
58 155 247
59 76 261
60 37 227
