Duration[s]: 3601.03 Porcentaje: 0.803161 TerminoTodo: 0
Convexos: 9 VerticesConvexos: 70
0 12 13 50 51 52 53
4 5 6 7 8 9 10 11 12
0 1 2 3 4 12
16 17 18 19 20 21 22
23 24 25 26 27 28
29 30 31 32 33 34 35 36 37
14 15 16 22 23 28 29 37
38 39 40 41 42 43 44 45 46 47 48 49
13 14 37 38 49 50
0 153 164
1 50 133
2 12 107
3 70 103
4 140 127
5 160 95
6 164 90
7 199 95
8 236 111
9 265 134
10 260 151
11 180 167
12 166 162
13 168 187
14 262 209
15 262 167
16 297 109
17 158 62
18 157 36
19 175 23
20 431.642 29.8743
21 546.391 78.0406
22 596 196
23 590 280
24 621 374
25 622 399
26 606 419
27 577 421
28 553 361
29 497 352
30 528 386
31 529 407
32 492 430
33 429 434
34 402 413
35 383 383
36 370 359
37 397 312
38 315 303
39 348 384
40 353 403
41 323 425
42 256 428
43 166 408
44 136 388
45 121 359
46 126 310
47 159 289
48 206 272
49 269 286
50 152 227
51 129 269
52 48 263
53 0 201
