Duration[s]: 3601.09 Porcentaje: 0.801605 TerminoTodo: 0
Convexos: 15 VerticesConvexos: 96
0 1 2 60 61 62 67
6 7 8 9 10 11 12
2 3 4 5 6 12
15 16 17 18 19 20 21
30 31 32 33 34 35 36
39 40 41 42 43 44 45
38 39 45 46 47
37 38 47 48 49 50
27 28 29 30 36 37 50
23 24 25 26 27 50 51
13 14 15 21 22 23 51
53 54 55 56 57 58
52 53 58 59
2 12 13 51 52 59 60
62 63 64 65 66 67
0 29 306
1 45 222
2 131 203
3 61 163
4 43 115
5 76 88
6 129 110
7 38.493 8
8 39 8
9 111 14
10 157 36
11 199 109
12 187 175
13 245 190
14 223 99
15 217 66
16 242 45
17 282 23
18 322 8
19 360 14
20 351 35
21 288 64
22 307 102
23 307 160
24 358 85
25 404 53
26 466.902 80.9564
27 409 230
28 454 238
29 549 282
30 582 317
31 564 342
32 471 408
33 425 415
34 415 410
35 413 380
36 465 346
37 373 334
38 357 409
39 502 422
40 592 353
41 608 353
42 616 367
43 613 401
44 553 451
45 447.222 479
46 210 479
47 188 446
48 252 328
49 311 290
50 361 260
51 297 260
52 223 285
53 155 377
54 168 471
55 135 479
56 128 479
57 111 446
58 125 323
59 188 277
60 124 239
61 86 319
62 65 359
63 104 386
64 80 457
65 67 479
66 44.0578 462.805
67 37 340
