Duration[s]: 3600 Porcentaje: 0.90081 TerminoTodo: 0
Convexos: 9 VerticesConvexos: 78
0 1 2 3 4 5 54 55 56 57 58 59
9 10 11 12 13 14 15 16 17
25 26 27 28
32 33 34 35 36 37 38 39 40
30 31 32 40 41
42 43 44 45 46
21 22 23 24 42 46 47 48 49 50 51 52 53
9 17 18 19 20 21 53 54
5 6 7 8 9 24 25 28 29 30 41 42 54
0 74 243
1 101 198
2 118 178
3 130 174
4 160 189
5 171 199
6 175 152
7 181 135
8 230 128
9 236 128
10 184 86
11 182 82
12 188 63
13 190.986 58.3659
14 198 58
15 219 65
16 262 85
17 267 97
18 335 54
19 428 46
20 435 83
21 402 132
22 463 95
23 492 81
24 476 134
25 515 150
26 542 120
27 562 149
28 534 167
29 542 217
30 541 235
31 578 292
32 559 327
33 582 393
34 583 413
35 579.461 440.131
36 524 444
37 496 442
38 483 429
39 469 408
40 494 350
41 486 297
42 412 301
43 466 330
44 465 358
45 422 374
46 376 365
47 348 386
48 324 396
49 272 397
50 232 395
51 211 363
52 214 331
53 249 289
54 209 266
55 207 289
56 204 312
57 173 331
58 115 319
59 79.3013 288.061
