Duration[s]: 3602.94 Porcentaje: 0.702834 TerminoTodo: 0
Convexos: 8 VerticesConvexos: 66
0 1 2 3 4 5 46 47 48 49 50 51
7 8 9 10 11 12 13 14
6 7 14 15 16 17
5 6 17 18 19 20 21 22
23 24 25 26 27 28 29 30 31 32 33 34 35
23 35 36 37 38
38 39 40 41 42
5 22 23 38 42 43 44 45 46
0 89 180
1 90 159
2 125 140
3 158 130
4 202 133
5 241 147
6 219 70
7 152 79
8 121 109
9 116 111
10 95 118
11 92 118
12 81 88
13 84.4443 53.5571
14 171 50
15 207 23
16 282 21
17 304 43
18 372 40
19 408 41
20 415 44
21 409 89
22 364 130
23 441 172
24 429 159
25 435 93
26 449 52
27 460 41
28 466 38
29 484 30
30 490 29
31 504 28
32 583.535 45.7907
33 596 105
34 592 191
35 549 208
36 583 241
37 534 315
38 473 344
39 520 357
40 585 385
41 505 424
42 448 450
43 445 461
44 404 459
45 359 421
46 321 380
47 308 444
48 251 456
49 222 461
50 119.616 444.524
51 81.144 411.752
