Duration[s]: 3601.15 Porcentaje: 0.801959 TerminoTodo: 0
Convexos: 7 VerticesConvexos: 66
0 1 2 3 4 15 45 46 50 51 52 53
6 7 8 9 10 11 12 13 14
4 5 6 14 15
21 22 23 24 25 26 27 28 29 30 31 32 33
17 18 19 20 21 33 34 35 36 37 38 39
15 16 17 39 40 41 42 43 44 45
46 47 48 49 50
0 121 216.25
1 142 169
2 156 160
3 167 156
4 201 147
5 221 107
6 234 107
7 196 76
8 214 54
9 265 30
10 287 33
11 323 45
12 351 57
13 348 109
14 320 141
15 268 284
16 312 303
17 337 327
18 323 288
19 323 258
20 364 202
21 458 182
22 361 179
23 355 178
24 345 171
25 343 157
26 344 151
27 391 129
28 522 79
29 544 71
30 565 77
31 569 96
32 559 151
33 555 164
34 592 277
35 592 299
36 566 457
37 522 469
38 514 468
39 398 409
40 398 434
41 380 442
42 345 450
43 292 450
44 290 447
45 270 372
46 227 373
47 214 456
48 190.115 464.8
49 163 428
50 155 371
51 144 361
52 126 343
53 121 296.333
