Duration[s]: 3605.77 Porcentaje: 0.801618 TerminoTodo: 0
Convexos: 4 VerticesConvexos: 51
0 1 2 3 37 38 39 40 41 42 43 44
19 20 21 22 23 24 25
10 11 12 13 14 15 16 17 18 19 25
3 4 5 6 7 8 9 10 25 26 27 28 29 30 31 32 33 34 35 36 37
0 80 105.762
1 107.519 67.7589
2 311.067 22.764
3 373 18
4 390 20
5 416 24
6 428 26
7 445 33
8 460 40
9 468 47
10 487 68
11 553 35
12 558 34
13 577 35
14 597.906 48.3037
15 616 86
16 624 216
17 624 228
18 618 237
19 533 298
20 596 328
21 576 352
22 522 370
23 511 366
24 480 347
25 433 284
26 408 365
27 393 372
28 377 378
29 342 374
30 325 366
31 302 349
32 295 322
33 293 291
34 292 275
35 293 259
36 308 202
37 316 175
38 258 210
39 211 226
40 192 228
41 141 230
42 136 228
43 128.217 221.329
44 80 127.19
