Duration[s]: 3601.5 Porcentaje: 0.70214 TerminoTodo: 0
Convexos: 8 VerticesConvexos: 62
0 45 46 47
4 5 6 7 8 9 10
12 13 14 15 16 17 18 19
27 28 29 30 31 32 33 34 35 36
26 27 36 37
23 24 25 26 37 38 39 40 41
11 12 19 20 21 22 23 41 42 43
0 1 2 3 4 10 11 43 44 45
0 81 188
1 71 179
2 67 163
3 59.8996 94.8365
4 146 68
5 151.469 21.514
6 323 17
7 418 41
8 453 75
9 399 113
10 363 132
11 419 167
12 443 152
13 443 115
14 478 83
15 489 75
16 499 70
17 556.938 119.986
18 553 183
19 526 208
20 563 259
21 576 324
22 576 334
23 566.333 479
24 363.571 479
25 315 459
26 272 426
27 214 403
28 206 438
29 170 441
30 61.5984 408.008
31 80 316
32 86 302
33 99 281
34 127 270
35 169 270
36 215 284
37 241 322
38 298 277
39 353 291
40 416 336
41 460 368
42 424 329
43 369 218
44 307 251
45 228 238
46 76 261
47 37 227
