Duration[s]: 3600.72 Porcentaje: 0.90076 TerminoTodo: 0
Convexos: 11 VerticesConvexos: 84
0 1 2 53 54 60 61
11 12 13 14 15
20 21 22 23 24 25 26
27 28 29 30 31 32
36 37 38 39 40 41 42 43 44 45
35 36 45 46 47
26 27 32 33 34 35 47 48
10 11 15 16 20 26 48 49
2 3 4 5 6 7 8 9 10 49 50 51 52
54 55 56 57 58 59 60
2 16 17 18 19 20 52 53
0 65 263.095
1 88 239
2 184 230
3 115 164
4 102 148
5 98 120
6 111 102
7 128 92
8 149 87
9 185 92
10 236 123
11 195 55
12 123 71
13 121 25
14 170 12
15 222 22
16 271 54
17 318 16
18 330 34
19 363 89
20 376 126
21 442 63
22 571 89
23 589 107
24 559 191
25 467 229
26 418 198
27 498 272
28 560 228
29 626 202
30 591 314
31 564 327
32 503 310
33 486 371
34 428 405
35 401 348
36 356 362
37 362 414
38 343.333 442
39 273 442
40 255 438
41 228 420
42 215 365
43 219 346
44 251 325
45 321 295
46 359 295
47 387 304
48 385 274
49 319 238
50 308 251
51 278 270
52 258 270
53 187 289
54 178 363
55 201 393
56 201 403
57 148 431
58 71 405
59 85 383
60 119 350
61 65 298
