Duration[s]: 3602.79 Porcentaje: 0.901932 TerminoTodo: 0
Convexos: 15 VerticesConvexos: 100
0 1 6 61 62 71
1 2 3 4 5 6
11 12 13 14 15
9 10 11 15 16
28 29 30 31 32 33 34 35
23 24 25 26 27 28 35
21 22 23 35 36
20 21 36 37 38 39 40 41 42
46 47 48 49 50
20 42 43 44 45 46 50 51
17 18 19 20 51 52 53 54 55 56 57 58 59
8 9 16 17 59 60
6 7 8 60 61
63 64 65 66 67 68
62 63 68 69 70 71
0 9 228.045
1 62 216
2 47.0213 101.932
3 77 98
4 111 121
5 119 149
6 92 221
7 157 193
8 171 207
9 218 181
10 181 147
11 271 117
12 260 74
13 317 95
14 352 148
15 312 192
16 260 195
17 277 238
18 295 213
19 335 242
20 347 264
21 393 247
22 369 195
23 406 172
24 364 133
25 367 107
26 377 79
27 417 61
28 497 114
29 516 30
30 561 35
31 585 93
32 589 134
33 584 163
34 539 195
35 484 198
36 437 237
37 560 218
38 582 233
39 613 272.857
40 613 302
41 584 302
42 493 293
43 577 323
44 579 332
45 576 358
46 543 364
47 496.281 417.797
48 448 414
49 378 386
50 367 305
51 351 288
52 340 332
53 332 356
54 317 387
55 291 399
56 270 400
57 227 387
58 223 375
59 230 334
60 171 234
61 131 246
62 114 294
63 196 330
64 214 343
65 212 416
66 176 447
67 138 425
68 138 388
69 106 373
70 65 351
71 9 300.744
