Duration[s]: 3601.06 Porcentaje: 0.404026 TerminoTodo: 0
Convexos: 4 VerticesConvexos: 37
0 1 2 3 4 28 29 30
8 9 10 11 12 13 14 15 16 17 18
8 18 19 20 21 22 23 24
4 5 6 7 8 24 25 26 27 28
0 25 223
1 33.9251 66.8116
2 85.2936 24.616
3 121 59
4 164 105
5 189 57
6 209 47
7 244 32
8 288 23
9 342 13
10 409 13
11 639 57.5161
12 639 350.875
13 623.502 418.68
14 582 422
15 581 422
16 555 416
17 521 403
18 483 367
19 488 436
20 487 440
21 380 479
22 253.167 479
23 210 442
24 217 392
25 161 445
26 155 450
27 106 425
28 100 368
29 52 375
30 25 364.875
