Duration[s]: 3601.08 Porcentaje: 0.901583 TerminoTodo: 0
Convexos: 7 VerticesConvexos: 82
0 1 13 14 15 16 65 66 67
2 3 4 5 6 7 8 9 10 11 12
20 21 22 23 24 25 26 27 28 29 30 31 32 33 34 35 36 37 38 39 40 41 42 43 44 45 46
19 20 46 47 48 49 50 51 52 53 54
18 19 54 55 56 57
16 17 18 57 58 59 60 65
1 2 12 13 60 61 62 63 64 65
0 36 384
1 72 332
2 59 242
3 41 229
4 39.5394 186.642
5 53.0593 106.649
6 92 64
7 180.421 22
8 191 22
9 206 46
10 207 192
11 163 230
12 114 246
13 151 302
14 170 300
15 206 328
16 211 365
17 272 376
18 344 405
19 500 401
20 495 377
21 384 386
22 373 386
23 342 380
24 313 372
25 293 364
26 274 352
27 266 343
28 257 332
29 252 323
30 246 312
31 244 302
32 241 265
33 240 251
34 245 242
35 261 226
36 303 185
37 320 171
38 342 161
39 355 157
40 370 155
41 415 150
42 433 153
43 450 160
44 481 177
45 493 186
46 509 212
47 516 173
48 519 157
49 536 142
50 545 140
51 552 152
52 576 385.6
53 576 429
54 519 448
55 457 451
56 437 450
57 372 425
58 331 453
59 326 456
60 231 453
61 217 461
62 189 467
63 161 469
64 139 463
65 99 430
66 49 439
67 45.8464 438.155
