Duration[s]: 3602.97 Porcentaje: 0.900592 TerminoTodo: 0
Convexos: 15 VerticesConvexos: 112
0 70 71 72 81 82 83
16 17 18 19 20 21 22 23
24 25 26 27 28 29 30 31 32 33 34 35 36 37 38
16 23 24 38 39
12 13 14 15 16 39 40 41 42 43
11 12 43 44
6 7 8 9 10 11 44
47 48 49 50 51 52 53 54 55 56 57
46 47 57 58 59 60
45 46 60 61 62 63 64 65
3 4 5 6 44 45 65 66 67
1 2 3 67 68
0 1 68 69 70
72 73 74 75 76 77 78
72 78 79 80 81
0 27 95
1 103 35
2 141 19
3 208 53
4 260 44
5 271 45
6 314 82
7 349 52
8 369 45
9 384 45
10 389 63
11 393 94
12 461 65
13 499 56
14 531.565 59.1149
15 537 142
16 517 211
17 555 246
18 586 278
19 629 405.346
20 629 479
21 586 479
22 578 465
23 558 395
24 527 409
25 549 447
26 548 452
27 536 464
28 526 469
29 515 473
30 496 476
31 464 478
32 440 474
33 422 455
34 410 427
35 402 404
36 418 386
37 450 366
38 476 350
39 449 295
40 420 285
41 394 249
42 402 205
43 415 163
44 357 139
45 331 240
46 287 261
47 290 295
48 371 312
49 382 323
50 382 354
51 351 452
52 329 464
53 308 465
54 283 455
55 242 436
56 230 426
57 225 405
58 221 393
59 221 359
60 227 265
61 130 254
62 96 211
63 105 184
64 155 184
65 287 222
66 215 157
67 187 74
68 150 75
69 134 136
70 75 140
71 75 180
72 74 239
73 136 285
74 157 305
75 167 384
76 148 402
77 116 393
78 94 323
79 82 312
80 56 284
81 67 252
82 49 239
83 27 146.6
