Duration[s]: 212.614 Porcentaje: 0.722721 TerminoTodo: 1
Convexos: 4 VerticesConvexos: 37
0 1 2 19 20 21 22 23 29 30
9 10 11 12 13 14 15 16 17 18
2 3 4 5 6 7 8 9 18 19
23 24 25 26 27 28 29
0 60 179
1 102.308 73.2308
2 154.931 42.2759
3 239 24
4 372 15
5 446.559 24.4678
6 561 92.6923
7 561 142
8 545 183
9 472 277
10 562 337
11 567 368
12 554.412 479
13 450 479
14 429 463
15 409 439
16 400 426
17 344 267
18 377 253
19 204 137
20 217 176
21 223 197
22 218 229
23 174 316
24 307 384
25 326 414
26 317 427
27 290 445
28 263 460
29 93.4762 424.577
30 61 257
