Duration[s]: 3602.02 Porcentaje: 0.704083 TerminoTodo: 0
Convexos: 5 VerticesConvexos: 44
0 31 32 33 34 35
17 18 19 20 21 22 23 24 25 26 27 28 29
12 13 14 15 16 17 29 30
4 5 6 7 8 9 10 11 12 30
0 1 2 3 4 30 31
0 104 327
1 65 298
2 67 261
3 88 239
4 162 193
5 115 164
6 102 148
7 98 120
8 121 25
9 170 12
10 318 16
11 330 34
12 363 89
13 442 63
14 571 89
15 593.146 95.3901
16 559 191
17 470 248
18 626 202
19 591 314
20 428 405
21 346 438
22 273 442
23 255 438
24 228 420
25 215 365
26 219 346
27 251 325
28 321 295
29 385 274
30 345 231
31 179 332
32 201 393
33 201 403
34 148 431
35 71 405
