Duration[s]: 3603.96 Porcentaje: 0.801886 TerminoTodo: 0
Convexos: 7 VerticesConvexos: 66
0 52 53
5 6 7 8 9 10 11 12 13 14
1 2 3 4 5 14 15 16 17 18
31 32 33 34 35 36 37 38 39 40
26 27 28 29 30 31 40 41
43 44 45 46 47 48 49 50 51 52
0 1 18 19 20 21 22 23 24 25 26 41 42 43 52
0 61 301
1 102 186
2 97 180
3 80 151
4 85 133
5 99 119
6 102 84
7 104 62
8 107 42
9 110.551 24.2462
10 193 18
11 224 19
12 276 34
13 284 38
14 298 50
15 421 16
16 433 14
17 436 23
18 427 48
19 511 21
20 522 20
21 544.167 20
22 574.262 41.2439
23 579 136
24 579 154
25 577 166
26 558 240
27 589 274
28 593 292
29 588 340
30 583 346
31 559 372
32 596 428
33 597 442
34 595.184 476.509
35 534 470
36 374 417
37 361 402
38 362 338
39 380 318
40 441 310
41 426 289
42 389 299
43 298 310
44 372 430
45 377 453
46 378 463
47 377 479
48 225 479
49 141.571 437.286
50 134 407
51 130 386
52 131 312
53 87 344
