Duration[s]: 3600.55 Porcentaje: 0.704123 TerminoTodo: 0
Convexos: 5 VerticesConvexos: 44
0 1 2 3 8 9 10 35
3 4 5 6 7 8
12 13 14 15 16 17 18 19 20 21 22 23 24 25
11 12 25 26 27 28 29 30
10 11 30 31 32 33 34 35
0 36 249
1 58 123
2 94 74
3 202 78
4 247.023 34
5 266 34
6 278 46
7 270 72
8 231 88
9 205 264
10 169 283
11 219 327
12 271 238
13 255 209
14 238 170
15 243 141
16 256 125
17 287 114
18 402 80
19 454 65
20 527 99
21 564.299 154.948
22 573 235
23 569 353
24 491 369
25 371 304
26 513 419
27 522 431
28 487 457
29 446 458
30 294 403
31 229 431
32 169 453
33 115 413
34 68 347
35 52 308
