Duration[s]: 3600.94 Porcentaje: 0.703008 TerminoTodo: 0
Convexos: 5 VerticesConvexos: 57
0 1 2 3 4 5 6 7 18 19 45 46 47 48
7 8 9 10 11 12 13 14 15 16 17 18
20 21 22 23 24 25 26 27 28
30 31 32 33 34 35 36 37 38 39 40 41
19 20 28 29 30 41 42 43 44 45
0 32 156
1 61 107
2 85 81
3 210.132 37.0347
4 236 36
5 265 41
6 288 51
7 299 57
8 421 48
9 449 49
10 480.2 59.4
11 530.684 97.2632
12 567 159
13 568 176
14 565 198
15 545 221
16 525 225
17 499 225
18 437 175
19 404 210
20 419 235
21 485 258
22 583 346
23 583 398
24 400 460
25 374 447
26 363 431
27 358 366
28 357 349
29 296 410
30 236 427
31 236 439
32 198 442
33 129 439
34 96 436
35 55 403
36 52 388
37 51 372
38 51 358
39 55 357
40 73 363
41 218 415
42 180 389
43 108 338
44 71 303
45 119 240
46 61 216
47 55 213
48 31 165
