Duration[s]: 3601.39 Porcentaje: 0.701459 TerminoTodo: 0
Convexos: 4 VerticesConvexos: 36
0 1 2 3 4 5 13 14 27 28 29
5 6 7 8 9 10 11 12 13
15 16 17 18 19 20 21 22 23
14 15 23 24 25 26 27
0 35 104.375
1 100.261 63.587
2 341 54
3 354.707 54
4 403 98
5 399 128
6 472 192
7 480 304
8 474.634 407.749
9 409 414
10 399 409
11 293 304
12 288 282
13 302 222
14 237 225
15 238 276
16 271 336
17 271 351
18 180 409
19 128 429
20 107.583 429
21 102 406
22 103 393
23 129 325
24 84 278
25 73 258
26 73 238
27 116 226
28 43 161
29 35 130
