Duration[s]: 3600.08 Porcentaje: 0.801779 TerminoTodo: 0
Convexos: 7 VerticesConvexos: 54
0 1 2 3 4 5 39 40 41
6 7 8 9 10 11 12 13 14
15 16 17 18 19 20 21 22
25 26 27 28 29 30 31
15 22 23 24 25 31 32
6 14 15 32 33
5 6 33 34 35 36 37 38 39
0 24 137
1 89.28 35
2 114 35
3 164 52
4 172 65
5 172 177
6 280 269
7 213 205
8 198 128
9 203 77
10 230 53
11 254 48
12 281 63
13 286 89
14 288 160
15 306 109
16 317 93
17 326 83
18 345 77
19 429 78
20 468 93
21 481 125
22 411 136
23 495 158
24 519 195
25 518 280
26 536 310
27 498 380
28 428 392
29 408 257
30 414 239
31 424 214
32 379 174
33 327 315
34 330 358
35 298 407
36 250 417
37 120.228 413.145
38 84 362
39 104 272
40 47 194
41 33 173
