Duration[s]: 3601.58 Porcentaje: 0.9001 TerminoTodo: 0
Convexos: 17 VerticesConvexos: 114
0 1 25 26 81
13 14 15 16 17
9 10 11 12 13 17
8 9 17 18 19 20 21
3 4 5 6 7 8
3 8 21 22
1 2 3 22 23 24 25
34 35 36 37 38 39 40
52 53 54 55 56 57 58 59
49 50 51 52 59 60
41 42 43 44 45 46 47 48 49 60 61 62 63 64
33 34 40 41 64 65
65 66 67 68 69 70 71
71 72 73 74 75 76 77
32 33 65 71 77 78 79 80
27 28 29 30 31 32 80
26 27 80 81
0 18.4118 123.118
1 114 54
2 155 51
3 250 61
4 323 26
5 353 29
6 355 46
7 355 76
8 349 106
9 419 91
10 409 49
11 451.714 26
12 469.549 26
13 523 84
14 598 89
15 569 128
16 528 137
17 473 107
18 424 154
19 398 166
20 352 149
21 345 135
22 276 100
23 263 124
24 255 137
25 213 116
26 73 148
27 140 192
28 183 158
29 231 166
30 248 201
31 229 222
32 159 276
33 341 311
34 345 288
35 303 241
36 282 200
37 299 176
38 317 162
39 380 192
40 372 237
41 408 202
42 428 194
43 446 189
44 464 186
45 479 186
46 502 190
47 516 196
48 557 216
49 555 281
50 622 247
51 616 315
52 584 392
53 618 404
54 633 455
55 633 479
56 612.2 479
57 533 455
58 499 434
59 509 398
60 496 359
61 457 374
62 418 365
63 394 330
64 393 309
65 336 360
66 398 436
67 422 478
68 422 479
69 369 479
70 347 470
71 295 416
72 280 466
73 262 477
74 224.842 474.346
75 165 443
76 159 423
77 181 386
78 144 348
79 116 318
80 81 276
81 13 161
