Duration[s]: 3572.01 Porcentaje: 0.706618 TerminoTodo: 1
Convexos: 4 VerticesConvexos: 42
0 1 32 33 34 35
6 7 8 9 10 11 12 13 14 15 16 17 18 19 20
20 21 22 23 24 25 26 27 28 29 30
1 2 3 4 5 6 20 30 31 32
0 33 259
1 126 212
2 117 181
3 116 161
4 115 60
5 140 64
6 314 97
7 341 80
8 364 70
9 410 55
10 437 48
11 461 44
12 494 40
13 550 40
14 582 49
15 606 59
16 599 82
17 587 110
18 574 125
19 550 145
20 432 204
21 512 202
22 531 207
23 564 222
24 605 268
25 631 372
26 624.17 394.197
27 531 408
28 390 404
29 363 385
30 313 333
31 240 368
32 191 376
33 116 382
34 95 383
35 33 351.279
