Duration[s]: 3600.14 Porcentaje: 0.603803 TerminoTodo: 0
Convexos: 4 VerticesConvexos: 34
0 19 20 26 27
2 3 4 5 6 7 8 9 10 11 12 13 14 15 16 17 18
0 1 2 18 19
20 21 22 23 24 25 26
0 29 45
1 245 8
2 532.869 14.3971
3 627.953 89.1059
4 632 166
5 596.074 358.564
6 466.908 429.945
7 408 427
8 387 423
9 349 411
10 316 396
11 290 378
12 270 352
13 248 292
14 243 238
15 243 187
16 263 131
17 304 76
18 336 43
19 263 45
20 131 228
21 168 230
22 269 417
23 287 455
24 232 472
25 50.7196 461.641
26 25 312
27 4 84
