Duration[s]: 3600.93 Porcentaje: 0.705997 TerminoTodo: 0
Convexos: 8 VerticesConvexos: 65
0 1 2 3 41 42 43 50
7 8 9 10 11 12 13 14 15 16 17 18 19
5 6 7 19 20
25 26 27 28 29 30
33 34 35 36 37 38 39 40
22 23 24 25 30 31 32 33 40
3 4 5 20 21 22 40 41
43 44 45 46 47 48 49 50
0 67 318
1 78 310
2 119 286
3 183 278
4 124 262
5 85 248
6 52 177
7 31 105
8 29 94
9 65.0981 44.3651
10 127 36
11 179 55
12 200 68
13 227 90
14 245 116
15 236 140
16 231 148
17 197 152
18 173 149
19 105 134
20 105 186
21 186 201
22 309 234
23 275 143
24 275 116
25 388 128
26 269 92
27 272 52
28 459.545 41.7236
29 544 93
30 560 173
31 570 198
32 529 236
33 473 271
34 547 277
35 580 292.968
36 580 417.615
37 475 443
38 400 418
39 365 341
40 379 303
41 316 312
42 341 356
43 347 376
44 361 393
45 350 406
46 314 423
47 291 430
48 257 433
49 120.725 428.87
50 38.2459 357.537
