Duration[s]: 3602.58 Porcentaje: 0.902558 TerminoTodo: 0
Convexos: 5 VerticesConvexos: 67
0 1 2 48 49 50 51 52 53 54 55 56 57 58
33 34 35 36 37 38 39 40 41 42
27 28 29 30 31 32 33 42 43
13 14 15 16 17 18 19 20 21 22 23 24 25 26 27 43 44 45 46 47
2 3 4 5 6 7 8 9 10 11 12 13 47 48
0 36 185.5
1 56.5 154.75
2 142.644 99.3717
3 202.143 80
4 260.241 80
5 450.543 113.046
6 523.644 133.212
7 553 152
8 569 185.333
9 569 205
10 562 219
11 556 224
12 550 228
13 497 251
14 529 257
15 544 264
16 550 268
17 560 283
18 562 292
19 564 308
20 564 321
21 562.508 340.39
22 552 353
23 539 361
24 516 369
25 512 370
26 503 370
27 442 367
28 489 385
29 501 396
30 488 424
31 447.731 441.258
32 375 447
33 289.392 440.796
34 221 412
35 206 399
36 197 383
37 197 373
38 218 351
39 254 325
40 280 313
41 305 345
42 306 357
43 324 344
44 300 320
45 313 270
46 325 232
47 340 225
48 268 190
49 271 245
50 270 262
51 256 275
52 239 287
53 206 307
54 150 319
55 122 323
56 114 318
57 83 295
58 36 246.321
