Duration[s]: 3602.48 Porcentaje: 0.900355 TerminoTodo: 0
Convexos: 9 VerticesConvexos: 77
0 1 2 37 38 39 40 41 42 59 60
12 13 14 15 16 17 18 19 20 21 22
11 12 22 23 24 25 26
10 11 26 27
9 10 27 28 29
5 6 7 8 9 29 30
2 3 4 5 30 31 32 33 34 35 36 37
43 44 45 46 47 48 49 50 51 52
42 43 52 53 54 55 56 57 58 59
0 60 179
1 102.308 73.2308
2 154.931 42.2759
3 239 24
4 372 15
5 446.559 24.4678
6 561 92.6923
7 561 142
8 545 183
9 519 190
10 485 207
11 472 277
12 512 325
13 562 337
14 567 368
15 556 465
16 519.385 479
17 450 479
18 429 463
19 409 439
20 400 426
21 411 412
22 429 393
23 385 352
24 368 327
25 344 267
26 377 253
27 423 197
28 428 165
29 442 140
30 428 106
31 393 167
32 369 183
33 360 187
34 321 191
35 303 190
36 259 173
37 204 137
38 217 176
39 223 197
40 218 229
41 182 282
42 172 296
43 174 316
44 307 384
45 326 414
46 317 427
47 290 445
48 263 460
49 239 453
50 220 444
51 195 426
52 172 380
53 153 412
54 129 432
55 93.2667 412.644
56 86 386
57 82 355
58 92 333
59 120 300
60 61 257
