Duration[s]: 3603.13 Porcentaje: 0.90175 TerminoTodo: 0
Convexos: 14 VerticesConvexos: 111
0 1 2 3 4 5 6 71 72 82 83 84
10 11 12 13 14 15 16 17 18 19 20 21 22 23 24 25
8 9 10 25 26
32 33 34 35 36 37 38 39 40 41
27 28 29 30 31 32 41 42
47 48 49 50 51 52
43 44 45 46 47 52 53 54 55 56 57 58 59 60 61
63 64 65 66 67
62 63 67 68 69 70
7 8 26 27 42 43 61 62 70
6 7 70 71
75 76 77 78 79
73 74 75 79 80
72 73 80 81 82
0 60 78
1 74 15
2 114 11
3 138 23
4 156 91
5 165 141
6 166 176
7 187 191
8 233 168
9 219 137
10 258 110
11 201 95
12 176 65
13 181 52
14 216 30
15 225 26
16 230 25
17 255 25
18 267 26
19 276.721 26.9531
20 284 28
21 302 33
22 367 57
23 372 77
24 372 87
25 335 118
26 378 131
27 414 123
28 401 83
29 398 58
30 430 49
31 464 56
32 485 92
33 555 71
34 569 78
35 571 94
36 571 128
37 556 140
38 528 149
39 509 154
40 490 152
41 476 143
42 436 170
43 433 222
44 467 182
45 481 182
46 504 190
47 514 201
48 607 258
49 621 276
50 622 305
51 616 332
52 579 341
53 607 417
54 599.184 438.215
55 556.429 478.595
56 489 480
57 452 479
58 414 475
59 393 462
60 387 445
61 375 304
62 277 306
63 287 382
64 322 331
65 328 367
66 307 411
67 264 423
68 220 386
69 214 365
70 211 271
71 144 255
72 117 277
73 136 360
74 154 374
75 201 430
76 340 472
77 342 479
78 244.419 479
79 111 435
80 100 374
81 66 338
82 111 275
83 75 206
84 58 120
