Duration[s]: 3600.6 Porcentaje: 0.7018 TerminoTodo: 0
Convexos: 4 VerticesConvexos: 38
0 1 2 3 26 27 28 29 30 31
13 14 15 16 17 18 19 20 21 22
8 9 10 11 12 13 22 23
3 4 5 6 7 8 23 24 25 26
0 83.091 63.4597
1 231 38
2 262 44
3 298 78
4 369 24
5 396 4
6 417 19
7 459 83
8 455 178
9 481 57
10 500 49
11 593 76
12 626 296
13 619.445 395.424
14 573 423
15 553 423
16 395 412
17 342 354
18 341 333
19 347 311
20 365 303
21 419 290
22 493 313
23 443 241
24 377 257
25 345 261
26 316 251
27 308 376
28 273 407
29 199.618 410.494
30 135.394 359.115
31 65 89
