Duration[s]: 3600.08 Porcentaje: 0.703536 TerminoTodo: 0
Convexos: 6 VerticesConvexos: 62
0 1 2 3 46 47 48 49 50 51
15 16 17 18 19 20 21
14 15 21 22 23 24 25 26 27 28
8 9 10 11 12 13 14 28 29 30 31
34 35 36 37 38 39 40 41 42 43 44 45 46
3 4 5 6 7 8 31 32 33 34 46
0 46 371
1 49.3204 109.792
2 63 118
3 94 152
4 93 100
5 120 83
6 160.22 60.8791
7 204 70
8 212 83
9 320.886 46
10 486.41 46
11 546 129
12 545 164
13 536 192
14 516 236
15 540 274
16 600 331
17 616 455
18 612 467
19 589 462
20 552 449
21 513 385
22 468 440
23 446 453
24 404 451
25 375 424
26 313 342
27 399 264
28 427 251
29 311 261
30 294 241
31 256 177
32 268 273
33 256 309
34 234 340
35 282 369
36 303 388
37 307 422
38 305 430
39 301 441
40 298 444
41 289 450
42 253 452
43 213.327 453.526
44 184 438
45 176 409
46 166 358
47 132 404
48 121 411
49 114 413
50 95 413
51 49.1034 400.483
