Duration[s]: 3600.59 Porcentaje: 0.704066 TerminoTodo: 0
Convexos: 5 VerticesConvexos: 40
0 1 2 25 26 27 28 29 30 31
11 12 13 14 15 16 17 18 19 20
8 9 10 11 20 21
6 7 8 21 22 23 24
2 3 4 5 6 24 25
0 82 65
1 109 59
2 173 84
3 206 48
4 231 38
5 262 44
6 276 75
7 396 4
8 417 19
9 593 76
10 626 296
11 619.445 395.424
12 573 423
13 553 423
14 395 412
15 342 354
16 341 333
17 347 311
18 365 303
19 419 290
20 527 317
21 443 241
22 377 257
23 345 261
24 316 251
25 297 352
26 308 376
27 273 407
28 231 409
29 150.343 385.734
30 108 254
31 65 89
