Duration[s]: 3602.1 Porcentaje: 0.801234 TerminoTodo: 0
Convexos: 6 VerticesConvexos: 58
0 1 45 46 47
9 10 11 12 13
8 9 13 14 15 16 17 18 19
23 24 25 26 27 28 29 30 31
7 8 19 20 21 22 23 31 32 33
1 2 3 4 5 6 7 33 34 35 36 37 38 39 40 41 42 43 44 45
0 35 183
1 67 155
2 49 92
3 76 60
4 146 20
5 297 28
6 328 33
7 349 176
8 441 147
9 446 125
10 431 87
11 446 40
12 473 45
13 476 106
14 578 49.3333
15 578 88
16 554 117
17 547 124
18 501 140
19 467 148
20 543 260
21 521 282
22 503 291
23 445 319
24 472 374
25 455 408
26 421 418
27 385 414
28 378 409
29 370 364
30 370 348
31 385 314
32 354 297
33 348 274
34 330 408
35 327 413
36 308 420
37 298 423
38 256 431
39 219.568 422.326
40 185 398
41 181 395
42 154 364
43 150 359
44 129 331
45 93 234
46 85 301
47 28 320
