Duration[s]: 3600.77 Porcentaje: 0.80066 TerminoTodo: 0
Convexos: 12 VerticesConvexos: 85
0 1 2 3 23 24 60 61 62
8 9 10 11 12 13 14
7 8 14 15 16 17 18 19
3 4 5 6 7 19 20 21 22 23
55 56 57 58
54 55 58 59 60
33 34 35 36 37 38 39
32 33 39 40
32 40 41 42
30 31 32 42 43 44 45 46 47 48 49
29 30 49 50 51 52 53
24 25 26 27 28 29 53 54 60
0 41 137.273
1 128 74
2 180 52
3 320 17
4 459.143 17
5 597.467 41.2068
6 602 82
7 601 120
8 627 247
9 627 332
10 609 423
11 583 395
12 575 324
13 581 296
14 607 263
15 588 253
16 574 230
17 574 215
18 575 189
19 586 145
20 432 165
21 387 149
22 350 134
23 294 99
24 270 160
25 329 170
26 349 175
27 359 183
28 366 198
29 365 265
30 419 242
31 431 238
32 522 257
33 477 207
34 482 187
35 498 168
36 539 153
37 577 156
38 567 203
39 546 222
40 578 258
41 597 274
42 563 297
43 568 315
44 578 404
45 578 421
46 548 433
47 504 428
48 469 400
49 412 352
50 380 424
51 347 445
52 260 444
53 256 343
54 210 356
55 164 398
56 208 447
57 163 446
58 116 389
59 138 317
60 170 289
61 93 301
62 41 260.556
