Duration[s]: 3601.27 Porcentaje: 0.801517 TerminoTodo: 0
Convexos: 10 VerticesConvexos: 79
0 1 2 3 18 19 60
9 10 11 12 13
8 9 13 14 15 16 17
3 4 5 6 7 8 17 18
37 38 39 40 41 42 43 44
34 35 36 37 44 45
25 26 27 28 29 30 31 32 33 34 45 46 47 48
49 50 51 52 53 54 55 56
24 25 48 49 56 57 58 59
19 20 21 22 23 24 59 60
0 18.4118 123.118
1 114 54
2 155 51
3 250 61
4 323 26
5 353 29
6 355 46
7 355 76
8 349 106
9 419 91
10 409 49
11 451.714 26
12 469.549 26
13 523 84
14 598 89
15 569 128
16 398 166
17 255 137
18 213 116
19 73 148
20 183 158
21 231 166
22 248 201
23 229 222
24 159 276
25 341 311
26 303 241
27 282 200
28 299 176
29 317 162
30 479 186
31 502 190
32 516 196
33 557 216
34 555 281
35 622 247
36 616 315
37 584 392
38 618 404
39 633 455
40 633 479
41 612.2 479
42 533 455
43 499 434
44 509 398
45 496 359
46 457 374
47 418 365
48 359 332
49 336 360
50 398 436
51 422 478
52 422 479
53 233.727 479
54 165 443
55 159 423
56 181 386
57 144 348
58 116 318
59 81 276
60 13 161
