Duration[s]: 3600.69 Porcentaje: 0.700533 TerminoTodo: 0
Convexos: 4 VerticesConvexos: 37
0 21 22 26 27 28 29 30
6 7 8 9 10 11 12 13 14 15 16 17
0 1 2 3 4 5 6 17 18 19 20 21
22 23 24 25 26
0 47 164.5
1 93 130
2 192.088 71.448
3 279 73
4 311 79
5 347 92
6 401 140
7 395 73
8 422 59
9 445 50
10 479 46
11 504 46
12 552.168 84.027
13 595 237
14 586 331
15 540 369
16 429 383
17 424 377
18 334 429
19 301 435
20 260 430
21 163 332
22 239 442
23 346 460
24 351 479
25 270 479
26 196 457
27 142 471
28 87 438
29 56.945 391.551
30 47 220
