Duration[s]: 3604.36 Porcentaje: 0.801397 TerminoTodo: 0
Convexos: 6 VerticesConvexos: 64
0 1 2 10 11 12 13 49 50 51
2 3 4 5 6 7 8 9 10
16 17 18 19 20 21 22 23 24 28 29 30 31
34 35 36 37 38 39 40 41 42 43 44
13 14 33 34 44 45 46 47 48 49
14 15 16 24 25 26 27 28 31 32 33
0 130 259
1 134 235
2 157 213
3 96 177
4 82 154
5 87 142
6 104 108
7 237 90
8 272 114
9 288 140
10 268 173
11 294 186
12 313 247
13 310 270
14 375 276
15 349 225
16 383 184
17 332 98
18 329 79
19 341 69
20 364 59
21 417 45
22 435 50
23 469 67
24 503 97
25 543 97
26 582 117
27 602.664 142.83
28 591 218
29 601 287
30 576 304
31 534 284
32 496 290
33 451 285
34 469 301
35 491 301
36 519 303
37 537 307
38 549 310
39 594 327
40 615 348
41 612.639 404.657
42 497 418
43 490 411
44 481 387
45 444 409
46 408 427
47 373 427
48 248 423
49 211 337
50 183 347
51 155 330
