Duration[s]: 3602.09 Porcentaje: 0.90024 TerminoTodo: 0
Convexos: 10 VerticesConvexos: 83
0 1 2 3 58 59 60 61 62
46 47 48 49 50 51 52 53 54 55 56
4 5 6 7 8 9 10
12 13 14 15 16 17
31 32 33 34 35 36 37 38 39 40 41 42 43 44
22 23 24 25 26 27 28 29
18 22 29 30
11 12 17 18 30 31 44 45
3 4 10 11 45 57 58
18 19 20 21 22 45 46 56 57
0 93 59.5
1 138 58
2 165 58
3 205 105
4 247 104
5 226 75
6 239 65
7 277 56
8 348 51
9 382 80
10 337 118
11 367 146
12 400 111
13 393 99
14 390 83
15 438 16
16 461 30
17 447 82
18 509 50
19 529 55
20 559 80
21 561 99
22 532 136
23 565 153
24 569 158
25 595 208
26 592 246
27 580 260
28 554 254
29 519 213
30 478 225
31 466 262
32 492 237
33 522 234
34 530 250
35 544 324
36 546 336
37 546 357
38 532 379
39 498.778 392
40 444 392
41 422 387
42 400 374
43 388 358
44 381 344
45 370 264
46 303 290
47 311 359
48 284 380
49 266 384
50 221.231 384
51 152 324
52 146 280
53 147 238
54 202 220
55 244 228
56 264 240
57 293 215
58 247 172
59 204 195
60 193 192
61 105 99
62 93 85
