Duration[s]: 3602.51 Porcentaje: 0.902685 TerminoTodo: 0
Convexos: 15 VerticesConvexos: 108
0 1 2 66 67 68 79
28 29 30 31 32 33 34 35 36 37 38 39 40 41
22 23 24 25 26 27 28 41 42
14 15 16 17 18 19 20 21 22 42 43
13 14 43 44
10 11 12 13 44 45
7 8 9 10 45 46 47 48
5 6 7 48 49 50 51
4 5 51 52
54 55 56 57 58 59 60 61
52 53 54 61 62 63 64 65
3 4 52 65 66
2 3 66
69 70 71 72 73 74 75 76
68 69 76 77 78 79
0 58.8156 129.33
1 117 64
2 193 14
3 296 17
4 376 46
5 437 26
6 486 17
7 590 17
8 600 73
9 596 142
10 591 181
11 620 209
12 639 230.375
13 639 332.23
14 512 397
15 464 461
16 358 461
17 344 447
18 320 412
19 304 381
20 299 369
21 296 310
22 297 287
23 298 276
24 303 267
25 321 254
26 329 249
27 444 203
28 455 203
29 435 118
30 434 111
31 434 99
32 437 94
33 440 92
34 450 92
35 457 94
36 522 141
37 541 173
38 543 192
39 541 222
40 523 240
41 498 258
42 386 283
43 483 352
44 566 297
45 572 256
46 550 118
47 557 85
48 573 41
49 525 94
50 497 101
51 456 71
52 402 112
53 441 149
54 419 186
55 354 212
56 325 218
57 279 207
58 219 189
59 163 164
60 154 134
61 256 146
62 228 104
63 223 93
64 243 54
65 295 62
66 241 21
67 189 81
68 112 134
69 177 194
70 193 209
71 239 267
72 245 298
73 237 333
74 161 337
75 129 303
76 142 269
77 92 216
78 63 185
79 50 169
