Duration[s]: 3600.54 Porcentaje: 0.900345 TerminoTodo: 0
Convexos: 9 VerticesConvexos: 68
0 1 2 3 4 5 6 48 49 50 51
11 12 13 14 15
17 18 19 20 21 22 23
16 17 23 24 25 26
15 16 26 27 28 29
11 15 29 30 31 32 33 34
10 11 34 35 36 37 38
9 10 38 39 40 41 42 43 44 45 46 47
6 7 8 9 47 48
0 36 272
1 54 247
2 82 231
3 119 222
4 162 233
5 207 263
6 257 319
7 303 324
8 323 330
9 337 358
10 393 318
11 373 277
12 260 261
13 234 222
14 263 178
15 356 203
16 340 145
17 300 137
18 188 181
19 132 164
20 97 137
21 98 101
22 138 91
23 222 114
24 208 51
25 258 38
26 332 71
27 406 32
28 434 53
29 426 133
30 497 86
31 513 91
32 538 118
33 553 151
34 476 217
35 552 213
36 572 220
37 579 256
38 590 326
39 616 350
40 605 373
41 534 435
42 442 443
43 405 442
44 385 438
45 344 427
46 334 420
47 315 406
48 239 348
49 143 378
50 94 382
51 36 354
