Duration[s]: 3600.64 Porcentaje: 0.901779 TerminoTodo: 0
Convexos: 13 VerticesConvexos: 93
0 1 2 3 66 67 68
12 13 14 15 16 17 18 19 20 21 22
33 34 35 36 37 38 39 40
32 33 40 41
26 27 28 29 30 31 32 41
25 26 41 42
9 10 11 12 22 23 24 25 42 43
45 46 47 48 49 50 51
45 51 52 53
55 56 57 58 59 60 61 62 63 64
44 45 53 54 55 64 65
8 9 43 44 65 66
3 4 5 6 7 8 66
0 39 397
1 42 362
2 55 320
3 85 284
4 61 217
5 78 175
6 119 140
7 150 168
8 168 222
9 235 191
10 195 159
11 142 114
12 136 102
13 87 134
14 77 138
15 70 138
16 66 136
17 48 121
18 45 111
19 43.657 76.0814
20 95.8333 52
21 104 52
22 152 81
23 249 59
24 268 61
25 337 94
26 365 53
27 417 43
28 442 44
29 513.719 85.4375
30 525 108
31 526 136
32 527 166
33 599 225.143
34 599 262
35 578 290
36 524 303
37 517 303
38 517 292
39 521 274
40 547 210
41 471 133
42 387 154
43 354 236
44 361 273
45 461 249
46 422 243
47 385 198
48 413 170
49 442 152
50 483 159
51 500 201
52 522 224
53 484 265
54 495 305
55 458 344
56 496 369
57 503 377
58 503 411
59 453.909 438
60 239.583 438
61 206 425
62 184 416
63 179 377
64 206 364
65 207 340
66 107 287
67 122 338
68 109 405
