Duration[s]: 3602.49 Porcentaje: 0.800326 TerminoTodo: 0
Convexos: 13 VerticesConvexos: 94
0 1 2 3 27 28 64 65 66 67
12 13 14 15 16
10 11 12 16 17 18
8 9 10 18 19 20 21 22 23
5 6 7 8 23
3 4 5 23 24 25 26 27
42 43 44 45 46 47 48 49
39 40 42 49 50
51 52 53 54 55 56
35 36 37 38 39 50 51 56
58 59 60 61 62 63
28 29 30 31 32 33 34 57 58 63 64
34 35 40 41 42 56 57
0 41 137.273
1 128 74
2 180 52
3 320 17
4 459.143 17
5 562 35
6 600 64
7 602 82
8 603 174
9 614 198
10 627 247
11 627 332
12 594 348
13 606 386
14 609 423
15 583 395
16 575 324
17 581 296
18 607 263
19 588 253
20 574 230
21 574 215
22 575 189
23 586 145
24 432 165
25 387 149
26 350 134
27 294 99
28 270 160
29 329 170
30 349 175
31 359 183
32 366 198
33 365 216
34 351 258
35 419 242
36 498 168
37 539 153
38 577 156
39 567 203
40 578 258
41 597 274
42 563 297
43 568 315
44 578 404
45 578 421
46 548 433
47 504 428
48 469 400
49 486 364
50 412 352
51 374 383
52 380 424
53 347 445
54 260 444
55 259 405
56 270 394
57 256 343
58 210 356
59 208 447
60 163 446
61 116 389
62 121 379
63 168 356
64 138 317
65 93 301
66 57 273
67 41 241
