Duration[s]: 3601.78 Porcentaje: 0.706722 TerminoTodo: 0
Convexos: 6 VerticesConvexos: 50
0 1 2 3 36 37 38 39
18 19 20 21 22 23 24 25 26
16 17 18 26 27
10 11 12 13 14 15 16 27 28
29 30 31 32 33 34 35 36
3 4 5 6 7 8 9 10 28 29 36
0 13 75.7391
1 70 103
2 92 116
3 102 126
4 144 62
5 179.938 12
6 257 12
7 324 41
8 362 64
9 378 82
10 419 139
11 442 87
12 453 68
13 485 55
14 518.521 43.8263
15 590 193
16 579 260
17 550 325
18 495 348
19 584 417
20 585.357 455
21 571 455
22 535 451
23 495 434
24 439 380
25 417 357
26 412 337
27 461 301
28 387 271
29 348 356
30 391 391
31 387 410
32 324 439
33 168 434
34 68 350
35 75 328
36 149 274
37 100 272
38 51 264
39 13 157.6
