Duration[s]: 3600.29 Porcentaje: 0.502835 TerminoTodo: 0
Convexos: 5 VerticesConvexos: 36
0 1 2 12 13 27
13 14 15 16 17 18 19 20 21 22
13 22 23 24 25 26 27
2 3 4 5 6 7
2 7 8 9 10 11 12
0 32 128
1 119.218 53.8647
2 397 23
3 530.121 67.8004
4 574 306
5 553 339
6 489 340
7 477 302
8 342 218
9 325 186
10 319 160
11 318 131
12 336 99
13 231 219
14 285 229
15 402 269
16 418 278
17 523 380
18 523 393
19 521.568 430.238
20 425.667 460
21 375 460
22 297 374
23 293 414
24 266 469
25 226 479
26 84 468
27 26 427
