Duration[s]: 267.988 Porcentaje: 0.800056 TerminoTodo: 1
Convexos: 6 VerticesConvexos: 50
0 1 2 3 4 5 26 27 36 37 38 39
14 15 16 17 18 19 20 21
22 23 24 25
12 13 14 21 22 25 26
5 6 7 8 9 10 11 12 26
27 28 29 30 31 32 33 34 35 36
0 38 57
1 61 30
2 110 24
3 224 33
4 246 39
5 279 143
6 346 76
7 387 61
8 416 73
9 459 115
10 462 138
11 449 174
12 408 226
13 474 195
14 543 164
15 594 224
16 639 310.897
17 639 373
18 626 405
19 556 394
20 520 336
21 522 275
22 408 348
23 472 412
24 311 364
25 337 328
26 318 299
27 292 380
28 309 394
29 211 429
30 206.364 429
31 150 409
32 92 373
33 90 371
34 93 336
35 101 328
36 190 344
37 124 277
38 92 238
39 34 100
