Duration[s]: 3601.02 Porcentaje: 0.708521 TerminoTodo: 0
Convexos: 6 VerticesConvexos: 43
0 1 2 28 29 30 31 32
9 10 11 12 13
13 14 15 16 17 18
19 20 21 22 23 24
18 19 24 25 26 27
2 3 4 5 6 7 8 9 13 18 27 28
0 65 263.095
1 88 239
2 184 230
3 115 164
4 102 148
5 98 120
6 121 25
7 170 12
8 222 22
9 271 54
10 318 16
11 330 34
12 363 89
13 376 126
14 442 63
15 593.788 93.593
16 559 191
17 467 229
18 418 198
19 498 272
20 560 228
21 626 202
22 591 314
23 564 327
24 503 310
25 486 371
26 428 405
27 401 348
28 356 362
29 362 414
30 343.333 442
31 180.577 442
32 65 402.974
