Duration[s]: 3600.24 Porcentaje: 0.901176 TerminoTodo: 0
Convexos: 11 VerticesConvexos: 87
5 6 7 8 9 10 11
2 3 4 5 11 12
20 21 22 23 24 25
26 27 28 29 30 31
17 18 19 20 25 26 31
14 15 16 17 31 32
55 56 57 58 59 60 61 62
37 38 39 40 41
46 47 48 49 50 51 52 53 54
14 32 33 34 35 46 54 55 62
0 1 2 12 13 14 35 36 37 41 42 43 44 45 46 62 63 64
0 76 187
1 96 177
2 117 172
3 98 112
4 137 86
5 190 89
6 207 74
7 255 34
8 278 40
9 334 89
10 319 129
11 262 132
12 170 186
13 264 213
14 349 241
15 302 183
16 322 165
17 349 160
18 340 127
19 355 108
20 384 101
21 452 54
22 496 58
23 498 81
24 485 104
25 462 124
26 497 147
27 523 110
28 540 99
29 571 113
30 539 180
31 479 193
32 481 234
33 542 244
34 544 273
35 512 299
36 527 310
37 547 351
38 591 275
39 624 327
40 603 357
41 549 378
42 546 386
43 506 398
44 443 413
45 403 421
46 334 391
47 326 432
48 302.6 445
49 276 445
50 258 439
51 243 428
52 199 395
53 196 367
54 198 349
55 168 324
56 161 344
57 146 363
58 117 351
59 113 331
60 115 297
61 118 275
62 131 265
63 94 240
64 79 204
