Duration[s]: 3600.43 Porcentaje: 0.602218 TerminoTodo: 0
Convexos: 4 VerticesConvexos: 38
0 1 2 9 10 28 29 30 31
2 3 4 5 6 7 8 9
11 12 13 14 15 16 17 18 19 20 21 22 23 24
10 11 24 25 26 27 28
0 27.3803 60.338
1 155 51
2 250 61
3 323 26
4 460.75 26
5 598 89
6 569 128
7 398 166
8 352 149
9 276 100
10 233 306
11 341 311
12 303 241
13 282 200
14 299 176
15 317 162
16 479 186
17 502 190
18 516 196
19 622 247
20 633 455
21 599 475
22 533 455
23 499 434
24 359 332
25 422 478
26 422 479
27 176.229 479
28 131 334
29 116 318
30 81 276
31 13 161
