Duration[s]: 3600.1 Porcentaje: 0.615878 TerminoTodo: 0
Convexos: 4 VerticesConvexos: 37
0 1 2 23 24 25 26 27 28 29 30
14 15 16 17 18 19 20 21
8 9 10 11 12 13 14 21 22
2 3 4 5 6 7 8 22 23
0 5 310
1 9 299
2 94 293
3 67 284
4 58 277
5 52 262
6 25 178
7 28.7471 91.8158
8 132 107
9 148 87
10 175 75
11 218 56
12 275 37
13 525.452 37
14 578 218
15 568.227 271.055
16 517.568 376.372
17 436 404
18 404 394
19 391 352
20 427 296
21 462 273
22 353 252
23 317 352
24 361 365
25 382 401
26 382 414
27 333 426
28 308 432
29 75.1513 429.612
30 10.4407 339.017
