Duration[s]: 3603.4 Porcentaje: 0.900987 TerminoTodo: 0
Convexos: 18 VerticesConvexos: 117
0 1 75 76 77 78 82
7 8 9 10 11 12 13 14 15
5 6 7 15 16
34 35 36 37 38 39
44 45 46 47 48 49 50
41 42 43 44 50 51
40 41 51 52 53 54 55
33 34 39 40 55
32 33 55 56 57 58 59
31 32 59 60 61 62
30 31 62 63 64 65
29 30 65 66 67 68 69
26 27 28 29 69 70
25 26 70 71 72 73
19 20 21 22 23 24 25 73 74
17 18 19 74 75
1 2 3 4 5 16 17 75
78 79 80 81 82
0 62 173.2
1 71 148
2 87 93
3 130.769 46.212
4 178 36
5 186 36
6 240.265 21.4412
7 311 16
8 402.161 26.5693
9 524 50
10 574 70
11 528 76
12 468 82
13 378 71
14 365 63
15 339 46
16 205 53
17 186 81
18 196 86
19 231 107
20 241 114
21 258 130
22 264 140
23 268 159
24 269 174
25 271 215
26 268 231
27 261 242
28 254 250
29 197 315
30 238 363
31 369 374
32 468 332
33 465 229
34 380 246
35 404 260
36 415 283
37 353 296
38 312 265
39 329 235
40 396 194
41 376 163
42 344 184
43 301 189
44 295 125
45 264 110
46 219 68
47 264 50
48 319 53
49 331 80
50 333 86
51 361 90
52 465 105
53 498 117
54 530 181
55 487 205
56 516 237
57 553 298
58 552 320
59 470 374
60 445 411
61 412 434
62 296 443
63 240 425
64 162 395
65 134 367
66 120 344
67 124 327
68 139 301
69 163 286
70 197 268
71 189 241
72 189 218
73 210 207
74 214 157
75 147 138
76 164 166
77 135 205
78 78 254
79 85 282
80 101 401
81 68.0173 414.493
82 62 243
