Duration[s]: 3601.63 Porcentaje: 0.70015 TerminoTodo: 0
Convexos: 13 VerticesConvexos: 98
0 1 20 21 22 23 73
7 8 9 10 11 12 13 14 15 16
5 6 7 16 17 18 19
1 2 3 4 5 19 20
45 46 47 48 49 50 51 52 53
57 58 59 60 61 62 63
53 54 55 56 57 63 64
44 45 53 64 65 66 67
33 34 35 36 37 38 39 40
30 31 32 33 40 41 42 43
24 25 26 27 28 29 30 43 44
24 44 67 68 69 70
23 24 70 71 72 73
0 0 152
1 17 89
2 6.88542 23.2552
3 72 0
4 104 16
5 144 53
6 205 19
7 247 12
8 291 10
9 450 8
10 593.469 20.727
11 598 60
12 589 74
13 524 84
14 359 83
15 310 75
16 267 46
17 193 82
18 138 104
19 88 87
20 49 89
21 62 124
22 77 257
23 54 315
24 176 358
25 133 332
26 104 284
27 88 159
28 98 118
29 145 128
30 180 160
31 254 96
32 317 111
33 390 146
34 447 118
35 485 106
36 562 103
37 606 116
38 598 133
39 561 158
40 364 184
41 344 198
42 280 203
43 198 185
44 246 355
45 278 282
46 253 250
47 281 221
48 444 197
49 486 191
50 553 185
51 605 183
52 550 211
53 328 279
54 436 265
55 598 255
56 632 289
57 616 354
58 612 395
59 522.644 429.368
60 392 443
61 404 358
62 426 348
63 458 349
64 366 331
65 336 433
66 300 455
67 283.862 459.034
68 196 468
69 149 449
70 123 415
71 85 454
72 42.7727 455.056
73 0 371.455
