Duration[s]: 3603.88 Porcentaje: 0.901201 TerminoTodo: 0
Convexos: 28 VerticesConvexos: 166
0 1 13 14 105 106 107 111
19 20 21 22 23 24 25 26
27 28 29 30 31
19 26 27 31 32 33
18 19 33 34
34 35 36 37 38
15 16 17 18 34 38
42 43 44 45 46 47
49 50 51 52 53 54 55
55 56 57 58 59 60
48 49 55 60
41 42 47 48 60 61
40 41 61 62 63
39 40 63 64 65
77 78 79 80 81 82
73 74 75 76 77 82 83
71 72 73 83 84
84 85 86 87 88 89
90 91 92 93 94
69 70 71 84 89 90 94 95
96 97 98 99
67 68 69 95 96 99 100
66 67 100 101 102 103 104
14 15 38 39 65 66 104 105
107 108 109 110 111
4 5 6 7 8 9 10
1 2 3 4 10 11
1 11 12 13
0 15 287
1 27 183
2 14 121
3 30 92
4 56 64
5 34 25
6 37.1924 9.67671
7 94 2
8 104 33
9 102 63
10 73 94
11 79 128
12 147 128
13 66 189
14 86 229
15 131 183
16 99 169
17 136 144
18 184 118
19 158 90
20 117 99
21 122 72
22 127 47
23 140 22
24 180 5
25 204 15
26 211 64
27 270 47
28 251 17
29 278 5
30 321 15
31 322 43
32 288 84
33 215 95
34 222 124
35 284 126
36 293 135
37 221 170
38 171 171
39 190 235
40 236 211
41 299 177
42 346 146
43 351 107
44 390 80
45 428 85
46 450 114
47 397 144
48 416 163
49 465 137
50 493 87
51 521 59
52 559 64
53 560 97
54 538 126
55 489 155
56 562 148
57 568 173
58 565 206
59 448 216
60 382 203
61 322 194
62 311 242
63 259 247
64 239 267
65 181 278
66 171 295
67 196 308
68 267 279
69 316 264
70 390 214
71 409 225
72 468 223
73 491 229
74 520 218
75 530 218
76 564 222
77 566 249
78 588 266
79 588 277.884
80 582 283
81 549 281
82 530 251
83 470 248
84 408 261
85 491 302
86 476 357
87 453 393
88 392 407
89 367 383
90 333 392
91 405 427
92 345 441
93 286 418
94 307 390
95 297 345
96 250 397
97 252 425
98 158 426
99 214 390
100 171 378
101 145 390
102 116 371
103 114 325
104 137 298
105 105 267
106 98 320
107 80 358
108 99 376
109 127 409
110 112 425
111 15 328
