Duration[s]: 3601.81 Porcentaje: 0.804793 TerminoTodo: 0
Convexos: 11 VerticesConvexos: 89
0 1 58 67 68
60 61 62 63 64 65
58 59 60 65 66 67
2 3 4 5 6 7 8
44 45 46 47 48 49 50 51 52 53
20 21 22 23 24 25 26 27 28 29 30 31 32 33 34 35 36 37 38 39 40 41
16 17 18 19 20 41
16 41 42 43
11 12 13 14 15 16 43 44 53
2 8 9 10 11 53 54
1 2 54 55 56 57 58
0 57 146
1 106 150
2 155 90
3 110 118
4 90 116
5 64 88
6 33 43
7 43 28
8 87 22
9 225 33
10 282 56
11 298 86
12 404 35
13 422 33
14 520.781 54.6835
15 534 134
16 543 193
17 569 219
18 585 249
19 612 368
20 612 437.619
21 501.667 463.889
22 425 469
23 289.889 460.188
24 240 436
25 211 415
26 188 385
27 184 377
28 183 363
29 182 345
30 183 321
31 187 305
32 220 264
33 225 260
34 242 254
35 265 251
36 311 251
37 346 253
38 386 257
39 443 276
40 459 283
41 587 355
42 470 257
43 430 182
44 337 170
45 412 213
46 417 228
47 401 237
48 390 236
49 375 233
50 347 226
51 334 215
52 312 189
53 284 149
54 200 131
55 255 213
56 256 229
57 198 243
58 91 251
59 109 274
60 127 319
61 159 342
62 149 394
63 59.0639 417.861
64 80 347
65 93 328
66 53 291
67 63 273
68 30 146
