Duration[s]: 3603.9 Porcentaje: 0.902673 TerminoTodo: 0
Convexos: 14 VerticesConvexos: 90
0 1 2 3 61 62 63
9 10 11 12 13 14 15
29 30 31
20 21 22 23 24 25 26 27 28 29 31
19 20 31 32 33 34 35 36
18 19 36 37 38
40 41 42 43 44
46 47 48 49 50 51
39 40 44 45 46 51 52
16 17 18 38 39 52 53 54
15 16 54 55
6 7 8 9 15 55 56 57
4 5 6 57 58
3 4 58 59 60 61
0 29 222
1 32.9277 24.3065
2 78 41
3 92 57
4 138 30
5 203 18
6 290 35
7 301 25
8 330 14
9 364 71
10 405 44
11 431 34
12 445 36
13 456 75
14 448 85
15 388 114
16 452 185
17 454 229
18 439 282
19 483 269
20 493 223
21 461 175
22 457 164
23 456 127
24 472 43
25 476 35
26 483 32
27 503 27
28 539 21.8571
29 539 79
30 563 99
31 527 122
32 540 143
33 551 173
34 582 326
35 558.395 413.479
36 493 415
37 441 407
38 410 361
39 373 338
40 347 388
41 388 411
42 380 439
43 336 440
44 282 423
45 142.033 439.606
46 77.9393 339.906
47 95 261
48 137 200
49 238 150
50 335 229
51 270 283
52 338 306
53 350 267
54 375 244
55 376 208
56 303 132
57 266 90
58 174 68
59 177 114
60 158 131
61 86 126
62 62 253
63 30 240
