Duration[s]: 3603.31 Porcentaje: 0.900459 TerminoTodo: 0
Convexos: 24 VerticesConvexos: 116
0 1 2 67 68 69
2 3 4 5 6 7
7 8 9
37 38 39 40
40 41 42
24 25 26 27 28 29
22 23 24 29 30
17 18 19 20 21 22 30 31 32
16 17 32 33
15 16 33 34 35
15 35 36 37
14 15 37 40 42
42 43 44
44 45 46
46 47 48
62 63 64 65 66
54 55 56 57 58 59 60 61
51 52 53 54 61 62
48 49 50 51 62
44 46 48 62 66 67
13 14 42 44 67
11 12 13 67
9 10 11 67
2 7 9 67
0 44 396
1 51 316
2 94 268
3 74 242
4 77 191
5 90.5652 110.652
6 151 20
7 120 215
8 186 32
9 132 262
10 199 107
11 180 211
12 227 128
13 207 218
14 272 126
15 246 54
16 306 50
17 363 26
18 395 24
19 459 21
20 502 19
21 529 23
22 589.885 56.2098
23 604 164
24 600 200
25 592 223
26 536 235
27 479 190
28 522 172
29 551 176
30 543 82
31 442 56
32 400 41
33 389 53
34 498 75
35 387 76
36 523 137
37 366 126
38 530 164
39 467 175
40 364 188
41 504 220
42 314 216
43 535 258
44 302 246
45 631 314
46 376 290
47 575 331
48 385 318
49 554 352
50 572 376
51 396 370
52 562 402
53 568 421
54 435 411
55 575 435
56 576 439
57 549.647 471
58 425.25 471
59 329 446
60 304 436
61 314 400
62 270 365
63 279 449
64 218 445
65 143 414
66 190 374
67 116 347
68 129 406
69 72 428
