Duration[s]: 3604.6 Porcentaje: 0.901852 TerminoTodo: 0
Convexos: 15 VerticesConvexos: 100
0 1 2 3 69 70 71
12 13 14 15
18 19 20 21 22 23 24 25
12 15 16 17 18 25 26 27 28
32 33 34 35 36
30 31 32 36 37 38 39
41 42 43 44 45 46 47 48 49
29 30 39 40 41 49
11 12 28 29 49 50
52 53 54 55 56
10 11 50 51 52 56 57 58 59
8 9 10 59 60 61
63 64 65 66 67 68
62 63 68 69
3 4 5 6 7 8 61 62 69
0 24 16
1 49 7
2 90 36
3 95 40
4 208 15
5 244 24
6 268 32
7 264 60
8 232 74
9 247 160
10 234 204
11 278 205
12 301 175
13 280 179
14 289 102
15 319 94
16 364 40
17 410 42
18 430 60
19 459 28
20 515 0
21 545.714 0
22 558 86
23 538 150
24 506 168
25 431 131
26 394 172
27 388 176
28 328 177
29 415 235
30 449 216
31 451 213
32 541 249
33 571 211
34 577 207
35 626 230
36 595 290
37 612 305
38 575 312
39 497 293
40 473 308
41 425 330
42 498 364
43 533 388
44 545.109 419.955
45 411 399
46 390 383
47 373 370
48 372 344
49 382 316
50 309 276
51 310 363
52 268 406
53 247 451
54 216 447
55 165 415
56 228 402
57 187 316
58 180 300
59 163 244
60 129 126
61 141 99
62 80 98
63 90 163
64 104 192
65 100 219
66 60 236
67 48 138
68 47 105
69 48 66
70 33 73
71 24 45
