Duration[s]: 3601.41 Porcentaje: 0.802457 TerminoTodo: 0
Convexos: 4 VerticesConvexos: 36
0 1 2 3 4 27 28 29
12 13 14 15 16 17 18 19 20 21 22
5 6 7 8 9 10 11 12 22 23
4 5 23 24 25 26 27
0 81 85.9655
1 136 67
2 190 60
3 242 60
4 313 131
5 350 136
6 329 56
7 373 22
8 390 18
9 476 4
10 570 36
11 609 83
12 614 134
13 596.326 459.873
14 504.5 474
15 462.667 474
16 409 451
17 391 432
18 370 400
19 356 376
20 356 358
21 367 336
22 464 244
23 417 216
24 376 293
25 330 301
26 240 285
27 222 227
28 86 154
29 81 135.25
