Duration[s]: 3600.89 Porcentaje: 0.702863 TerminoTodo: 0
Convexos: 7 VerticesConvexos: 58
0 1 42 43 44 45
18 19 20 21 22 23 24 25 26 27 28 29
30 31 32 33 34 35 36 37 38
3 4 5 6 7 8 9 10 11 12 13 14 15 16
3 16 17 18 29 30 38 39
1 2 3 39 40 41
1 41 42
0 78 61
1 233 42
2 336.693 45.5756
3 560 139
4 599 191
5 620 339.75
6 620 419.333
7 536 438
8 483 443
9 466 444
10 446 440
11 427 436
12 418 433
13 406 428
14 392 420
15 373 400
16 348 320
17 305 328
18 196 336
19 264 371
20 368 439
21 381 451
22 383 466
23 364 476
24 308 479
25 222.333 479
26 111.344 452.363
27 102 427
28 102 405
29 140 321
30 208 274
31 129 261
32 82 228
33 180 132
34 199 116
35 224 112
36 249 115
37 291 136
38 333 202
39 432 159
40 364 156
41 283 95
42 223 63
43 118 132
44 47 159
45 38 140
