Duration[s]: 3600.44 Porcentaje: 0.800039 TerminoTodo: 0
Convexos: 7 VerticesConvexos: 60
0 1 43 44 45 46 47
2 3 4 5
23 24 25 26 27 28 29 30 31 32 33 34 35 36 37
15 16 17 18 19 20 21 22 23 37 38
13 14 15 38 39
6 7 8 9 10 11 12 13 39 40
1 2 5 6 40 41 42 43
0 119 392
1 158 337
2 113 313
3 96 354
4 36 338
5 108 260
6 160 241
7 95 227
8 68 219
9 62 23
10 182 30
11 264 36
12 289 45
13 296 81
14 310 85
15 341 136
16 360 88
17 368 82
18 391 78
19 478 73
20 504 75
21 504.694 75.1127
22 505 76
23 524 171
24 544 189
25 588 347.632
26 588 462.091
27 526 479
28 477 476
29 406 463
30 390 458
31 383 453
32 352 422
33 304 367
34 296 355
35 289 334
36 291 317
37 357 228
38 339 207
39 244 225
40 203 245
41 233 279
42 239 293
43 203 327
44 230 353
45 299 440
46 292 474
47 226 474
