Duration[s]: 3601.45 Porcentaje: 0.800645 TerminoTodo: 0
Convexos: 5 VerticesConvexos: 44
0 1 23 24 34 35
8 9 10 11 12 13
6 7 8 13 14 15 16 17 18 19 20 21 22
1 2 3 4 5 6 22 23
24 25 26 27 28 29 30 31 32 33 34
0 24 307
1 57 305
2 35.0057 255.223
3 72 230
4 101 213
5 140 198
6 312 245
7 316 188
8 410 114
9 235 114
10 216.824 68.5595
11 369 41
12 394.912 41
13 468 76
14 504.805 79.4505
15 544 216
16 540.577 376.885
17 510 383
18 493 385
19 465 385
20 444 380
21 421 370
22 338 333
23 155 339
24 174 358
25 185 357
26 209 359
27 358 383
28 370 400
29 370 422
30 359 440
31 294.685 466.798
32 243 473
33 29.2668 465.133
34 41 405
35 19 386
