Duration[s]: 3601.53 Porcentaje: 0.703242 TerminoTodo: 0
Convexos: 8 VerticesConvexos: 66
0 1 2 47 48 49 50 51
36 37 38 39 40 41 42 43 44 45
6 7 8 9 10 11 12 13 14
20 21 22 23 24 25 26 27
20 27 28 29 30 31 32 33 34 35
5 6 14 15 16 17 18 19 20 35 36
4 5 36 45 46
2 3 4 46 47
0 50 370
1 53 351
2 79 295
3 85 161
4 133 150
5 263 214
6 231 152
7 214 167
8 179 163
9 74 114
10 57 102
11 63.1838 49.4373
12 159 54
13 202 70
14 229 98
15 294 54
16 326 48
17 451.5 48
18 504 88
19 515 107
20 550 195
21 551 165
22 554 122
23 565 107
24 594 107
25 594 177
26 589 192
27 569 203
28 616 271.364
29 616 288
30 584.936 365.123
31 555 387
32 534 383
33 516 373
34 511 360
35 511 342
36 480 392
37 527 395
38 533 404
39 536 419
40 533.876 433.868
41 462 449
42 277 443
43 232 435
44 200 416
45 191 401
46 163 284
47 104 313
48 157 369
49 170 426
50 125 447
51 51.8847 420.887
