Duration[s]: 3600.77 Porcentaje: 0.812271 TerminoTodo: 0
Convexos: 2 VerticesConvexos: 31
0 1 2 3 4 5 6 7 8 21 22 23 24 25 26 27 28
8 9 10 11 12 13 14 15 16 17 18 19 20 21
0 48 131
1 98.7616 86.2104
2 426 74
3 477.345 74
4 523 126.96
5 523 176
6 516 187
7 509 196
8 419 249
9 439 255
10 479 270
11 500 289
12 510 300
13 512 320
14 512 345.875
15 401.556 408
16 308.583 408
17 282 379
18 279 364
19 279 342
20 281 318
21 322 259
22 198 267
23 176 268
24 163 268
25 122 257
26 92 248
27 80 241
28 48 219
