Duration[s]: 3602.53 Porcentaje: 0.900827 TerminoTodo: 0
Convexos: 11 VerticesConvexos: 89
0 1 65 66 67 68
27 28 29 30 31 32
20 21 22 23 24 25 26 27 32 33 34 35
18 19 20 35 36 37 38 39 40
13 14 15 16 17 18 40
10 11 12 13 40 41
9 10 41 42 43 44
48 49 50 51 52 53 54 55 56 57
44 45 46 47 48 57 58 59 60 61
5 6 7 8 9 44 61 62 63
1 2 3 4 5 63 64 65
0 48 254
1 88 238
2 82 213
3 72 171
4 55.4939 71.9632
5 191 110
6 208 70
7 240 54
8 275 49
9 288 98
10 325 93
11 380 50
12 392 94
13 385 149
14 431 150
15 441 153
16 470 177
17 485 190
18 474 218
19 512 250
20 491 277
21 511 300
22 525 318
23 548 353
24 558 374
25 559 382
26 520.662 420.338
27 448 412
28 417 454
29 371 452
30 363 441
31 339 397
32 366 378
33 350 336
34 348 318
35 369 264
36 306 257
37 304 233
38 325 192
39 347 177
40 355 173
41 312 141
42 296 192
43 288 202
44 242 225
45 269 242
46 282 262
47 328 359
48 292 371
49 322 388
50 323 400
51 257 472
52 203 479
53 201 476
54 189 441
55 188 423
56 197 368
57 244 363
58 204 312
59 197 295
60 200 260
61 219 242
62 207 226
63 195 202
64 170 238
65 145 261
66 142 306
67 137 341
68 58 342
