Duration[s]: 3600.08 Porcentaje: 0.801504 TerminoTodo: 0
Convexos: 5 VerticesConvexos: 45
0 1 30 31 35 36
11 12 13 14 15 16 17 18 19 20 21 22 23
3 4 5 6 7 8 9 10 11 23 24
1 2 3 24 25 26 27 28 29 30
31 32 33 34 35
0 26 189
1 34.9791 81.2509
2 116 120
3 147 148
4 191 105
5 281 50
6 351 32
7 388.545 32
8 478 116
9 481 146
10 477 193
11 454 219
12 491 208
13 531 200
14 579 227
15 601 272
16 588 349
17 557.956 414.552
18 518 420
19 381 403
20 322 377
21 316 354
22 330 330
23 340 317
24 283 288
25 297 327
26 274 362
27 241 370
28 127 224
29 106 196
30 81 159
31 205 394
32 357 437
33 377 462
34 175.181 460.873
35 92.7228 427.889
36 30 294
