Duration[s]: 3604.34 Porcentaje: 0.902466 TerminoTodo: 0
Convexos: 10 VerticesConvexos: 83
0 1 59 60 61 62 63 64
4 5 6 7 8 9
18 19 20 21 22 23 24 25
17 18 25 26 27 28 29 30 31 32 33 34 35 36
38 39 40 41 42 43 44 45 46 47 48 49 50 51 52 53 54 55
37 38 55 56
15 16 17 36 37 56 57
12 13 14 15 57
3 4 9 10 11 12 57 58
1 2 3 58 59
0 31 361
1 68 262
2 50 228
3 107 185
4 87 150
5 76 117
6 112 72
7 162 46
8 176 78
9 171 128
10 229 130
11 280 154
12 287 167
13 391 133
14 376 179
15 332 219
16 370 230
17 385 246
18 436 187
19 440 150
20 452 119
21 499 86
22 550 67
23 580.804 85.7504
24 614 158
25 581 214
26 596 229
27 604 254
28 604 352
29 601.802 390.458
30 568.255 408.218
31 498 417
32 476 415
33 451 404
34 427 390
35 399 366
36 363 277
37 326 267
38 285 289
39 343 390
40 344 414
41 328 424
42 262 435
43 228 424
44 208 405
45 181 373
46 164 350
47 161 330
48 160 311
49 160 294
50 164 272
51 171 262
52 179 253
53 211 238
54 219 236
55 228 235
56 296 247
57 288 210
58 175 211
59 108 243
60 148 385
61 132 411
62 109 424
63 74 414
64 45 393
