Duration[s]: 3601.79 Porcentaje: 0.701503 TerminoTodo: 0
Convexos: 7 VerticesConvexos: 57
0 1 41 42 43 44
8 9 10 11 12 13 14 15 16 17 18 19
25 26 27 28 29 30 31 32 33 34
8 19 20 21 22 23 24 25 34 35
7 8 35 36 37
1 2 3 4 5 6 7 37 38
1 38 39 40 41
0 29 22.8519
1 78 41
2 224.739 14
3 330 14
4 445 36
5 456 75
6 448 85
7 388 114
8 487 207
9 461 175
10 457 164
11 456 127
12 472 43
13 476 35
14 483 32
15 503 27
16 532.025 22.8535
17 563 99
18 551 173
19 540 212
20 561 226
21 582 326
22 558.395 413.479
23 493 415
24 441 407
25 373 338
26 388 411
27 379.714 440
28 142.286 440
29 77.9393 339.906
30 95 261
31 137 200
32 238 150
33 335 229
34 350 267
35 376 208
36 303 132
37 266 90
38 174 68
39 177 114
40 158 131
41 69 182
42 67 213
43 62 253
44 29 239.594
