Duration[s]: 3601.43 Porcentaje: 0.804613 TerminoTodo: 0
Convexos: 8 VerticesConvexos: 65
0 1 2 44 45 46 47 48 49 50
3 4 5 6
11 12 13 14 15 16 17 18 19 20 21 22 23
10 11 23 24 25 26 27 28
9 10 28 29 30 31 32 33
8 9 33 34 35 36 37
7 8 37 38 39 40 41 42 43
2 3 6 7 43 44
0 71 370
1 85 361
2 215 372
3 218 329
4 343 191
5 370 232
6 309 274
7 397 301
8 410 259
9 393 172
10 227 117
11 235 204
12 202 277
13 166 309
14 144 312
15 130 310
16 107 296
17 87 276
18 78 258
19 75 243
20 75 224.125
21 76 209
22 84 194
23 157 171
24 89 136
25 84 88
26 146 38
27 187 38
28 208 57
29 291 14
30 352 21
31 440 34
32 477 48
33 457 100
34 545 113
35 565 142
36 534 204
37 507 247
38 541 273
39 541 324
40 536 343
41 509 386
42 481 411
43 427 442
44 330 421
45 332 428
46 252 435
47 172 441
48 152 442
49 125.472 442
50 71 389
