Duration[s]: 3606.51 Porcentaje: 0.90198 TerminoTodo: 0
Convexos: 18 VerticesConvexos: 113
0 1 72 73 74 78
5 6 7 8 9 10 11
3 4 5 11 12 13
18 19 20 21 22 23
16 17 18 23 24 25
33 34 35 36 37
32 33 37 38 39
31 32 39 40
44 45 46 47 48 49 50 51 52
31 40 41 42 43 44 52 53
27 28 29 30 31 53 54
55 56 57 58 59 60 61 62 63
26 27 54 55 63
66 67 68 69 70 71
64 65 66 71 72
15 16 25 26 63 64 72
1 2 3 13 14 15 72
74 75 76 77 78
0 62 340
1 81 309
2 51 277
3 22 235
4 4 181
5 26 104
6 14.6081 40.7114
7 81 17
8 97 12
9 121 25
10 123 42
11 87 68
12 74 125
13 58 186
14 90 204
15 110 246
16 138 234
17 121 177
18 133 68
19 186 17
20 217 12
21 272.6 12
22 263 44
23 195 81
24 206 142
25 189 227
26 218 233
27 296 192
28 299 126
29 342 94
30 436.885 94
31 480 262
32 570 330
33 554 375
34 608 374
35 608 397.619
36 516 425
37 535 398
38 500 364
39 526 332
40 488 302
41 472 389
42 447 455
43 389 460
44 372 403
45 347 456
46 328 466
47 311 471
48 295 471
49 275 441
50 307 375
51 359 350
52 380 341
53 389 306
54 337 289
55 275 357
56 272 391
57 249 451
58 214 472
59 205 477
60 204 443
61 205 419
62 237 333
63 248 312
64 179 312
65 204 317
66 205 343
67 164 478
68 156 479
69 130 474
70 122 373
71 172 343
72 116 303
73 129 325
74 93 373
75 95 394
76 97 465
77 72.747 469.042
78 35 395
