Duration[s]: 688.263 Porcentaje: 0.70024 TerminoTodo: 1
Convexos: 7 VerticesConvexos: 60
0 1 2 39 40 41 42 43 44 45
7 8 9 10 11 12
14 15 16 17 18 19 20 21
25 26 27 28 29 30 31 32 33
33 34 35 36 37 38
3 4 5 6 22 23 24 25 33 38 39
2 3 6 7 12 13 14 21 22 39
0 30 282
1 48 263
2 125 266
3 73 218
4 37 159
5 31 110
6 130 120
7 178 108
8 128 79
9 183 64
10 222 60
11 239 95
12 235 108
13 306 112
14 363 132
15 315 93
16 353 70
17 476 61
18 512 77
19 586 143
20 557 196
21 484 205
22 498 266
23 568 300
24 567 330
25 506 357
26 535 386
27 550 411
28 560 443
29 559.394 449.991
30 559 450
31 493 451
32 466 432
33 437 384
34 380 431
35 305 456
36 288 425
37 281 406
38 347 366
39 240 310
40 239 424
41 211 435
42 92 432
43 42 428
44 25.7812 426.273
45 17 367
