Duration[s]: 3601.17 Porcentaje: 0.901343 TerminoTodo: 0
Convexos: 8 VerticesConvexos: 73
0 1 40 41 42 43 44 53 54 55 56 57 58
14 15 16 17
12 13 14 17 18 19 20
11 12 20 21 22 23
9 10 11 23 24 25 26 27 28
8 9 28 29 30 31 32 33 34 35 36 37 38 39
1 2 3 4 5 6 7 8 39 40
44 45 46 47 48 49 50 51 52 53
0 19 386
1 39 373
2 27 347
3 24 307
4 41.4821 250.808
5 72 230
6 101 213
7 140 198
8 201 233
9 312 245
10 316 188
11 357 175
12 410 114
13 323 95
14 290 87
15 235 114
16 215.455 65.1376
17 312 61
18 369 41
19 394.912 41
20 468 76
21 511.639 80.0911
22 515 149
23 504 187
24 533 196
25 544 216
26 541 248
27 523 261
28 485 279
29 523 313
30 527 318
31 532 328
32 541 349
33 541 376.8
34 510 383
35 493 385
36 465 385
37 444 380
38 421 370
39 338 333
40 174 358
41 185 357
42 209 359
43 236 370
44 250 414
45 346 383
46 358 383
47 370 400
48 370 422
49 359 440
50 294.685 466.798
51 243 473
52 221 467
53 189 446
54 163 457
55 135 464
56 116 466
57 76.5123 467.097
58 33 446
