Duration[s]: 3601.79 Porcentaje: 0.80084 TerminoTodo: 0
Convexos: 7 VerticesConvexos: 73
0 1 2 3 45 46 47 58 59 60
20 21 22 23 24 25 26
17 18 19 20 26 27 28 29 30 31 32 33 34 35 36 37
38 39 40 41 42 43 44
15 16 17 37 38 44 45
3 4 5 6 7 8 9 10 11 12 13 14 15 45
47 48 49 50 51 52 53 54 55 56 57 58
0 25.0146 16.6337
1 67 9
2 228 46
3 246 58
4 296 33
5 325 20
6 362 14
7 420 12
8 513.637 20.9178
9 544 43
10 567 117
11 558 144
12 527 173
13 493 201
14 455 212
15 321 234
16 349 236
17 410 289
18 474 226
19 504 224
20 564 246
21 578 217
22 630 187
23 639 191
24 639 232
25 628 268
26 607 300
27 623 323
28 639 365
29 640 382
30 640 412.413
31 576 450
32 533 446
33 506 438
34 481 427
35 465 415
36 442 393
37 398 324
38 345 361
39 408 431
40 393 451
41 322 442
42 270 409
43 250 386
44 282 347
45 236 233
46 214 262
47 160 288
48 201 354
49 227 408
50 230 426
51 230 430
52 214 448
53 172 464
54 108.333 464
55 76.8749 434.197
56 41 315
57 40 295
58 90 262
59 38 210
60 17 108
