Duration[s]: 3600.48 Porcentaje: 0.800354 TerminoTodo: 0
Convexos: 5 VerticesConvexos: 48
0 1 2 3 4 37 38 39
15 16 17 18 19 20 21 22
12 13 14 15 22 23 24 25
26 27 28 29 30 31 32 33 34 35 36 37
4 5 6 7 8 9 10 11 12 25 26 37
0 79 85
1 130 41
2 214 27
3 227 42
4 237 100
5 311 45
6 359 35
7 431.308 30.6615
8 473 39
9 504 63
10 512 82
11 526 117
12 513 155
13 557 199
14 577 228.412
15 577 297
16 557.222 336.556
17 479.471 404.588
18 359.936 472.894
19 331 478
20 326 449
21 328 423
22 389 389
23 339 326
24 311 276
25 306 263
26 265 267
27 334 348
28 340 371
29 339 396
30 337 404
31 259 475
32 193 479
33 64.6757 479
34 59 374
35 58 343
36 73 287
37 89 246
38 48 204
39 8 158
