Duration[s]: 3605.69 Porcentaje: 0.803741 TerminoTodo: 0
Convexos: 10 VerticesConvexos: 71
0 1 2 3 44 45 46 51 52
11 12 13 14 15
16 17 18 19 20 21 22 23 24
16 24 25 26 27 28 29 30
10 11 15 16 30 31
34 35 36 37 38 39 40
7 8 9 10 31 32 33 34 40 41
6 7 41 42 43
3 4 5 6 43 44
46 47 48 49 50 51
0 19 140
1 40 101
2 67 72
3 141 91
4 204 45
5 216 38
6 281 47
7 343 72
8 438 16
9 476 5
10 470 49
11 525 117
12 580 62
13 601 145
14 596 175
15 552 193
16 536 276
17 557 239
18 577 232
19 582 244
20 603 343
21 586.696 468
22 516 468
23 494 442
24 494 418
25 396 439
26 385 425
27 382 401
28 386 378
29 401 359
30 468 317
31 389 285
32 368 323
33 304 356
34 286 363
35 347 425
36 345 441
37 279 424
38 243 393
39 206 335
40 208 295
41 239 239
42 228 161
43 228 87
44 172 126
45 186 193
46 134 315
47 212 454
48 159 453
49 49 382
50 49 348
51 62 236
52 17 173
