Duration[s]: 3601.13 Porcentaje: 0.500379 TerminoTodo: 0
Convexos: 4 VerticesConvexos: 41
0 1 2 3 4 5 30 31 32 33 34
8 9 10 11 12 13
15 16 17 18 19 20 21 22 23 24 25 26 27
5 6 7 8 13 14 15 27 28 29 30
0 -0 28.9808
1 61 2
2 98 14
3 150 47
4 155 52
5 251 288
6 207 129
7 225 82
8 237 63
9 189 22
10 235 9
11 273 16
12 300 79
13 287 102
14 324 161
15 344 196
16 358 97
17 379 86
18 394 81
19 512 64
20 520 69
21 572.294 125.316
22 584.8 172.84
23 593 245
24 590.802 452.726
25 497 467
26 470 468
27 454 458
28 357 464
29 329 443
30 294 416
31 258 452
32 228 463
33 107.615 458.541
34 0 337
