Duration[s]: 3600.23 Porcentaje: 0.700498 TerminoTodo: 0
Convexos: 6 VerticesConvexos: 57
0 36 37 44 45 46
2 3 4 5 6 7 8 9 10 11 12 13
24 25 26 27 28 29 30 31 32 33 34 35
14 15 16 17 18 19 20 21 22 23 24
0 1 2 13 14 24 35 36
37 38 39 40 41 42 43 44
0 125 278
1 48 200
2 93 175
3 75 143
4 60.2041 87.5153
5 149 77
6 163 76
7 182 78
8 210 93
9 219 107
10 219 131
11 211 150
12 197 157
13 164 164
14 260 159
15 231 111
16 228 97
17 258 72
18 307 57
19 452 48
20 513 48
21 558 62
22 568 153
23 524 177
24 454 193
25 543 209
26 574 222
27 608 239
28 613 358
29 600 386
30 530 415
31 462 428
32 399 419
33 362 399
34 314 332
35 337 283
36 261 299
37 290 370
38 333 393
39 354 424
40 322 443
41 295 449
42 210 442
43 128 413
44 146 358
45 61 337
46 52 304
