Duration[s]: 3602.27 Porcentaje: 0.901545 TerminoTodo: 0
Convexos: 12 VerticesConvexos: 86
0 1 2 57 58 59 60 61 62 63
8 9 10 11 12
18 19 20 21 22 23 24 25 26 27 28 29 30
31 32 33 34 35
16 17 18 30 31 35 36 37 38
15 16 38 39 40 41 42 43
14 15 43 44 45 46 47
13 14 47 48 49 50 51
7 8 12 13 51
6 7 51 52 53 54 55 56
3 4 5 6
2 3 6 56 57
0 71 370
1 85 361
2 180 383
3 215 372
4 218 329
5 237 325
6 285 360
7 298 330
8 271 296
9 291 250
10 343 191
11 370 232
12 309 274
13 397 301
14 410 259
15 393 172
16 227 117
17 235 204
18 202 277
19 166 309
20 144 312
21 130 310
22 107 296
23 87 276
24 78 258
25 75 243
26 75 224.125
27 76 209
28 84 194
29 111 192
30 163 218
31 157 171
32 89 136
33 84 88
34 115 81
35 146 75
36 146 38
37 187 38
38 208 57
39 291 14
40 352 21
41 440 34
42 477 48
43 457 100
44 545 113
45 565 142
46 534 204
47 507 247
48 541 273
49 541 324
50 536 343
51 471 373
52 509 386
53 481 411
54 427 442
55 419 438
56 353 402
57 330 421
58 332 428
59 252 435
60 172 441
61 152 442
62 125.472 442
63 71 389
