Duration[s]: 3600.91 Porcentaje: 0.701283 TerminoTodo: 0
Convexos: 7 VerticesConvexos: 61
0 1 2 3 11 12 30 31 48
3 4 5 6 7 8 9 10 11
13 14 15 16 17 18 19
23 24 25 26 27
20 21 22 23 27 28 29 30
12 13 19 20 30
31 32 33 34 35 36 37 38 39 40 41 42 43 44 45 46 47 48
0 51 31.5441
1 504 16
2 525 26
3 547 53
4 601.247 78.4628
5 595 130
6 559 241
7 525 262
8 477 264
9 420 217
10 402 186
11 405 168
12 327 209
13 526 343
14 550 268
15 594 288
16 608 413
17 603 448
18 542 448
19 508 402
20 433 385
21 465 475
22 361 463
23 292 391
24 263 424
25 253 408
26 231 355
27 268 340
28 263 317
29 243 212
30 260 214
31 195 194
32 228 239
33 240 256
34 244 274
35 244 279
36 243 285
37 241 293
38 238 296
39 232 299
40 221 304
41 216 306
42 208 305
43 183 300
44 172 296
45 141 282
46 130 275
47 90.1323 240.828
48 51 72.7037
