Duration[s]: 3602.42 Porcentaje: 0.800473 TerminoTodo: 0
Convexos: 5 VerticesConvexos: 41
0 6 7 26 27 28 29 30 31 32
0 1 2 3 4 5 6
11 12 13 14 15 16 17 18
9 10 11 18 19 20 21
7 8 9 21 22 23 24 25 26
0 21 222
1 63 33
2 75 31
3 100 40
4 122 50
5 124 59
6 95 112
7 134 123
8 184 89
9 220 94
10 349 66
11 434 82
12 570 63
13 639 99.2542
14 639 231.667
15 593 247
16 563 248
17 545 242
18 469 188
19 437 255
20 331 267
21 268 197
22 273 227
23 256 252
24 234 251
25 213 238
26 161 165
27 184 293
28 185 303
29 174 333
30 157 347
31 104 352
32 21 329.654
