Duration[s]: 3601.39 Porcentaje: 0.707323 TerminoTodo: 0
Convexos: 4 VerticesConvexos: 38
0 1 2 3 4 5 6 7 8 9 10 29 30 31
13 14 15 16 17 18 19 20 21
11 12 13 21 22 23
10 11 23 24 25 26 27 28 29
0 59 217
1 81 163
2 122 147
3 158 133
4 169 131
5 194 133
6 236 152
7 262 170
8 280 192
9 280 215
10 269 340
11 338 216
12 305 204
13 261 127
14 202 115
15 171 108
16 158 100
17 157 80
18 185 51
19 230 48
20 448.058 70.1556
21 580 191
22 585 215
23 545 231
24 574 308
25 574 334
26 515.647 379.849
27 449.667 415.667
28 333 439
29 233.143 439
30 142.142 401.529
31 64.3051 299.23
