Duration[s]: 3603.47 Porcentaje: 0.804222 TerminoTodo: 0
Convexos: 8 VerticesConvexos: 61
0 1 2 43 44 45 46
9 10 11 12 13 14 15
22 23 24 25 26 27 28
16 17 18 19 20 21 22 28 29
6 7 8 9 15 16 29 30
33 34 35 36 37
6 30 31 32 33 37 38 39 40 41
2 3 4 5 6 41 42 43
0 24 16
1 49 7
2 110 42
3 208 15
4 244 24
5 268 32
6 246 215
7 289 102
8 364 40
9 410 42
10 515 0
11 551 37
12 558 86
13 538 150
14 506 168
15 431 131
16 376 218
17 451 213
18 577 207
19 626 230
20 612 305
21 575 312
22 473 308
23 533 388
24 475 409
25 411 399
26 390 383
27 373 370
28 342 288
29 309 276
30 281 284
31 305 343
32 310 363
33 279 387
34 247 451
35 216 447
36 165 415
37 222 379
38 187 316
39 180 300
40 163 244
41 158 207
42 129 126
43 120 88
44 100 219
45 60 236
46 24 45
