Duration[s]: 3600.93 Porcentaje: 0.80138 TerminoTodo: 0
Convexos: 4 VerticesConvexos: 42
0 1 2 3 4 5 18 19 34 35
5 6 7 8 9 10 11 12 13 14 15 16 17 18
23 24 25 26 27
19 20 21 22 23 27 28 29 30 31 32 33 34
0 9 400
1 24 295
2 31 273
3 38 257
4 49 247
5 95 208
6 66 190
7 60 143
8 60 120
9 62 100
10 85.4492 68.7344
11 199.235 47
12 263.5 47
13 292 50
14 309 54
15 335 66
16 337 71
17 334 78
18 196 159
19 245 270
20 283 159
21 294 147
22 310 141
23 405 109
24 433 88
25 464 83
26 482 83
27 538.519 98.6997
28 587 182.733
29 587 276.571
30 552.205 356.104
31 503 399
32 435 443
33 363 467
34 313.375 467
35 18.2395 446.197
