Duration[s]: 3601.96 Porcentaje: 0.801258 TerminoTodo: 0
Convexos: 3 VerticesConvexos: 47
0 1 2 3 4 5 6 7 8 9 10 11 12 13 14 15 16 42
17 18 19 20 21 22 23 24 25 26 27 28 29 30 31 32 33 34 35 36
16 17 36 37 38 39 40 41 42
0 137 104.941
1 229.297 56.0781
2 266 52
3 357.435 56.2201
4 421.667 71.3333
5 479 100
6 493 108
7 496 128
8 496 152
9 494 169
10 490 190
11 484 200
12 477 209
13 465 219
14 417 241
15 396 243
16 296 216
17 410 276
18 499 247
19 541 245
20 553 247
21 582 270
22 637 316
23 638 342
24 635.341 385.879
25 599.687 433.418
26 533.371 462.597
27 476.02 479.465
28 410 481
29 241.149 467.757
30 188.692 452.769
31 181 422
32 180 410
33 180 397
34 185 383
35 197 372
36 234 352
37 208 347
38 181 337
39 177 335
40 170 328
41 154 305
42 137 166
