Duration[s]: 3600.57 Porcentaje: 0.705156 TerminoTodo: 0
Convexos: 4 VerticesConvexos: 35
0 1 17 18 19 20 21 27 28
7 8 9 10 11 12 13 14 15 16
1 2 3 4 5 6 7 16 17
21 22 23 24 25 26 27
0 60 179
1 118.745 32.1376
2 372 15
3 446.559 24.4678
4 561 92.6923
5 561 142
6 545 183
7 472 277
8 562 337
9 567 368
10 554.412 479
11 450 479
12 429 463
13 409 439
14 400 426
15 344 267
16 377 253
17 204 137
18 217 176
19 223 197
20 218 229
21 181 323
22 307 384
23 326 414
24 317 427
25 290 445
26 263 460
27 93.4762 424.577
28 61 257
