Duration[s]: 3600.47 Porcentaje: 0.902517 TerminoTodo: 0
Convexos: 19 VerticesConvexos: 123
0 1 82 83 84 85 86
7 8 9 10 11 12 13
14 15 16 17 18 19 20 21 22
6 7 13 14 22 23
37 38 39 40 41
34 35 36 37 41 42
32 33 34 42 43 44 45 46
31 32 46 47
49 50 51 52 53
48 49 53 54
57 58 59 60
54 55 56 57 60 61 62 63
30 31 47 48 54 63
65 66 67 68 69 70 71 72 73
64 65 73 74 75 76 77 78
29 30 63 64 78
24 25 26 27 28 29 78 79
2 3 4 5 6 23 24 79 80
1 2 80 81 82
0 15 261
1 53 246
2 109 204
3 40 174
4 20 112
5 25 98
6 96 115
7 126 88
8 101 67
9 71.4444 39
10 108 39
11 159 40
12 173 45
13 168 83
14 205 85
15 232 52
16 243 49
17 256 46
18 273 43
19 283 43
20 313 49
21 309 62
22 228 120
23 161 136
24 222 165
25 266 166
26 300 175
27 308 196
28 308 212
29 303 216
30 356 218
31 357 176
32 259 145
33 252 138
34 250 121
35 261 99
36 328 60
37 358 47
38 397 42
39 433 67
40 412 75
41 355 64
42 293 106
43 362 86
44 382 95
45 390 131
46 348 142
47 411 158
48 462 159
49 464 117
50 443 87
51 579 70.5152
52 579 81.5106
53 513 177
54 482 198
55 532 255
56 579 324
57 530 400
58 564.737 420
59 465 420
60 447 378
61 403 334
62 378 303
63 421 232
64 309 238
65 362 311
66 406 369
67 414 386
68 413 399
69 384 413
70 343 419
71 315 406
72 292 375
73 288 359
74 226 336
75 204 313
76 206 284
77 213 270
78 247 225
79 201 191
80 166 211
81 151 253
82 127 293
83 208 375
84 124 400
85 74.1212 378.839
86 16.4899 296.758
