Duration[s]: 3603.59 Porcentaje: 0.600821 TerminoTodo: 0
Convexos: 5 VerticesConvexos: 51
0 1 2 33 34 35 36 37 38 39 40 41 42
4 5 6 7 8 9 10 11 12 13 14
24 25 26 27 28 29 30 31 32
15 16 17 18 19 20 21 22 23 24 32
2 3 4 14 15 32 33
0 59 329
1 67 318
2 124 262
3 85 248
4 90 233
5 52 177
6 31 105
7 29 94
8 65.0981 44.3651
9 127 36
10 179 55
11 200 68
12 227 90
13 245 116
14 247 218
15 309 234
16 275 143
17 269 92
18 272 52
19 418 44
20 460.102 42.0622
21 544 93
22 570 198
23 529 236
24 473 271
25 547 277
26 578 292
27 580 346
28 566 421
29 475 443
30 400 418
31 365 341
32 379 303
33 316 312
34 341 356
35 361 393
36 350 406
37 314 423
38 291 430
39 257 433
40 125 429
41 115.222 424.111
42 67.5008 382.839
