Duration[s]: 3604.72 Porcentaje: 0.901144 TerminoTodo: 0
Convexos: 18 VerticesConvexos: 115
0 76 77 78 79 80
10 11 12 13 14 15
9 10 15 16 17 18
35 36 37 38 39
31 32 33 34 35 39 40
29 30 31 40 41
43 44 45 46 47 48 49 50
28 29 41 42 43 50 51
24 25 26 27 28 51 52
23 24 52 53 54 55 56
57 58 59 60 61
56 57 61 62 63
66 67 68 69 70 71
19 20 21 22 23 56 63 64 65 66 71
6 7 8 9 18 19 71
3 4 5 6 71 72
2 3 72 73 74 75
0 1 2 75 76
0 21 22.1
1 72 17
2 129 38
3 140 71
4 203 47
5 226 42
6 266 83
7 318 42
8 351 32
9 357 67
10 369 74
11 448 49
12 471.371 45.1048
13 501 68
14 482 123
15 398 127
16 404 177
17 298 182
18 258 156
19 192 191
20 204 210
21 209 225
22 221 280
23 215 314
24 248 284
25 249 254
26 323 222
27 381 201
28 411 224
29 462 188
30 461 179
31 503 137
32 520 98
33 539 91
34 557 92
35 606.495 127.354
36 612 178
37 607 195
38 562 192
39 585 158
40 563 171
41 538 208
42 568 241
43 508 285
44 544 303
45 538 325
46 509 382
47 437 408
48 389 413
49 365 399
50 360 375
51 330 329
52 298 319
53 328 439
54 277 443
55 242 421
56 191 378
57 178 388
58 178 433
59 169.95 456
60 106.894 456
61 92 386
62 59 365
63 96 354
64 85 332
65 61 252
66 85 219
67 59 162
68 61 148
69 82 136
70 121 146
71 160 179
72 154 150
73 118 119
74 103 104
75 102 61
76 44 64
77 67 106
78 66 115
79 36 136
80 21 107.25
