Duration[s]: 3602 Porcentaje: 0.900355 TerminoTodo: 0
Convexos: 6 VerticesConvexos: 75
0 1 2 3 55 56 57 58 59 60 61 62 63 64
16 17 18 19 20 21 22 23 24 25 26 27 28 29 30 31
32 33 34 35 36 37 38
39 40 41 42 43 44 45 46 47 48 49 50 51 52
16 31 32 38 39 52 53 54
3 4 5 6 7 8 9 10 11 12 13 14 15 16 54 55
0 80 105.762
1 103 74
2 120 65
3 185 77
4 281 30
5 310 23
6 311.067 22.764
7 373 18
8 390 20
9 416 24
10 428 26
11 445 33
12 460 40
13 468 47
14 487 68
15 492 82
16 498 175
17 506 123
18 513 86
19 519 70
20 530 55
21 544 41
22 553 35
23 558 34
24 577 35
25 588 42
26 604 61
27 616 86
28 624 216
29 624 228
30 618 237
31 541 279
32 533 298
33 596 328
34 576 352
35 522 370
36 511 366
37 480 347
38 433 284
39 392 276
40 407 308
41 408 365
42 393 372
43 377 378
44 342 374
45 325 366
46 302 349
47 295 322
48 293 291
49 292 275
50 293 259
51 303 247
52 332 230
53 308 202
54 316 175
55 265 154
56 268 187
57 267 201
58 258 210
59 211 226
60 192 228
61 141 230
62 136 228
63 128.217 221.329
64 80 127.19
