Duration[s]: 3600.98 Porcentaje: 0.701247 TerminoTodo: 0
Convexos: 7 VerticesConvexos: 67
0 1 2 3 4 17 18 43 44 49 50 51 52 53 54
5 6 7 8 9 10 11 12 13
4 5 13 14 15 16 17
19 20 21 22 23 24 25 26 27 28
33 34 35 36 37 38 39
18 19 28 29 30 31 32 33 39 40 41 42 43
44 45 46 47 48 49
0 22 191.98
1 25 185
2 38 178
3 87 181
4 146 186
5 116 133
6 80 100
7 74 71
8 140 13
9 166 9
10 208 12
11 213 20
12 214 39
13 193 142
14 254 168
15 256 175
16 257 186
17 258 199
18 394 222
19 343 160
20 237 144
21 225 138
22 222 120
23 221 96
24 226 79
25 260 61
26 275 56
27 293 55
28 323 102
29 386 68
30 391 66
31 409 65
32 434 65
33 528 78
34 610 62
35 639 81
36 639 187
37 596 197
38 571 190
39 521 159
40 517 180
41 511 205
42 466 220
43 414 228
44 452 243
45 556 235
46 623 302
47 631.697 390.417
48 543 445
49 420 418
50 413 431
51 281 431
52 199.56 411.838
53 61.1761 318.335
54 22 212
