Duration[s]: 3601.58 Porcentaje: 0.804392 TerminoTodo: 0
Convexos: 11 VerticesConvexos: 86
0 1 2 56 57 58 65
25 26 27 28 29 30 31 32 33 34 35 36 37 38
19 20 21 22 23 24 25 38 39
11 12 13 14 15 16 17 18 19 39 40
8 9 10 11 40 41
6 7 8 41 42
4 5 6 42 43 44
45 46 47 48 49 50 51 52 53 54 55
3 4 44 45 55 56
2 3 56
58 59 60 61 62 63 64 65
0 58.8156 129.33
1 117 64
2 193 14
3 296 17
4 437 26
5 486 17
6 590 17
7 600 73
8 620 209
9 639 230.375
10 639 332.23
11 512 397
12 464 461
13 358 461
14 344 447
15 320 412
16 304 381
17 299 369
18 296 310
19 297 287
20 298 276
21 303 267
22 321 254
23 329 249
24 444 203
25 455 203
26 435 118
27 434 111
28 434 99
29 437 94
30 440 92
31 450 92
32 457 94
33 522 141
34 541 173
35 543 192
36 541 222
37 523 240
38 498 258
39 386 283
40 483 352
41 572 256
42 525 94
43 497 101
44 456 71
45 402 112
46 441 149
47 419 186
48 354 212
49 325 218
50 279 207
51 219 189
52 163 164
53 154 134
54 243 54
55 295 62
56 241 21
57 189 81
58 112 134
59 177 194
60 193 209
61 239 267
62 245 298
63 237 333
64 149.405 337.61
65 50 169
