Duration[s]: 3600.36 Porcentaje: 0.902613 TerminoTodo: 0
Convexos: 11 VerticesConvexos: 78
0 1 2 3 4 51 52 53 54 55 56 57
6 7 8 9 10 11 12
23 24 25 26 27 28 29 30 31 32 33 34
20 21 22 23 34 35
19 20 35 36
18 19 36 37
14 15 16 17 18 37 38
5 6 12 13 14 38 39
44 45 46 47 48 49
43 44 49 50
4 5 39 40 41 42 43 50 51
0 36 232
1 54 205
2 71 198
3 98 199
4 132 210
5 179 203
6 184 170
7 140 155
8 111 142
9 88 106
10 106.939 68.1212
11 248 66
12 256 109
13 354 79
14 377 97
15 523 66
16 573 78
17 579 110
18 528 178
19 601 230
20 625 333
21 622 351
22 604 400
23 515 373
24 548 432
25 544.784 468.448
26 514 472
27 472 470
28 430 456
29 376 433
30 345 409
31 334 372
32 347 340
33 395 312
34 437 301
35 515 284
36 544 232
37 497 186
38 395 174
39 359 208
40 366 247
41 369 265
42 315 294
43 224 316
44 175 361
45 249 431
46 290 472
47 166 463
48 150 456
49 125 343
50 192 308
51 139 232
52 142 277
53 142 290
54 116 306
55 100 305
56 67 283
57 37 256
