Duration[s]: 3600.33 Porcentaje: 0.901347 TerminoTodo: 0
Convexos: 8 VerticesConvexos: 74
0 1 2 3 4 50 51 52 53 54 55 56 57 58 59
24 25 26 27 28 29 30 31 32 33 34 35 36 37 38 39 40
23 24 40 41 42 43 44 45
22 23 45 46
10 11 12 13 14 15 16 17 18 19 20 21 22 46 47
9 10 47 48
8 9 48 49
4 5 6 7 8 49 50
0 66 341
1 69 321
2 75 305
3 85 287
4 155 206
5 119 120
6 145 47
7 160 65
8 169 100
9 257 123
10 353 117
11 467 65
12 506 50
13 527 48
14 558 58
15 581 90
16 584 112
17 584 129
18 583 160
19 579 182
20 565 197
21 530 209
22 496 211
23 404 230
24 392 301
25 458 260
26 489 253
27 516 250
28 542 251
29 553 255
30 565 265
31 615 350
32 600.305 375.192
33 516 424
34 414 446
35 387 447
36 362 445
37 332 435
38 313 421
39 303 410
40 289 392
41 282 359
42 281 325
43 285 315
44 292 300
45 361 219
46 348 173
47 295 153
48 232 153
49 181 210
50 180 254
51 210 366
52 212 387
53 211 403
54 209 412
55 201 418
56 194 422
57 161 428
58 103.138 421.711
59 73.6119 398.09
