Duration[s]: 3602.79 Porcentaje: 0.903706 TerminoTodo: 0
Convexos: 11 VerticesConvexos: 73
0 3 4 5 52
0 1 2 3
7 8 9 10 11 12 13 14 15 16
18 19 20 21 22 23 24 25 26 27 28
17 18 28 29
31 32 33 34 35 36 37 38
39 40 41 42
30 31 38 39 42
6 7 16 17 29 30 42
43 44 45 46 47 48 49
5 6 42 43 49 50 51 52
0 41.0698 24
1 191 24
2 246 39
3 99 60
4 120 114
5 109 162
6 176 219
7 209 162
8 191 179
9 171 184
10 164 184
11 148 149
12 158 116
13 180 85
14 211 74
15 242 72
16 255 85
17 279 143
18 346 76
19 387 61
20 402.539 59.8522
21 459 115
22 462 138
23 449 174
24 422 195
25 365 222
26 348 217
27 318 192
28 308 175
29 289 172
30 289 264
31 543 164
32 594 224
33 639 310.897
34 639 373
35 626 405
36 556 394
37 520 336
38 522 275
39 408 348
40 472 412
41 311 364
42 284 317
43 309 394
44 211 429
45 182.222 429
46 89.9383 371.72
47 93 336
48 101 328
49 190 344
50 124 277
51 92 238
52 34 100
