Duration[s]: 3600.01 Porcentaje: 0.90598 TerminoTodo: 0
Convexos: 8 VerticesConvexos: 71
0 1 2 10 52 53 54 55 56
2 3 4 5 6 7 8 9 10
15 16 17 18 19 20 21 22 23 24 25
11 12 13 14 15 25
27 28 29 30 31 32 33 34
26 27 34 35 36 37 38 39 40 41
11 25 26 41 42 43 44 45 46 47
10 11 47 48 49 50 51 52
0 15 309
1 23 284
2 81 292
3 74 264
4 74 242
5 80 223
6 100 200
7 134 171
8 188 135
9 227 122
10 213 351
11 363 303
12 289 266
13 247 237
14 296 213
15 329 201
16 273 144
17 268 116
18 277 84
19 310.017 65.0803
20 388 51
21 448 61
22 494 97
23 497 165
24 457 211
25 405 259
26 458 271
27 514 271
28 525 131
29 570 108
30 600 120
31 636 157
32 639 191
33 616 220
34 558 272
35 619 317
36 620 373
37 620 393
38 589 412
39 581 415
40 527 386
41 480 337
42 484 401
43 486 439
44 448 449
45 431 450
46 373 426
47 338 384
48 312 422
49 302 432
50 275 429
51 258 414
52 237 389
53 199 437
54 162 455
55 126.741 450.593
56 71.2941 406.235
