Duration[s]: 3600.39 Porcentaje: 0.600165 TerminoTodo: 0
Convexos: 3 VerticesConvexos: 43
0 1 2 3 15 16 31 32 33 34 35 36 37 38
3 4 5 6 7 8 9 10 11 12 13 14 15
16 17 18 19 20 21 22 23 24 25 26 27 28 29 30 31
0 39 251.6
1 48.0266 181.192
2 77 143
3 94 126
4 127 83
5 208 65
6 218 68
7 250 83
8 260 91
9 261 105
10 261 120
11 258 129
12 242 140
13 220 149
14 198 151
15 157 144
16 346 217
17 299 174
18 289 154
19 286 142
20 283 120
21 291 101
22 309 89
23 317 86
24 334 85
25 369 86
26 538.116 108.362
27 573 124
28 588 147
29 592 178
30 576 349
31 557 374
32 472 432
33 460 435
34 274.871 433.96
35 210.248 413.905
36 93 328
37 63.2203 302.475
38 39 261.3
