Duration[s]: 3604.25 Porcentaje: 0.800847 TerminoTodo: 0
Convexos: 9 VerticesConvexos: 70
0 43 44 51 52 53
2 3 4 5 6 7 8 9 10 11 12 13
15 16 17 18 19 20 21 22 23 24
24 25 26 27 28 29 30
32 33 34 35 36 37 38 39 40
31 32 40 41 42
14 15 24 30 31 42
0 1 2 13 14 42 43
44 45 46 47 48 49 50 51
0 125 278
1 48 200
2 93 175
3 75 143
4 60.2041 87.5153
5 149 77
6 163 76
7 182 78
8 210 93
9 219 107
10 219 131
11 211 150
12 197 157
13 144 179
14 192 204
15 263 143
16 240 123
17 231 111
18 228 97
19 258 72
20 336.4 48
21 556.462 48
22 568 153
23 524 177
24 454 193
25 543 209
26 574 222
27 608 239
28 563 267
29 528 269
30 445 266
31 436 302
32 482 322
33 531 296
34 581 288
35 599 317
36 613 358
37 613 380.614
38 489.231 431.89
39 399 419
40 362 399
41 314 332
42 337 283
43 261 299
44 290 370
45 333 393
46 354 424
47 322 443
48 295 449
49 210 442
50 128 413
51 146 358
52 61 337
53 52 304
