Duration[s]: 3600.31 Porcentaje: 0.70032 TerminoTodo: 0
Convexos: 5 VerticesConvexos: 53
0 1 42 43 44
1 2 3 4 5 6 7 8 9 10
18 19 20 21 22 23 24 25 26 27 28 29 30 31 32 33 34
35 36 37 38 39 40 41
1 10 11 12 13 14 15 16 17 18 34 35 41 42
0 108 260
1 160 241
2 95 227
3 68 219
4 62 23
5 182 30
6 264 36
7 289 45
8 310 85
9 313 101
10 312 121
11 368 82
12 391 78
13 478 73
14 504.673 75.0517
15 544 189
16 545 204
17 545 219
18 541 238
19 567 292
20 582 326
21 588 449
22 559 470
23 526 479
24 477 476
25 406 463
26 390 458
27 383 453
28 352 422
29 304 367
30 296 355
31 289 334
32 291 317
33 311 302
34 329 296
35 203 327
36 230 353
37 299 440
38 292 474
39 226 474
40 119 392
41 158 337
42 153 324
43 96 354
44 36 338
