Duration[s]: 3600.08 Porcentaje: 0.603978 TerminoTodo: 0
Convexos: 13 VerticesConvexos: 89
0 1 2 3 4 5 64
9 10 11 12 13 14 15 16
8 9 16 17
22 23 24 25 26 27 28 29
18 19 20 21 22 29
17 18 29 30 31 32 33
37 38 39 40 41
36 37 41 42 43
43 44 45 46 47
35 36 43 47 48
54 55 56 57 58 59
8 17 33 34 35 48 49 50 51 52 53 54 59 60
5 6 7 8 60 61 62 63 64
0 50 17
1 102 10
2 130 21
3 144 44
4 116 66
5 84 67
6 168 187
7 185 221
8 188 244
9 224 191
10 175 150
11 145 108
12 149 70
13 163 24
14 194 5
15 244 91
16 272 183
17 262 239
18 292 127
19 257 91
20 252 15
21 417 15
22 494 28
23 600 18.7826
24 600 119
25 595 153
26 583 188
27 473 162
28 424 133
29 402 113
30 405 150
31 402 184
32 370 234
33 319 237
34 338 247
35 447 325
36 525 342
37 539 287
38 454 282
39 429 229
40 522 203
41 583 241
42 584 304
43 536 368
44 584 389
45 555 412
46 461 428
47 479 376
48 454 362
49 405 422
50 370 438
51 352 444
52 294 463
53 249 473
54 207 479
55 61.9581 468.997
56 67 319
57 77 292
58 111 283
59 159 356
60 139 250
61 77 234
62 63 203
63 38 89
64 29 41
