Duration[s]: 3600.53 Porcentaje: 0.6048 TerminoTodo: 0
Convexos: 5 VerticesConvexos: 42
0 1 2 31 32 33
3 4 5 6 7 8 9 10 11 12 13 14 15 16
17 18 19 20 21 22 23 24 25
3 16 17 25 26 27 28
2 3 28 29 30 31
0 78 61
1 233 42
2 336.693 45.5756
3 593.646 153.076
4 620 339.75
5 620 430.075
6 483 443
7 466 444
8 446 440
9 427 436
10 418 433
11 406 428
12 392 420
13 373 400
14 372 386
15 377 359
16 436 287
17 170 402
18 264 371
19 368 439
20 381 451
21 383 466
22 358.3 479
23 222.333 479
24 111.344 452.363
25 102 427
26 102 405
27 140 321
28 213 293
29 129 261
30 82 228
31 180 132
32 47 159
33 38 140
