Duration[s]: 3600.36 Porcentaje: 0.900609 TerminoTodo: 0
Convexos: 10 VerticesConvexos: 79
0 1 2 3 56
28 29 30 31 32
17 18 19 20 21 26 27 28 32 33
4 7 8 9 10 11 12 13 14 15 16 17 33 34
39 40 41 42 43 44 45 46 47 48 49 50
51 52 53 54 55
34 35 36 37 38
3 4 34 39 50 51 55 56
4 5 6 7 21 24 25 26
21 22 23 24 34 38 39
0 52.8277 194.411
1 78 204
2 105 259
3 101 291
4 193 283
5 157 283
6 131 269
7 141 237
8 122 210
9 108 181
10 101 158
11 101 144
12 105.741 126.222
13 138.019 98.5548
14 195 76
15 238 68
16 265 91
17 337 154
18 332 100
19 350 76
20 394 70
21 451 120
22 516.333 68
23 522.059 68
24 558 162
25 596 189
26 549 223
27 565 316
28 540 377
29 569 395
30 483 421
31 468 405
32 490 365
33 450 343
34 412 362
35 418.44 479
36 377 479
37 355 466
38 343 433
39 296 384
40 287 411
41 267 426
42 216 437
43 211 438
44 191 438
45 169 434
46 154 426
47 151 420
48 158 410
49 188 392
50 214 380
51 132 364
52 126 401
53 113 421
54 73.6962 398.99
55 91 354
56 48 332
