Duration[s]: 3600.63 Porcentaje: 0.703187 TerminoTodo: 0
Convexos: 7 VerticesConvexos: 58
0 43 44 45
5 6 7 8 9 10 11 12 13 14 15 16 17 18 19 20
30 31 32 33 34 35 36
26 27 28 29 30 36
25 26 36 37 38 39 40
22 23 24 25 40 41 42
0 1 2 3 4 5 20 21 22 42 43
0 59 241
1 25 146
2 35 79
3 36.6542 69.4424
4 87.9014 17.0563
5 274 15
6 447.667 15
7 519.045 31.4719
8 605 109
9 609 128
10 610 162
11 608 188
12 560 259
13 530 285
14 511 292
15 489 296
16 443 285
17 392 267
18 361 246
19 327 186
20 289 88
21 276 182
22 259 218
23 297 232
24 333 274
25 316 322
26 390 319
27 385 301
28 398 300
29 431 303
30 487 313
31 520 300
32 592 298
33 631 318
34 639 367
35 639 384
36 590.883 479
37 174.605 479
38 71 434
39 57 412
40 97 387
41 73 339
42 119 264
43 92 255
44 42 300
45 8 235
