Duration[s]: 3601.69 Porcentaje: 0.700833 TerminoTodo: 0
Convexos: 5 VerticesConvexos: 43
0 1 29 30 31 32 33 34
7 8 9 10 11 12 13 14 15 16 17
6 7 17 18 19 20 21
22 23 24 25 26 27 28
1 2 3 4 5 6 21 22 28 29
0 48 132.072
1 138.757 40
2 201 40
3 226 44
4 250 54
5 273 70
6 315 124
7 343 112
8 357 69
9 399 62
10 439 67
11 541.396 148.917
12 560 231.083
13 560 261
14 538 355
15 499 395
16 436 391
17 390 346
18 341 394
19 280 394
20 267 378
21 247 296
22 214 368
23 227 410
24 154 398
25 100 359
26 93 324
27 132 282
28 184 294
29 168 220
30 138 236
31 122 238
32 81 217
33 49 193
34 48 174
