Duration[s]: 3606.84 Porcentaje: 0.502021 TerminoTodo: 0
Convexos: 4 VerticesConvexos: 37
0 1 2 24 25 26 27 28 29 30
8 9 10 11 12 13 14 15
17 18 19 20 21 22 23
2 3 4 5 6 7 8 15 16 17 23 24
0 83 357
1 86 279
2 120 241
3 89 202
4 81 88
5 84.1179 56.8208
6 207 23
7 282 21
8 304 43
9 490 29
10 504 28
11 583.535 45.7907
12 596 105
13 592 191
14 583 241
15 541 280
16 534 315
17 473 344
18 520 357
19 585 385
20 445 461
21 404 459
22 359 421
23 356 398
24 321 380
25 308 444
26 251 456
27 222 461
28 135 447
29 119 444
30 85.8671 415.776
