Duration[s]: 3600.33 Porcentaje: 0.707098 TerminoTodo: 0
Convexos: 6 VerticesConvexos: 47
0 1 2 33 34 35 36
11 12 13 14 15 16 17 18 19
6 7 8 9 10 11 19
4 5 6 19 20 21
22 23 24 25 26 27 28 29 30 31 32
2 3 4 21 22 32 33
0 0 398
1 28 333
2 79 317
3 68 231
4 97 139
5 84 114
6 122.634 42
7 217.938 42
8 448.641 69.3426
9 575.672 128.239
10 587 166
11 548 284
12 559 320
13 556 333
14 554 336
15 551 340
16 538 340
17 514 334
18 498 326
19 437 233
20 404 306
21 280 308
22 278 351
23 432 313
24 545 368
25 608 407
26 609 432
27 604.548 467.618
28 537 477
29 319 459
30 188 448
31 158 423
32 186 395
33 89 375
34 74 418
35 45 446
36 14.9162 444.104
