Duration[s]: 3601.89 Porcentaje: 0.702671 TerminoTodo: 0
Convexos: 5 VerticesConvexos: 48
0 36 37 38 39
16 17 18 19 20 21 22 23 24 25 26 27
28 29 30 31 32 33 34 35
7 8 9 10 11 12 13 14 15 16 27 28 35 36
0 1 2 3 4 5 6 7 36
0 111 255
1 85 193
2 79 116
3 88.5895 85.6332
4 126 77
5 151 79
6 162 85
7 170 93
8 264 53
9 279 48
10 342 31
11 357 30
12 479.488 31.6779
13 543.182 39.8439
14 584 92
15 573 117
16 535 172
17 569 218
18 589 248
19 591 259
20 588.284 305.171
21 513 375
22 483 379
23 445 382
24 409 364
25 408 358
26 411 342
27 427 318
28 372 339
29 381 357
30 376 374
31 326 394
32 162.49 385.645
33 128 349
34 115 327
35 181 313
36 160 277
37 112 287
38 92 289
39 57 264
