Duration[s]: 3600.66 Porcentaje: 0.712775 TerminoTodo: 0
Convexos: 6 VerticesConvexos: 46
0 1 2 32 33 34 35
10 11 12 13 14
8 9 10 14 15 16 17
17 18 19 20 21 22 23 24 25
7 8 17 25 26
2 3 4 5 6 7 26 27 28 29 30 31 32
0 54 349
1 66 308
2 133 314
3 89 184
4 138 147
5 194 130
6 246 169
7 333 252
8 424 166
9 297 144
10 195 83
11 65 142
12 42 93
13 62.841 32.7927
14 221 28
15 407 44
16 440 74
17 464 134
18 523.837 46.332
19 627 257.949
20 627 331
21 582.096 418.086
22 512 406
23 484 386
24 474 350
25 465 256
26 403 331
27 431 390
28 429 407
29 363 426
30 321 426
31 286 407
32 177 342
33 202 380
34 204 389
35 69.6173 421.881
