Duration[s]: 3601.24 Porcentaje: 0.800111 TerminoTodo: 0
Convexos: 11 VerticesConvexos: 91
0 1 2 3 4 5 6 7 8 9 10 11 58 59 68 69 70
24 25 26 27 28 29
22 23 24 29
21 22 29 30 31 32 33 34 35
36 37 38 39 40 41
18 19 20 21 35 36 41
41 42 43 44 45 46 47
17 18 41 47
17 47 48 49 50 51 52 53 54 55
11 12 13 14 15 16 17 55 56 57 58
59 60 61 62 63 64 65 66 67 68
0 25 338
1 27 301
2 37 278
3 46 259
4 109 203
5 122 195
6 133 192
7 156 187
8 173 185
9 218 184
10 222 185
11 257 196
12 263 178
13 288 144
14 418 251
15 425 264
16 431 277
17 451 329
18 437 220
19 402 213
20 379 195
21 323 125
22 262 125
23 249 136
24 132 150
25 86 157
26 58 149
27 30 109
28 50 83
29 157 125
30 135 65
31 167 42
32 314 36
33 335 40
34 337 53
35 343 100
36 400 127
37 460 55
38 462 62
39 471 104
40 482 170
41 478 205
42 521 117
43 571 98
44 589 113
45 566 201
46 543 229
47 485 276
48 571 279
49 583 281
50 589 305
51 596 356
52 598 371
53 589 393
54 523 419
55 463 428
56 367 404
57 316 378
58 248 320
59 211 395
60 307 409
61 316 440
62 316 452
63 308 460
64 298 465
65 191.455 465
66 156 450
67 154 438
68 153 408
69 83 415
70 45.4262 390.342
