Duration[s]: 3604.41 Porcentaje: 0.903929 TerminoTodo: 0
Convexos: 14 VerticesConvexos: 85
0 1 52 53 54 58
54 55 56 57 58
17 18 19 20
14 15 16 17 20
13 14 20 21 22 23
12 13 23 24 25 26
10 11 12 26 27 28 29
9 10 29 30 31 32 33 34
9 34 35 36 37 38
38 39 40 41 42 43 44
45 46 47 48 49
44 45 49 50
8 9 38 44 50 51
1 2 3 4 5 6 7 8 51 52
0 128.52 89.7809
1 181 133
2 212 75
3 294 84
4 355 104
5 387 146
6 383 168
7 354 242
8 330 258
9 385 307
10 418 255
11 391 216
12 478 249
13 500 225
14 451 160
15 429 198
16 403 165
17 387 88
18 365 92
19 355 52
20 386 44
21 516 53
22 536 126
23 544 180
24 573 238
25 571 267
26 540 296
27 580 365
28 579 376
29 549 412
30 561.571 468
31 520 468
32 500 462
33 480 448
34 423 407
35 396 442
36 367 451
37 342 450
38 284 378
39 229 429
40 204 431
41 123.904 402.896
42 115 380
43 116 364
44 230 316
45 165 278
46 143 298
47 122 308
48 100 216
49 175 256
50 203 249
51 233 251
52 197 195
53 154 186
54 60 152
55 65 191
56 63 211
57 53 200
58 30 136
