Duration[s]: 3601.47 Porcentaje: 0.90267 TerminoTodo: 0
Convexos: 16 VerticesConvexos: 112
0 78 79 80 81
70 71 72 73 74
15 16 17 18 19 20 21 22 23 24 25 26 27 28 29 30 31
43 44 45 46 47 48
38 39 40 41 42 43 48
37 38 48 49 50 51
36 37 51 52 53
53 54 55 56 57 58 59 60 61 62 63 64
33 34 35 36 53 64 65
32 33 65 66 67 68
10 11 12 13 14 15 31 32 68
10 68 69
9 10 69 70 74
7 8 9 74 75 76
4 5 6 7 76 77 78
0 1 2 3 4 78
0 86 109
1 75 83
2 78 61
3 114 60
4 135 75
5 173 56
6 183 53
7 208 46
8 233 42
9 333.215 45.4557
10 558.902 137.536
11 599 191
12 600 214
13 600 235
14 596 250
15 575 281
16 605 275
17 611.71 276.118
18 620 406
19 617.741 417.294
20 546.903 436.971
21 483 443
22 466 444
23 446 440
24 427 436
25 418 433
26 406 428
27 392 420
28 373 400
29 372 386
30 377 359
31 486 316
32 436 287
33 332 283
34 348 320
35 305 328
36 196 336
37 170 402
38 227 445
39 251 393
40 264 371
41 298 396
42 313 435
43 305 451
44 368 439
45 381 451
46 383 466
47 358.3 479
48 222.333 479
49 111.344 452.363
50 102 427
51 102 405
52 140 321
53 208 274
54 129 261
55 82 228
56 180 132
57 199 116
58 224 112
59 249 115
60 291 136
61 296 149
62 296 170
63 280 202
64 252 235
65 285 237
66 310 206
67 392 178
68 452 238
69 432 159
70 395 144
71 367 155
72 364 156
73 335 116
74 318 85
75 283 95
76 209 58
77 180 90
78 127 99
79 118 132
80 47 159
81 38 140
