Duration[s]: 3600.59 Porcentaje: 0.901142 TerminoTodo: 0
Convexos: 12 VerticesConvexos: 90
0 64 65 66 67
12 13 14 15 16 17 18
11 12 18 19 20 21 22
27 28 29 30 31
33 34 35 36 37 38 39 40 41
32 33 41 42 43 44 45
49 50 51 52 53 54 55
26 27 31 32 45 46 47 48 49 55
26 55 56 57 58 59 60 61 62
24 25 26 62 63
9 10 11 22 23 24 63
0 1 2 3 4 5 6 7 8 9 63 64
0 200 411
1 155 371
2 144 361
3 123.602 340.602
4 121 230
5 123.391 210.87
6 142 169
7 156 160
8 167 156
9 201 147
10 221 107
11 274 84
12 278 71
13 221 86
14 196 76
15 214 54
16 265 30
17 278 30
18 323 45
19 351 57
20 348 109
21 317 148
22 291 171
23 283 232
24 268 284
25 312 303
26 337 327
27 337 295
28 323 288
29 323 258
30 364 202
31 414 210
32 458 182
33 406 154
34 400 163
35 381 176
36 361 179
37 355 178
38 345 171
39 343 157
40 344 151
41 391 129
42 522 79
43 544 71
44 571.871 78.9632
45 554 185
46 583 250
47 592 277
48 592 299
49 567 360
50 566 457
51 522 469
52 514 468
53 439 427
54 436 423
55 402 361
56 398 434
57 380 442
58 345 450
59 292 450
60 290 447
61 289 423
62 288 388
63 227 373
64 216 414
65 214 456
66 195 463
67 158.138 430.234
