Duration[s]: 3605.62 Porcentaje: 0.700968 TerminoTodo: 0
Convexos: 6 VerticesConvexos: 49
0 1 2 3 4 36 37 38
14 15 16 17 18 19 20 21 22 23
25 26 27 28 29 30
13 14 23 24 25 30
11 12 13 30 31 32 33 34 35
4 5 6 7 8 9 10 11 35 36
0 20 288.48
1 103.045 75.8845
2 150.413 50.0476
3 172 46
4 185 80
5 226 63
6 349 38
7 512 22
8 604.749 55.9326
9 612 94
10 601 135
11 551 160
12 593 212
13 552 239
14 552 292
15 571 312
16 605 359
17 620 391
18 615 416
19 589 444
20 521 461
21 495 441
22 482 416
23 480 371
24 415 410
25 322 426
26 391 449
27 372 466
28 328 471
29 265 448
30 257 431
31 166 472
32 75 425
33 73 413
34 83 399
35 163 307
36 131 260
37 67 323
38 20 304
