Duration[s]: 3601.98 Porcentaje: 0.706882 TerminoTodo: 0
Convexos: 9 VerticesConvexos: 55
0 1 36 37 38
29 30 31 32 33 34
29 34 35
27 28 29 35
10 11 12 13 14 15 16 17
6 7 8 9 10 17 18 19 20 21 22 23 24
5 6 24 25 26
2 3 4 5 26 27
1 2 27 35 36
0 20.066 122.411
1 67 72
2 141 91
3 204 45
4 216 38
5 281 47
6 324 94
7 343 72
8 438 16
9 476 5
10 525 117
11 580 62
12 601 145
13 603 343
14 586.696 468
15 516 468
16 494 442
17 494 418
18 396 439
19 345 441
20 279 424
21 243 393
22 206 335
23 208 295
24 239 239
25 228 161
26 228 87
27 172 126
28 186 193
29 134 315
30 212 454
31 159 453
32 49 382
33 49 348
34 62 236
35 144 216
36 82 145
37 66 219
38 17 173
