Duration[s]: 3601.5 Porcentaje: 0.900022 TerminoTodo: 0
Convexos: 10 VerticesConvexos: 63
0 1 2 41 42 43 44
25 26 27 28 29 30 31
24 25 31 32 33
23 24 33 34 35 36
17 18 19 20 21 22 23 36
11 12 13 14 15 16 17 36 37
5 6 7 8 9 10 11 37 38
2 3 4 5 38
2 38 39
2 39 40 41
0 62.5677 90.9251
1 94 74
2 126 83
3 205 15
4 254 39
5 258 53
6 332 36
7 368 28
8 426.403 35.7137
9 499.191 70.6517
10 524 112
11 538 173
12 577 226
13 588 295.143
14 588 368.875
15 554 388
16 522 387
17 489 362
18 449 383
19 404 390
20 390 390
21 367 378
22 305 326
23 290 276
24 233 282
25 228 365
26 248 367
27 331 397
28 337 414
29 264 432
30 196 425
31 145 384
32 146 322
33 207 284
34 194 224
35 206 183
36 322 215
37 309 131
38 227 66
39 175 90
40 170 174
41 160 169
42 105 276
43 42 282
44 21 252
