Duration[s]: 3600.63 Porcentaje: 0.703929 TerminoTodo: 0
Convexos: 8 VerticesConvexos: 64
0 1 44 45 46 47 48 49
10 11 12 13 14 15 16 17 18
9 10 18 19 20 21 22 23
1 2 3 4 5 6 7 8 9 23
28 29 30 31 32 33 34 35
27 28 35 36 37 38 39
24 25 26 27 39 40 41 42 43
1 23 24 43 44
0 90 328
1 147 288
2 67 235.342
3 67 59.2143
4 127.344 35.5076
5 196 41
6 244 45
7 256 56
8 257 85
9 250 126
10 295 127
11 303 59
12 331 36
13 336 35
14 461.458 37.281
15 471 64
16 472 70
17 467 92
18 436 145
19 443 189
20 434 199
21 280 260
22 241 262
23 219 263
24 242 306
25 311 279
26 337 274
27 345 274
28 420 261
29 427 253
30 507 193
31 584 323
32 584 369.517
33 505 424
34 476 410
35 414 338
36 404 394
37 335 427
38 333 383
39 340 312
40 283 426
41 226 442
42 213 435
43 217 388
44 180 352
45 163 408
46 156 419
47 154 421
48 106.531 419.751
49 80 354
