Duration[s]: 3601.21 Porcentaje: 0.802466 TerminoTodo: 0
Convexos: 9 VerticesConvexos: 69
0 1 2 50 51 52
13 14 15 16 17 18 19 20 21 22 23 24
12 13 24 25 26 27 28 29 30
35 36 37 38 39 40 41
31 32 33 34 35 41 42
10 11 12 30 31 42 43 44
9 10 44 45 46
3 4 5 6 7 8 9 46 47
2 3 47 48 49 50
0 29 22.8519
1 78 41
2 92 57
3 138 30
4 203 18
5 330 14
6 445 36
7 456 75
8 448 85
9 388 114
10 452 185
11 454 229
12 439 282
13 493 223
14 461 175
15 457 164
16 456 127
17 472 43
18 476 35
19 483 32
20 503 27
21 532.025 22.8535
22 563 99
23 551 173
24 540 212
25 561 226
26 582 326
27 558.395 413.479
28 493 415
29 441 407
30 410 361
31 373 338
32 388 411
33 379.714 440
34 168.556 440
35 119.051 407.399
36 79 335
37 95 261
38 137 200
39 238 150
40 335 229
41 270 283
42 338 306
43 350 267
44 376 208
45 303 132
46 266 90
47 174 68
48 177 114
49 158 131
50 86 126
51 62 253
52 29 239.594
