Duration[s]: 3600.74 Porcentaje: 0.900633 TerminoTodo: 0
Convexos: 16 VerticesConvexos: 119
0 1 2 34 86 87 88
17 18 19 20 21 22
23 24 25 26 27 28 29
12 13 14 15 16 17
11 12 17 22 23 29 30 31
6 7 8 9 10 11 31 32 33
2 3 4 5 6 33 34
39 40 41 42 43 44 45 46
36 37 38 39 46 47
53 54 55 56 57
57 58 59 60 61 62 63 64
49 50 51 52 53 57 64 65
48 49 65 66 67 68 69 70 71 72 73
73 74 75 76 77 78 79
34 35 36 47 48 73 79 80
34 80 81 82 83 84 85 86
0 116 372
1 135 354
2 186 333
3 97 305
4 97 270
5 109 265
6 153 254
7 95 213
8 90 208
9 82 190
10 93 169
11 130 159
12 143 128
13 101 108
14 75 75
15 75 63.8095
16 116 56
17 203 89
18 167 46
19 188 31
20 225 25
21 266 54
22 267 82
23 331 90
24 328 38
25 348.822 34.7966
26 382 52
27 385 69
28 385 79
29 362 109
30 327 127
31 203 154
32 236 210
33 187 261
34 267 311
35 300 268
36 328 239
37 320 189
38 377 158
39 444 133
40 477 82
41 489 68
42 603 80
43 601 105
44 596 124
45 530 155
46 445 176
47 374 238
48 368 269
49 424 301
50 475 268
51 476 268
52 561 321
53 538 374
54 626 345
55 606 386
56 573 419
57 523 400
58 517 463
59 496.636 479
60 484 479
61 483 478
62 470 445
63 465 424
64 494 397
65 457 355
66 443 396
67 424 443
68 402 462
69 395 463
70 384 464
71 365 465
72 362 447
73 348 356
74 332 432
75 296 465
76 284 473
77 252 476
78 250 464
79 283 381
80 275 381
81 235 440
82 208 473
83 159 479
84 140 479
85 140 454
86 170 405
87 106 425
88 95 417
