Duration[s]: 3602.87 Porcentaje: 0.802752 TerminoTodo: 0
Convexos: 12 VerticesConvexos: 93
0 68 69 70
0 1 2 3 4
11 12 13 14 15 16 17 18 19 20 21 22
9 10 11 22 23 24 25 26 27
40 41 42 43 44 45 46
36 37 38 39 40 46 47
47 48 49 50 51 52
28 29 30 31 32 33 34 35 36 47 52 53
5 6 7 8 9 27 28 53 54
55 56 57 58 59 60 61
62 63 64 65 66 67
0 4 5 54 55 61 62 67 68
0 109 163
1 67 86
2 61 52
3 115 67
4 128 126
5 178 116
6 177 97
7 180 69
8 190 57
9 240 74
10 253 55
11 322 24
12 385 11
13 432 18
14 549.134 45.561
15 609.091 81.0909
16 636 108
17 635 131
18 609 159
19 607 159
20 573 158
21 460 103
22 428 87
23 404 112
24 373 127
25 359 130
26 330 132
27 309 126
28 323 187
29 403 138
30 465 124
31 510 130
32 585 168
33 621 191
34 632 221
35 627 255
36 601 285
37 634 336
38 639 367
39 571 393
40 474 346
41 460 399
42 378 400
43 377 367
44 395 341
45 414 321
46 455 302
47 454 266
48 389 300
49 332 320
50 309 296
51 306 262
52 323 239
53 295 216
54 217 216
55 230 285
56 258 303
57 281 331
58 347 418
59 328 451
60 277 439
61 242 394
62 203 373
63 167 401
64 107 401
65 65 355
66 111 324
67 132 317
68 97 233
69 57 215
70 52 173
