Duration[s]: 3600.04 Porcentaje: 0.800231 TerminoTodo: 0
Convexos: 4 VerticesConvexos: 44
0 1 6 32 33 34 35 36 37
1 2 3 4 5 6
17 18 19 20 21 22 23 24 25 26 27 28 29
6 7 8 9 10 11 12 13 14 15 16 17 29 30 31 32
0 15 293
1 28.3412 171.817
2 93 74
3 153 61
4 168 79
5 161 92
6 80 176
7 186 142
8 287 126
9 452 112
10 467 111
11 486.558 111
12 526 164
13 532 178
14 523 213
15 513 221
16 486 237
17 442 257
18 597.564 216.007
19 627.926 274.397
20 640 373.182
21 640 405.735
22 546.683 457.154
23 519 459
24 244.962 451.388
25 173.378 414.27
26 159 404
27 150 397
28 138 384
29 126 362
30 116 337
31 115 334
32 87 232
33 89 327
34 72 341
35 67 343
36 62 343
37 17 314
