Duration[s]: 3601.5 Porcentaje: 0.704345 TerminoTodo: 0
Convexos: 7 VerticesConvexos: 54
0 38 39 40 41
30 31 32 33 34 35 36 37
20 21 22 23 24 25 26 27 28
16 17 18 19 20 28 29
6 7 8 9 10 11 12 13
5 6 13 14 15 16 29 30 37
0 1 2 3 4 5 37 38
0 39 186.519
1 110 105
2 190 55
3 258 64
4 277 93
5 277 136
6 472 179
7 346 140
8 236 18
9 259 6
10 490.636 34.9545
11 550 124
12 558 169
13 558 204
14 555 226
15 540 245
16 442 287
17 552 278
18 592 282
19 629 316
20 634 326
21 634 400
22 581.48 477.029
23 528 480
24 521 479
25 310 443
26 300 422
27 309 399
28 343 386
29 379 294
30 311 280
31 311 307
32 252 449
33 159.879 422.457
34 129 383
35 184 278
36 243 224
37 274 220
38 117 240
39 124 271
40 125 303
41 39 303
