Duration[s]: 3601.39 Porcentaje: 0.802228 TerminoTodo: 0
Convexos: 5 VerticesConvexos: 55
0 1 2 3 31 32 33 44 45 46
12 13 14 15 16 17 18 19 20 21 22 23 24 25 26 27 28 29
9 10 11 12 29 30
3 4 5 6 7 8 9 30 31
33 34 35 36 37 38 39 40 41 42 43 44
0 46 142
1 114 126
2 136 123
3 203 162
4 219 100
5 252 79
6 266 71
7 417 62
8 437 80
9 445 115
10 492 107
11 515.417 107
12 586 184
13 584 249
14 561.5 401.5
15 489 416
16 462 417
17 442 416
18 431 414
19 384 380
20 368 362
21 354 338
22 346 313
23 339 289
24 337 267
25 339 248
26 353 225
27 367 212
28 378 204
29 396 197
30 375 150
31 245 199
32 308 277
33 383 401
34 412 415
35 412 430
36 401 441
37 325.308 465
38 249.5 465
39 182.647 436.851
40 175 412
41 170 391
42 170 368
43 173 344
44 185 329
45 94 272
46 46 228.364
