Duration[s]: 3601.99 Porcentaje: 0.802397 TerminoTodo: 0
Convexos: 10 VerticesConvexos: 89
0 1 63 64 65 66 67 68 69 70
32 33 34 35 36 37 38 39 40 41 42 43
31 32 43 44 45 46
26 27 28 29 30 31 46 47
16 17 18 19 20 21 22 23 24 25 26 47 48
11 12 13 14 15 16 48 49 50
8 9 10 11 50 51
52 53 54 55 56 57 58 59 60 61
5 6 7 8 51 52 61 62
1 2 3 4 5 62 63
0 50 169
1 58.8156 129.33
2 117 64
3 193 14
4 296 17
5 376 46
6 437 26
7 486 17
8 494 26
9 590 17
10 600 73
11 592 121
12 636 227
13 639 240.696
14 639 321.7
15 612 346
16 512 397
17 479 441
18 429.588 461
19 389.5 461
20 352 455
21 344 447
22 320 412
23 304 381
24 299 369
25 296 310
26 297 287
27 298 276
28 303 267
29 321 254
30 329 249
31 478 180
32 476 154
33 444 133
34 435 118
35 434 111
36 434 99
37 437 94
38 440 92
39 450 92
40 457 94
41 522 141
42 541 173
43 543 192
44 541 222
45 523 240
46 498 258
47 386 283
48 517 359
49 519 347
50 555 145
51 456 71
52 402 96
53 441 149
54 419 186
55 354 212
56 325 218
57 279 207
58 219 189
59 163 164
60 154 134
61 248 119
62 228 104
63 112 134
64 177 194
65 193 209
66 239 267
67 245 298
68 237 333
69 161 337
70 129 303
