Duration[s]: 3600.49 Porcentaje: 0.600938 TerminoTodo: 0
Convexos: 3 VerticesConvexos: 32
0 1 2 3 4 5 6 7 8 19 20 25 26 27
8 9 10 11 12 13 14 15 16 17 18 19
20 21 22 23 24 25
0 48.6148 175.479
1 110 105
2 236 18
3 259 6
4 490.636 34.9545
5 550 124
6 558 169
7 558 204
8 555 226
9 629 316
10 631 320
11 634 338
12 621.038 419.01
13 581.48 477.029
14 528 480
15 521 479
16 310 443
17 300 422
18 309 399
19 379 294
20 311 307
21 252 449
22 215.904 444.946
23 147 406
24 129 383
25 206 315
26 61 303
27 39 254
