Duration[s]: 3600.12 Porcentaje: 0.701719 TerminoTodo: 0
Convexos: 7 VerticesConvexos: 61
0 18 19 20 44 45 46 47 48
8 9 10 11 12 13 14 15
4 5 6 7 8 15 16
0 1 2 3 4 16 17 18
29 30 31 32 33 34 35 36
23 24 25 26 27 28 29 36
20 21 22 23 36 37 38 39 40 41 42 43 44
0 48 116
1 87 78
2 173 37
3 214 44
4 274 62
5 300 47
6 322 37
7 345 33
8 429 59
9 481 84
10 466 130
11 457 154
12 450 155
13 432 144
14 417 117
15 416 95
16 370 96
17 232 161
18 92 131
19 165 186
20 165 210
21 292 144
22 409 111
23 448 169
24 498 169
25 511 174
26 535 189
27 567 223
28 545 246
29 479 303
30 518 298
31 531 309
32 544 337
33 486.849 437.635
34 446 435
35 430 428
36 350 390
37 328 412
38 225 439
39 185 440
40 165 432
41 121.482 397.807
42 105 374
43 101 363
44 110 316
45 74 281
46 61 265
47 47 199
48 38 133
