Duration[s]: 3600.69 Porcentaje: 0.900871 TerminoTodo: 0
Convexos: 19 VerticesConvexos: 131
0 62 92 94
18 19 20 21 22 23 24
13 14 15 16 17 18 24 25 26 27 28
12 13 28 29
9 10 11 12 29 30 31 32 33 34
4 5 6 7 8 9 34
42 43 44 45 46 47 48 49 50 51
42 51 52 53 54 55 56
41 42 56 57 58 59
38 39 40 41 59 60
3 4 34 35 36 37 38 60 61
0 1 2 3 61 62
66 67 68 69 70 71 72 73 74
65 66 74 75 76 77 78 79 80 81
65 81 82
64 65 82 83 84 85 86
63 64 86 87 88 89
62 63 89 90 91 92
92 93 94
0 41 280
1 0 223
2 1 196
3 25 163
4 68 111
5 36 67
6 43 39
7 49.7891 13.6216
8 83 24
9 183 80
10 235 29
11 277 24
12 310 65
13 360 57
14 430 23
15 460 16
16 479 13
17 500 11
18 547.96 15.9614
19 631 95.8077
20 631 209
21 603 292
22 547 318
23 501 327
24 507 193
25 468 213
26 401 210
27 372 201
28 340 107
29 307 115
30 294 169
31 285 173
32 264 173
33 229 163
34 151 135
35 194 167
36 230 196
37 232 208
38 227 233
39 224 258
40 218 278
41 176 303
42 246 341
43 296 301
44 335 296
45 352 305
46 362 316
47 366 336
48 368 355
49 360 405
50 323 430
51 251 395
52 246 429
53 184 445
54 155 412
55 154 379
56 182 354
57 126 337
58 101 317
59 110 291
60 86 219
61 54 206
62 98 359
63 177 451
64 370 433
65 385 334
66 320 274
67 258 313
68 238 290
69 241 259
70 259 236
71 282 223
72 326 206
73 337 204
74 340 235
75 409 224
76 432 230
77 454 242
78 479 256
79 494 278
80 492 299
81 449 320
82 429 339
83 517 387
84 518 406
85 485 420
86 448 433
87 478 450
88 375.586 480
89 184.308 480
90 88.0477 458.046
91 60 431
92 64 352
93 34 353
94 0 323
