Duration[s]: 3600.22 Porcentaje: 0.604413 TerminoTodo: 0
Convexos: 11 VerticesConvexos: 63
0 1 2 3 41 42
7 8 9 10 11 12 13 14
16 17 18 19 20 21 22 23
15 16 23 24
4 5 6 7 14 15 24
31 32 33
29 30 31 33 34
26 27 28 29 34 35
25 26 35 36 37
24 25 37
3 4 24 37 38 39 40 41
0 10 228.333
1 38 227
2 121 296
3 121 330
4 136 277
5 98 234
6 172 187
7 221 165
8 149 124
9 196.196 42.9193
10 267 22
11 293 29
12 349 117
13 356 156
14 324 185
15 331 238
16 402 161
17 356 84
18 339 45
19 367 12
20 386 29
21 417 68
22 432 105
23 459 226
24 324 321
25 453 305
26 488 209
27 401.161 2
28 478.25 2
29 611.744 32.5128
30 625 147
31 623.822 386.097
32 561 382
33 575 351
34 563 196
35 518 227
36 523 239
37 534 392
38 569 406
39 559.544 423.731
40 387 461
41 115 463
42 10 453
