Duration[s]: 3600.31 Porcentaje: 0.904686 TerminoTodo: 0
Convexos: 15 VerticesConvexos: 101
0 1 32 33 34 72
13 14 15 16 17 18 19 20
12 13 20 21
23 24 25 26 27
23 27 28 29
5 6 7 8 9 10 11 12 21 22 23 29
4 5 29 30 31
1 2 3 4 31 32
43 44 45 46 47 48 49 50 51 52 53 54 55 56 57 58
38 39 40 41 42 43
38 43 58 59 60 61
36 37 38 61 62 63 64
65 66 67 68 69 70
35 36 64 65 70
34 35 70 71 72
0 25 223
1 33.9251 66.8116
2 85.2936 24.616
3 121 59
4 132 71
5 164 105
6 189 57
7 209 47
8 244 32
9 288 23
10 342 13
11 409 13
12 618.3 53.5096
13 639 96
14 639 240
15 638 255
16 600 278
17 552 290
18 511 287
19 448 260
20 554 144
21 524 107
22 381 186
23 246 213
24 351 255
25 335 310
26 253 318
27 126 264
28 162 174
29 184 148
30 141 148
31 102 139
32 70 209
33 81 254
34 68 323
35 137 343
36 239 332
37 316 366
38 365 413
39 375 322
40 383 289
41 418 282
42 428 281
43 439 331
44 514 302
45 540 293
46 552 291
47 568 291
48 580 293
49 597 296
50 617 303
51 636 331
52 639 350.5
53 639 350.875
54 625.29 410.855
55 607 420
56 582 422
57 581 422
58 475 398
59 488 436
60 487 440
61 380 479
62 253.167 479
63 210 442
64 217 392
65 170 390
66 169 430
67 161 445
68 155 450
69 106 425
70 100 368
71 52 375
72 25 364.875
