Duration[s]: 3602.7 Porcentaje: 0.802429 TerminoTodo: 0
Convexos: 7 VerticesConvexos: 55
0 10 37 38 39 40 41 42
4 5 6 7 8 9
0 1 2 3 4 9 10
19 20 21 22 23 24
12 13 14 15 16 17 18 19 24
12 24 25 26 27 28 29 30 31
10 11 12 31 32 33 34 35 36 37
0 126 151
1 103 127
2 98 112
3 137 86
4 207 74
5 255 34
6 278 40
7 334 89
8 319 129
9 226 153
10 170 186
11 264 213
12 349 241
13 302 183
14 340 127
15 355 108
16 452 54
17 496 58
18 498 81
19 497 147
20 523 110
21 540 99
22 571 113
23 539 180
24 479 220
25 542 244
26 591 275
27 624 327
28 603 357
29 525.273 396.545
30 403 421
31 334 391
32 326 432
33 302.6 445
34 266.182 445
35 243 428
36 199 395
37 168 324
38 161 344
39 146 363
40 117 351
41 79 204
42 76 187
