Duration[s]: 3601.18 Porcentaje: 0.402505 TerminoTodo: 0
Convexos: 4 VerticesConvexos: 39
0 1 2 3 4 30 31 32
5 6 7 8 9 10 11 12 13 14 15 16 17 18 19
5 19 20 21 22 23 24 25
4 5 25 26 27 28 29 30
0 25 223
1 33.9251 66.8116
2 85.2936 24.616
3 121 59
4 132 71
5 164 105
6 189 57
7 209 47
8 244 32
9 288 23
10 342 13
11 409 13
12 618.3 53.5096
13 639 96
14 639 350.875
15 625.29 410.855
16 607 420
17 582 422
18 581 422
19 475 398
20 488 436
21 487 440
22 380 479
23 253.167 479
24 210 442
25 170 390
26 169 430
27 161 445
28 155 450
29 106 425
30 100 368
31 52 375
32 25 364.875
