Duration[s]: 3601.63 Porcentaje: 0.801687 TerminoTodo: 0
Convexos: 6 VerticesConvexos: 52
0 1 2 3 4 5 23 24 25 39 40 41
18 19 20 21 22
11 12 13 14 15 16 17 18 22
5 6 7 8 9 10 11 22 23
27 28 29 30 31 32 33 34 35
25 26 27 35 36 37 38 39
0 35 104.375
1 99.5522 64.0299
2 115 63
3 133 64
4 232 70
5 295 76
6 303 69
7 310 65
8 341 54
9 354.707 54
10 403 98
11 399 128
12 472 192
13 480 304
14 474.634 407.749
15 409 414
16 399 409
17 369 351
18 362 336
19 293 304
20 288 282
21 317 243
22 365 233
23 325 179
24 302 222
25 237 225
26 238 276
27 226 301
28 271 336
29 271 351
30 180 409
31 128 429
32 107.583 429
33 102 406
34 103 393
35 129 325
36 84 278
37 73 258
38 73 238
39 116 226
40 43 161
41 35 130
