Duration[s]: 3602.24 Porcentaje: 0.804203 TerminoTodo: 0
Convexos: 7 VerticesConvexos: 67
0 1 2 3 48 49 50 51 52 53 54
28 29 30 31 32 33 34 35
26 27 28 35 36
19 20 21 22 23 24 25 26 36 37
38 39 40 41 42 43 44 45 46
10 11 12 13 14 15 16 17 18 19 37 38 46 47
3 4 5 6 7 8 9 10 47 48
0 5 310
1 9 299
2 39 297
3 99 317
4 58 277
5 52 262
6 25 178
7 26 155
8 57.2 95.096
9 89 104
10 97 116
11 148 87
12 175 75
13 218 56
14 268.76 39.08
15 311 41
16 333 47
17 344 55
18 352 68
19 354 99
20 378 70
21 397 56
22 433 39
23 454 37
24 535.912 55.9027
25 517 102
26 502 122
27 551 161
28 578 218
29 568.227 271.055
30 517.568 376.372
31 436 404
32 404 394
33 391 352
34 427 296
35 462 273
36 385 231
37 353 252
38 317 352
39 361 365
40 382 401
41 382 414
42 333 426
43 308 432
44 250 423
45 214 390
46 223 347
47 156 303
48 178 393
49 177 417
50 172 420
51 148 426
52 97.1815 431.808
53 51.1429 396
54 10.4407 339.017
