Duration[s]: 3600.13 Porcentaje: 0.703934 TerminoTodo: 0
Convexos: 9 VerticesConvexos: 63
0 1 43 44 45 46
26 27 28 29 30 31 32
26 32 33
25 26 33 34 35 36 37 38 39 40 41 42
15 16 17 18 19 20 21 22
14 15 22 23
8 9 10 11 12 13 14 23
8 23 24
1 2 3 4 5 6 7 8 24 25 42 43
0 42 362
1 71 240
2 61 217
3 45 111
4 42.7308 52
5 104 52
6 249 59
7 268 61
8 337 94
9 365 53
10 417 43
11 442 44
12 513.719 85.4375
13 525 108
14 526 136
15 599 233.333
16 599 262
17 578 290
18 524 303
19 517 303
20 517 292
21 521 274
22 547 210
23 471 133
24 387 154
25 354 236
26 461 249
27 422 243
28 385 198
29 413 170
30 442 152
31 483 159
32 522 224
33 484 265
34 495 305
35 503 377
36 503 411
37 453.909 438
38 239.583 438
39 206 425
40 184 416
41 179 377
42 177 302
43 107 287
44 122 338
45 109 405
46 39 397
