Duration[s]: 3600.4 Porcentaje: 0.702405 TerminoTodo: 0
Convexos: 9 VerticesConvexos: 73
0 8 9 10 11 12 54 55 56
0 1 2 3 4 5 6 7 8
17 18 19 20 21 22
14 15 16 17 22 23 24
31 32 33 34 35 36 37 38
28 29 30 31 38 39 40 41
27 28 41 42 43 44 45 46
14 24 25 26 27 46 47 48 49
12 13 14 49 50 51 52 53 54
0 40 251
1 0 211
2 -0 28.9808
3 61 2
4 98 14
5 150 47
6 155 52
7 180 117
8 143 174
9 203 196
10 197 223
11 187 239
12 152 283
13 251 288
14 308 303
15 207 129
16 225 82
17 237 63
18 189 22
19 235 9
20 273 16
21 300 79
22 287 102
23 324 161
24 344 196
25 416 188
26 475 200
27 494 255
28 557 211
29 515 214
30 490 198
31 445 143
32 378 158
33 358 137
34 358 97
35 379 86
36 394 81
37 512 64
38 520 69
39 572.294 125.316
40 578 147
41 588 201
42 593 245
43 590.802 452.726
44 497 467
45 470 468
46 454 458
47 357 464
48 329 443
49 294 416
50 258 452
51 228 463
52 113.47 458.758
53 85 433
54 68 382
55 39 366
56 0 337
