Duration[s]: 3603.28 Porcentaje: 0.801515 TerminoTodo: 0
Convexos: 10 VerticesConvexos: 68
0 1 2 23 24 25 26 27 49
7 8 9 10 11 12 13
3 4 5 6 7 13 14
15 16 17 18 19 20 21 22
2 3 14 15 22 23
37 38 39 40 41 42 43
30 31 32 33 34 35 36 37 43 44 45
29 30 45 46
28 29 46 47 48
27 28 48 49
0 157 376
1 149 311
2 155 195
3 107 85
4 66 56
5 55 39
6 205 47
7 379 76
8 452 80
9 534 95
10 527 103
11 456 105
12 407 101
13 359 97
14 126 92
15 217 138
16 316 144
17 379 150
18 427 155
19 535 170
20 573 185
21 503 202
22 255 197
23 197 203
24 377 258
25 408 403
26 375 419
27 240 430
28 347 473
29 407 475
30 433 421
31 432 382
32 436 337
33 452 259
34 458 235
35 466 231
36 506 218
37 607 239
38 571 134
39 568 103
40 571 69
41 611 88
42 635 206
43 635 268.188
44 618 350
45 479 425
46 465 479
47 335 480
48 243 479
49 171.221 419.956
