Duration[s]: 3602.36 Porcentaje: 0.602512 TerminoTodo: 0
Convexos: 5 VerticesConvexos: 47
0 1 11 12 32 33 34 35 36 37 38
3 4 5 6 7 8 9
1 2 3 9 10 11
14 15 16 17 18 19 20 21 22 23 24
12 13 14 24 25 26 27 28 29 30 31 32
0 40 428
1 72 383
2 46 326
3 54 223
4 51.2698 81.0291
5 113 39
6 132 72
7 132 136
8 126 158
9 100 183
10 197 254
11 212 340
12 268 325
13 258 316
14 244 232
15 188 221
16 154 206
17 138 174
18 138 144
19 170 62
20 199 39
21 255 23
22 296 22
23 328 80
24 336 113
25 374 74
26 419 47
27 443 44
28 453 43
29 586.116 33.1396
30 636 149
31 614 178
32 538 259
33 585 295
34 607 321
35 610 333
36 615.826 453.895
37 421.607 472.472
38 160 475
