Duration[s]: 3601.27 Porcentaje: 0.80203 TerminoTodo: 0
Convexos: 10 VerticesConvexos: 81
0 1 2 3 4 5 58 59 60
16 17 18 19 20 21 22
10 11 12 13 14 15 16 22 23
23 24 25 26 27
31 32 33 34 35 36 37 38 39
29 30 31 39 42 43 44 45 46
47 48 49 50 51
47 51 52 53 54 55 56
5 6 7 8 9 10 23 27 28 57 58
28 29 39 40 41 42 46 47 56 57
0 58 182.603
1 139.636 107.447
2 189 88
3 209 86
4 223 117
5 208 177
6 254 126
7 303 76
8 318 69
9 329 67
10 388 97
11 388 66
12 406 53
13 524.462 53
14 560.395 67.1557
15 571 102
16 544 124
17 567 176
18 567 189
19 522 206
20 497 207
21 465 181
22 462 159
23 396 172
24 408 212
25 398 238
26 361 239
27 347 218
28 303 258
29 357 278
30 448 215
31 460 222
32 553 221
33 574 238
34 595 285
35 612 400
36 586 422
37 528 444
38 485 444
39 428 338
40 433 369
41 434 387
42 394 404
43 347 437
44 323 451
45 256 431
46 273 392
47 213 339
48 203 417
49 134 424
50 124 408
51 157 348
52 107 325
53 86 301
54 100 253
55 113 251
56 166 279
57 184 262
58 173 236
59 77 221
60 58 208.706
