Duration[s]: 3600.04 Porcentaje: 0.806638 TerminoTodo: 0
Convexos: 3 VerticesConvexos: 38
0 1 2 3 4 22 23 24 25 26 27 28 29 30 31 32 33
10 11 12 13 14 15 16 17 18 19 20 21
4 5 6 7 8 9 10 21 22
0 48 305
1 66.0465 214.767
2 140 145
3 264 109
4 280 120
5 356 100
6 393 91
7 413 92
8 427 96
9 439 116
10 443 173
11 460 175
12 502 182
13 515 192
14 536 250
15 549 354
16 525 376
17 503 388
18 468 385
19 447 365
20 429 263
21 424 230
22 364 256
23 402 330
24 402 352
25 388 377
26 384 380
27 304 409
28 222 425
29 205 428
30 173.5 431
31 145.5 431
32 89.9335 399.248
33 52.5057 320.77
