Duration[s]: 3600.28 Porcentaje: 0.700237 TerminoTodo: 0
Convexos: 4 VerticesConvexos: 39
0 1 2 3 4 29 30 31 32
19 20 21 22 23 24 25 26
13 14 15 16 17 18 19 26 27 28
4 5 6 7 8 9 10 11 12 13 28 29
0 21 252
1 29 221
2 68 88
3 94 74
4 164 67
5 184 39
6 205 15
7 368 28
8 423.49 35.3289
9 473.896 57.7313
10 503 79
11 522.705 109.214
12 577 226
13 588 295.143
14 588 368.875
15 554 388
16 404 390
17 390 390
18 367 378
19 305 326
20 331 397
21 337 414
22 264 432
23 196 425
24 145 384
25 146 322
26 194 224
27 206 183
28 322 215
29 175 90
30 170 174
31 105 276
32 42 282
