Duration[s]: 3600.62 Porcentaje: 0.707982 TerminoTodo: 0
Convexos: 4 VerticesConvexos: 36
0 1 2 27 28 29
7 8 9 10 11 12 13 14 15 16 17 18
19 20 21 22 23 24 25 26 27
2 3 4 5 6 7 18 19 27
0 48 254
1 72.1222 76.6308
2 191 110
3 208 70
4 250 49
5 379.727 49
6 392 94
7 385 149
8 431 150
9 441 153
10 470 177
11 491.989 196.057
12 559 376.696
13 559 399.978
14 417 454
15 371 452
16 363 441
17 339 397
18 335 260
19 282 262
20 328 359
21 323 400
22 257 472
23 203 479
24 201 476
25 189 441
26 188 423
27 195 202
28 137 341
29 58 342
