Duration[s]: 3600.55 Porcentaje: 0.90032 TerminoTodo: 0
Convexos: 3 VerticesConvexos: 34
0 1 2 3 26 27 28 29
10 11 12 13 14 15 16 17 18 19 20 21 22
3 4 5 6 7 8 9 10 22 23 24 25 26
0 40 388
1 68 386
2 99 392
3 135 404
4 78 347
5 63 318
6 56 291
7 52 252
8 52 230
9 75.7131 187.316
10 295.76 75.8453
11 383 46
12 460 32
13 530.88 35.544
14 573.97 91.5606
15 576 121
16 552.5 306.954
17 521.7 348.954
18 501 354
19 492 356
20 460 359
21 447 351
22 390 312
23 362 360
24 355 366
25 275 405
26 181 432
27 77.9091 446
28 62.5 446
29 22 416
