Duration[s]: 3601.62 Porcentaje: 0.700202 TerminoTodo: 0
Convexos: 10 VerticesConvexos: 68
0 9 10 44 45 48 49
3 4 5 6 7 8
0 1 2 3 8 9
45 46 47 48
20 21 22 23 24
13 14 15 16 17 18
11 12 13 18 19 20 24
25 26 27 28 29 30 31 32 33 34 35 36
10 11 24 25 36 37
10 37 38 39 40 41 42 43 44
0 40 98
1 101.1 29.1
2 155 28
3 224 67
4 242 84
5 229 120
6 204 127
7 168 112
8 169 106
9 93 120
10 201 201
11 249 183
12 279 155
13 313 136
14 276 102
15 284 81
16 303 37
17 365 30
18 430 81
19 555.308 39.2308
20 493 114
21 581 147
22 559 217
23 489 204
24 426 161
25 481 262
26 522 237
27 562 226
28 575 253
29 584 331
30 591 408
31 549 445
32 528 459
33 476 444
34 438 405
35 438 381
36 444 349
37 379 333
38 390 387
39 376 452
40 331 460
41 250.81 458.177
42 206 435
43 171 363
44 172 316
45 144 390
46 177 411
47 132 422
48 94.384 412.881
49 34 187
