Duration[s]: 3602.32 Porcentaje: 0.706846 TerminoTodo: 0
Convexos: 7 VerticesConvexos: 52
0 38 39
17 18 19 20 21 22 23 24 25 26
14 15 16 17 26 27
4 5 6 7 8 9 10 11 12 13 14 27 28
0 1 2 3 4 28
31 32 33 34 35 36 37
0 28 29 30 31 37 38
0 111 255
1 85 193
2 75.6472 72.9718
3 151 79
4 199 102
5 202 91
6 214 80
7 229 70
8 264 53
9 279 48
10 345.706 30
11 535.478 30
12 584 92
13 573 117
14 549 139
15 589 248
16 591 259
17 591 302.652
18 511.077 376.783
19 445 382
20 409 364
21 408 358
22 411 342
23 421 335
24 433 329
25 457 318
26 475 312
27 451 157
28 303 156
29 412 168
30 433 197
31 467 268
32 427 318
33 376 374
34 326 394
35 149.255 384.969
36 115 327
37 181 313
38 92 289
39 57 264
