Duration[s]: 3600.87 Porcentaje: 0.902181 TerminoTodo: 0
Convexos: 9 VerticesConvexos: 67
0 11 12 20 21 48 49 50
4 5 6 7 8 9 10 11
0 1 2 3 4 11
12 13 14 15 16 17 18 19 20
29 30 31 32 33 34 35 36 37
23 24 25 26 27 28 29 37 38
39 40 41 42 43 44
22 23 38 39 44 45
21 22 45 46 47 48
0 48 228
1 52 171
2 58 123
3 94 74
4 172 102
5 246 35
6 266 34
7 278 46
8 270 72
9 193 130
10 142 168
11 86 204
12 139 254
13 163 197
14 174 174
15 194 164
16 205 171
17 207 221
18 207 245
19 205 264
20 169 283
21 184 336
22 219 327
23 271 238
24 255 209
25 238 170
26 243 141
27 256 125
28 287 114
29 329 161
30 402 80
31 454 65
32 527 99
33 564.299 154.948
34 573 235
35 569 353
36 491 369
37 391 256
38 371 304
39 382 333
40 513 419
41 522 431
42 487 457
43 446 458
44 406 427
45 294 403
46 229 431
47 169 453
48 115 413
49 59.2405 334.699
50 36 249
