Duration[s]: 3600.98 Porcentaje: 0.802115 TerminoTodo: 0
Convexos: 8 VerticesConvexos: 66
0 1 2 3 47 48 49 50 51
6 7 8 9 10 11 12 13
21 22 23 24 25 26 27 28 29 30 31 32
15 16 17 18 19 20 21 32 33
14 15 33 34 35 36 37
40 41 42 43 44 45
13 14 37 38 39 40 45 46
3 4 5 6 13 46 47
0 37 276
1 38 235
2 53 199
3 79 162
4 62 49
5 170 49
6 216 105
7 235 74
8 240 66
9 271 66
10 286 93
11 268 123
12 250 140
13 210 164
14 315 191
15 341 150
16 330 118
17 337 100
18 396 60
19 435 52
20 445 61
21 477 144
22 508 84
23 530 81
24 545.2 92.4
25 597 159
26 616 271
27 616 293
28 599 344
29 573 379
30 519 378
31 461 333
32 436 229
33 389 287
34 409 376
35 409 401
36 364 409
37 326 338
38 322 379
39 230 409
40 200 383
41 192 440
42 132 409
43 120 388
44 115 304
45 129 295
46 134 249
47 94 216
48 100 356
49 90 362
50 69 364
51 37 352.364
