Duration[s]: 3604.32 Porcentaje: 0.902742 TerminoTodo: 0
Convexos: 11 VerticesConvexos: 93
0 1 68 69 70 71 72
16 17 18 19 20 21 22 23 24 25 26 27
29 30 31 32 33 34 35 36
29 36 37 38 39 40 41
29 41 42 43 44
28 29 44 45 46 47
58 59 60 61 62 63 64 65
48 49 50 51 52 53 54 55 56 57 58 65 66
9 10 11 12 13 14 15 16 27 28 47 48 66
6 7 8 9 66 67
1 2 3 4 5 6 67 68
0 29 132
1 53 115
2 52 89
3 57 34
4 63 34
5 110 49
6 125 69
7 163 52
8 191 44
9 213 67
10 298 43
11 315 39
12 333 36
13 362 36
14 395 51
15 406 75
16 420 121
17 444 62
18 457 58
19 481 58
20 530.912 71.8055
21 569 124
22 571 150
23 567 170
24 541 188
25 501 193
26 439 187
27 428 168
28 405 213
29 443 230
30 476 194
31 503 199
32 570 216
33 589 229
34 593 242
35 559 259
36 503 262
37 586 315
38 606 362.368
39 606 394.7
40 583 397
41 528 367
42 521 408
43 450 404
44 443 344
45 406 386
46 363 381
47 335 327
48 307 345
49 318 368
50 327 399
51 327 414
52 305 419
53 275 425
54 210 435
55 180.808 435
56 121.094 390.642
57 110 374
58 106 357
59 70 315
60 69 300
61 70 224
62 78 182
63 93 149
64 139 147
65 159 201
66 205 166
67 106 115
68 69 123
69 69 148
70 62 179
71 50 181
72 28 156
