Duration[s]: 3600.09 Porcentaje: 0.802005 TerminoTodo: 0
Convexos: 10 VerticesConvexos: 67
0 44 45 46 47 48
32 33 34 35 36 37 38
38 39 40 41
14 15 16 17 18
12 13 14 18 19 20
11 12 20 21 22 23 24 25 26 27 28
10 11 28 29 30 31 32
9 10 32 38 41
2 3 4 5 6 7 8 9 41 42
0 1 2 42 43 44
0 55 126
1 128.111 89.4444
2 181 133
3 212 75
4 294 84
5 355 104
6 387 146
7 383 168
8 354 242
9 330 258
10 327 275
11 385 307
12 418 255
13 391 216
14 387 88
15 365 92
16 355 52
17 386 44
18 516 53
19 536 126
20 544 180
21 573 238
22 580 365
23 579 376
24 560 461
25 520 468
26 500 462
27 480 448
28 423 407
29 396 442
30 367 451
31 342 450
32 284 378
33 229 429
34 204 431
35 123.904 402.896
36 115 380
37 116 364
38 230 316
39 122 308
40 100 216
41 233 251
42 197 195
43 154 186
44 60 152
45 65 191
46 63 211
47 53 200
48 30 136
