Duration[s]: 3601.82 Porcentaje: 0.900796 TerminoTodo: 0
Convexos: 28 VerticesConvexos: 163
0 1 2 3 4 106 107 108
16 17 18 19
10 11 12 13 14 15 16 19
9 10 19 20 21
22 23 24 25 26 27 28 29
35 36 37 38 39 40
41 42 43 44 45
32 33 34 35 40 41 45
31 32 45 46
30 31 46 47 48
21 22 29 30 48 49
53 54 55 56 57
52 53 57 58 59
59 60 61 62 63
64 65 66 67 68 69 70
51 52 59 63 64 70
73 74 75 76
72 73 76 77 78 79
71 72 79
49 50 51 70 71 79
8 9 21 49 79 80
84 85 86 87 88 89
90 91 92 93 94 95 96
90 96 97 98 99 100 101
83 84 89 90 101 102
81 82 83 102 103
7 8 80 81 103
4 5 6 7 103 104 105 106
0 50 17
1 102 10
2 130 21
3 144 44
4 91 110
5 168 187
6 185 221
7 188 244
8 220 236
9 224 191
10 175 150
11 145 108
12 149 70
13 163 24
14 194 5
15 193 26
16 191 59
17 244 91
18 245 132
19 183 115
20 272 183
21 294 223
22 317 169
23 257 91
24 252 15
25 294 15
26 318 32
27 348 116
28 344 147
29 334 174
30 377 191
31 388 124
32 361 48
33 379 18
34 417 15
35 600 23.774
36 600 119
37 595 153
38 583 188
39 529 158
40 548 55
41 482 70
42 495 147
43 473 162
44 424 133
45 403 83
46 405 150
47 402 184
48 370 234
49 319 237
50 338 247
51 447 325
52 525 342
53 539 287
54 454 282
55 429 229
56 522 203
57 583 241
58 584 304
59 536 368
60 584 389
61 555 412
62 461 428
63 479 376
64 454 362
65 405 422
66 370 438
67 349 410
68 372 352
69 389 350
70 443 345
71 405 319
72 338 331
73 300 420
74 352 444
75 294 463
76 256 439
77 253 392
78 282 305
79 350 280
80 296 266
81 231 288
82 250 347
83 203 386
84 213 419
85 240 449
86 249 473
87 207 479
88 157 469
89 180 409
90 150 381
91 143 424
92 133 465
93 91 471
94 63 438
95 78 406
96 99 391
97 73 358
98 67 319
99 77 292
100 111 283
101 159 356
102 188 342
103 177 275
104 77 234
105 63 203
106 63 138
107 38 89
108 29 41
