Duration[s]: 3600.54 Porcentaje: 0.800316 TerminoTodo: 0
Convexos: 8 VerticesConvexos: 74
0 1 2 55 56 57 58 59
18 19 20 21 22 23 24 25 26 27 28 29 30 31 32
17 18 32 33 34 35
37 38 39 40 41 42 43 44 45 46
36 37 46 47 48 49 50 51 52 53
11 12 13 14 15 16
5 6 7 8 9 10 11 16 17 35 36 53 54
2 3 4 5 54 55
0 0 398
1 28 333
2 90 300
3 68 231
4 72 220
5 122 212
6 104 171
7 84 114
8 122.634 42
9 218.667 42
10 302 52
11 342 67
12 456.859 63.7183
13 465 80
14 465 92
15 457 101
16 394 134
17 402 155
18 443 165
19 467 128
20 478 121
21 495 117
22 535 120
23 593.407 130.759
24 559 320
25 556 333
26 554 336
27 551 340
28 538 340
29 514 334
30 498 326
31 470 283
32 447 235
33 404 306
34 368 297
35 356 285
36 280 308
37 390 375
38 412 326
39 432 313
40 545 368
41 609 407.619
42 609 467
43 537 477
44 480 471
45 464 462
46 408 419
47 414 446
48 396 450
49 319 459
50 188 448
51 158 423
52 196 317
53 206 293
54 148 260
55 138 284
56 191 305
57 166 376
58 45 446
59 11 432
