Duration[s]: 3601.06 Porcentaje: 0.903214 TerminoTodo: 0
Convexos: 13 VerticesConvexos: 95
0 1 2 67 68 69 70
6 7 8 9 10 11 12 13
16 17 18 19 20 21 22 23 24 25 26 27 28 29 30 31 32 33
14 15 16 33 34 35 36 37
5 6 13 14 37
4 5 37 38
45 46 47 48 49 50 51 52 53 54 55
42 43 44 45 55
41 42 55 56
56 57 58 59 60 61 62
41 56 62 63 64 65 66
39 40 41 66
2 3 4 38 39 66 67
0 29 45
1 77 41
2 81 71
3 139 47
4 245 8
5 380 11
6 448 49
7 536.952 17.6052
8 627.953 89.1059
9 632 166
10 616 166
11 585 159
12 503 136
13 488 123
14 403 138
15 395 162
16 372 174
17 415 161
18 432 159
19 504 159
20 594 180
21 608 203
22 611 235
23 611 274
24 598.168 357.407
25 466.908 429.945
26 408 427
27 387 423
28 349 411
29 316 396
30 290 378
31 270 352
32 248 292
33 243 238
34 243 187
35 263 131
36 304 76
37 336 43
38 263 45
39 203 91
40 189 147
41 109 203
42 131 228
43 168 230
44 191 291
45 166 324
46 269 417
47 287 455
48 232 472
49 197 470
50 152 457
51 128 429
52 114 397
53 110 357
54 112 322
55 116 298
56 60 308
57 77 394
58 82 420
59 70 449
60 47 440
61 43 392
62 43 342
63 25 312
64 37 197
65 87 133
66 107 119
67 63 97
68 46 113
69 15 133
70 4 84
