Duration[s]: 3600.65 Porcentaje: 0.800451 TerminoTodo: 0
Convexos: 6 VerticesConvexos: 43
0 1 2 3 30 31 32
9 10 11 12 13 14
8 9 14 15 16
17 18 19 20 21 22 23 24 25 26
7 8 16 17 26 27 28
3 4 5 6 7 28 29 30
0 81 74.1296
1 190 60
2 242 60
3 313 131
4 464 65
5 475 62
6 491 71
7 488 103
8 535 64
9 412 59
10 388 90
11 363 88
12 329 56
13 373 22
14 390 18
15 476 4
16 605.58 48.1122
17 614 134
18 595.947 466.849
19 472 474
20 413.317 455.557
21 391 432
22 370 400
23 356 376
24 356 358
25 367 336
26 464 244
27 376 293
28 330 301
29 240 285
30 222 227
31 86 154
32 81 149.747
