Duration[s]: 3601.04 Porcentaje: 0.704396 TerminoTodo: 0
Convexos: 6 VerticesConvexos: 45
0 1 2 29 30 34
5 6 7 8 9 10 11
22 23 24 25 26 27 28
18 19 20 21 22 28 29
2 3 4 5 11 12 13 14 15 16 17 18 29
30 31 32 33 34
0 111 98
1 130 91
2 181 133
3 212 75
4 294 84
5 355 104
6 355 52
7 386 44
8 516 53
9 573 238
10 571 267
11 540 296
12 580 365
13 579 376
14 560 461
15 520 468
16 500 462
17 480 448
18 423 407
19 396 442
20 367 451
21 342 450
22 284 378
23 229 429
24 204 431
25 123.904 402.896
26 115 380
27 100 216
28 233 251
29 221 215
30 60 152
31 65 191
32 63 211
33 53 200
34 30 136
