Duration[s]: 3600.69 Porcentaje: 0.701955 TerminoTodo: 0
Convexos: 5 VerticesConvexos: 45
0 1 2 3 34 35 36
13 14 15 16 17 18 19
13 19 20 21 22
5 6 7 8 9 10 11 12 13 22 23
3 4 5 23 24 25 26 27 28 29 30 31 32 33 34
0 29 132
1 56 45
2 63 34
3 110 49
4 191 44
5 213 67
6 298 43
7 315 39
8 333 36
9 362 36
10 527.05 66.5135
11 569 124
12 593 242
13 525 279
14 586 315
15 606 362.368
16 606 393.833
17 521 408
18 450 404
19 464 354
20 406 386
21 363 381
22 377 348
23 335 327
24 327 414
25 305 419
26 275 425
27 223 433
28 197 435
29 166 424
30 121.182 390.707
31 70 315
32 69 300
33 70 224
34 78 182
35 50 181
36 28 156
