Duration[s]: 3600.48 Porcentaje: 0.508859 TerminoTodo: 0
Convexos: 4 VerticesConvexos: 40
0 1 2 9 10 27 28 29 30 31 32 33
2 3 4 5 6 7 8 9
17 18 19 20 21 22 23 24 25 26
10 11 12 13 14 15 16 17 26 27
0 34 103.143
1 54 86
2 84 66
3 89.2368 29.3421
4 155 28
5 224 67
6 242 84
7 229 120
8 204 127
9 168 112
10 249 183
11 276 102
12 284 81
13 303 37
14 365 30
15 506.013 57.7908
16 581 147
17 553 199
18 575 253
19 584 331
20 591 408
21 549 445
22 528 459
23 476 444
24 438 405
25 438 381
26 444 349
27 379 333
28 390 387
29 376 452
30 331 460
31 267.309 458.552
32 96.4451 413.324
33 34 192.536
