Duration[s]: 3601.79 Porcentaje: 0.805944 TerminoTodo: 0
Convexos: 10 VerticesConvexos: 72
0 1 2 45 46 51 52 53
12 13 14 15 16 17 18 19
9 10 11 12 19
20 21 22 23 24 25 26
26 27 28 29 30 31 32 33
8 9 19 20 26 33 34
36 37 38 39 40
8 34 35 36 40 41 42 43 44
2 3 4 5 6 7 8 44 45
46 47 48 49 50 51
0 24 16
1 49 7
2 110 42
3 208 15
4 244 24
5 268 32
6 264 60
7 247 160
8 234 204
9 301 175
10 280 179
11 289 102
12 349 82
13 364 40
14 515 0
15 545.714 0
16 558 86
17 538 150
18 506 168
19 431 131
20 449 216
21 451 213
22 577 207
23 626 230
24 612 305
25 575 312
26 425 330
27 498 364
28 589.779 426.934
29 411 399
30 390 383
31 373 370
32 372 344
33 382 316
34 309 276
35 310 363
36 268 406
37 247 451
38 216 447
39 165 415
40 228 402
41 187 316
42 180 300
43 163 244
44 129 126
45 120 88
46 80 98
47 104 192
48 100 219
49 60 236
50 48 138
51 47 105
52 33 73
53 24 45
