Duration[s]: 3600.17 Porcentaje: 0.902271 TerminoTodo: 0
Convexos: 11 VerticesConvexos: 80
0 1 2 57 58 59
19 20 21 22 23
17 18 19 23 24 25 26
30 31 32 33
15 16 17 26 27 28 29 30 33
37 38 39 40 41 42 43 44 45
14 15 33 34 35 36 37 45 46
11 12 13 14 46 47
10 11 47 48 49 50 51 52 53 54 55
3 4 5 6 7 8 9 10 55 56
2 3 56 57
0 54 349
1 66 308
2 133 314
3 131 239
4 89 184
5 138 147
6 194 130
7 246 169
8 287 216
9 291 245
10 277 270
11 321 279
12 333 252
13 360 228
14 426 187
15 424 166
16 297 144
17 195 83
18 135 108
19 94 102
20 65 142
21 42 93
22 60 41
23 117 53
24 188 29
25 221 28
26 253 50
27 332 40
28 407 44
29 440 74
30 464 134
31 523.837 46.332
32 550 100
33 467 152
34 569 157
35 589 180
36 609 236
37 599 313
38 615 319
39 627 331
40 582.096 418.086
41 512 406
42 484 386
43 474 350
44 504 319
45 532 291
46 465 256
47 403 297
48 431 390
49 429 407
50 363 426
51 321 426
52 286 407
53 260 391
54 243 373
55 223 319
56 191 308
57 204 389
58 110 412
59 63 391
