Duration[s]: 3365.83 Porcentaje: 0.903518 TerminoTodo: 1
Convexos: 8 VerticesConvexos: 65
0 1 2 31 32 33 34 49 50
9 10 11 12 13 14 15 16 17 18 19
20 21 22 23 24 25 26 27
8 9 19 20 27 28 29 30
2 3 4 5 6 7 8 30 31
37 38 39 40 41 42
35 36 37 42
34 35 42 43 44 45 46 47 48 49
0 47 176.286
1 81.6118 136.729
2 171.458 83.6386
3 223 72
4 279 73
5 311 79
6 347 92
7 362 107
8 368 144
9 402 171
10 395 73
11 422 59
12 445 50
13 479 46
14 504 46
15 552.168 84.027
16 595 237
17 586 331
18 540 369
19 517 363
20 365 405
21 353 416
22 334 429
23 301 435
24 260 430
25 239 399
26 232 380
27 260 358
28 245 315
29 238 282
30 238 187
31 192 149
32 195 222
33 184 281
34 163 332
35 182 398
36 213 405
37 239 442
38 346 460
39 351 479
40 270 479
41 196 457
42 165 430
43 151 455
44 142 471
45 87 438
46 65 404
47 55 358
48 55 327
49 81 312
50 47 220
