Duration[s]: 3601.31 Porcentaje: 0.600368 TerminoTodo: 0
Convexos: 5 VerticesConvexos: 41
0 1 12 13 27 32
1 2 3 4 5 6 7 8 9 10 11 12
15 16 17 18 19 20 21 22
13 14 15 22 23 24 25 26 27
27 28 29 30 31 32
0 90 328
1 147 288
2 68 236
3 67 84
4 103.4 35
5 460.643 35
6 471 64
7 472 70
8 467 92
9 443 189
10 434 199
11 280 260
12 212 278
13 242 306
14 311 279
15 484 224
16 507 193
17 584 323
18 581 357
19 511.07 426.93
20 476 410
21 452 371
22 464 307
23 404 394
24 335 427
25 226 442
26 213 435
27 180 352
28 163 408
29 156 419
30 154 421
31 106.531 419.751
32 80 354
