Duration[s]: 2782.72 Porcentaje: 0.704818 TerminoTodo: 1
Convexos: 5 VerticesConvexos: 46
0 1 34 35
9 10 11 12 16 17 18 19 20 21 22 23 24 25 26
6 7 8 9 26 27 28
1 2 3 29 30 31 32 33 34
3 4 5 6 12 13 14 15 16 28 29
0 79 406
1 214 410
2 249 398
3 377 356
4 257 376
5 214 378
6 185 360
7 66 313
8 64 284
9 87 270
10 53 237
11 62 194
12 82 182
13 67 131
14 70.4845 104.617
15 214 72
16 248 98
17 268 91
18 368 67
19 381 64
20 426 61
21 446 61
22 495 79
23 531.219 102.284
24 534 144
25 523 173
26 482 190
27 523 276
28 450 325
29 455 338
30 498 388
31 483 404
32 408 429
33 310 441
34 260 441
35 74 434
