Duration[s]: 3600.71 Porcentaje: 0.813233 TerminoTodo: 0
Convexos: 4 VerticesConvexos: 38
0 1 2 3 4 5 27 28 29 30 31
5 6 7 8 9 10 11 12 13 14 15
5 15 16 17 18 19 20 21 22 23
5 23 24 25 26 27
0 28 61.8
1 203.846 11
2 237.832 11
3 272 128
4 275 139
5 295 227
6 299 182
7 321 86
8 324 74
9 337 65
10 351 58
11 360 56
12 375 54
13 380 54
14 442.245 60.5521
15 440 138
16 489 122
17 506 121
18 539 133
19 589 266.673
20 589 306.981
21 510 348
22 481 357
23 458 355
24 428 404
25 418 412
26 304 420
27 246 396
28 164 429
29 136 427
30 65.3775 386.196
31 28 111.29
