Duration[s]: 3600.59 Porcentaje: 0.614474 TerminoTodo: 0
Convexos: 5 VerticesConvexos: 37
0 13 14 15 24 28
5 6 7 8 9 10 11 12 13
0 1 2 3 4 5 13
15 16 17 18 19 20 21 22 23 24
24 25 26 27 28
0 72 226
1 41 114
2 42 72
3 147.857 34
4 558.375 34
5 512 87
6 582 186
7 571.533 272.723
8 523 304
9 513 298
10 413 211
11 404 200
12 396 162
13 395 135
14 391 263
15 319 311
16 453 294
17 469 298
18 492 311
19 506 327
20 508.534 372.606
21 420.865 413.233
22 338 417
23 249 393
24 118 341
25 216 441
26 175 451
27 66.0298 402.569
28 44 330
