Duration[s]: 3603.07 Porcentaje: 0.900035 TerminoTodo: 0
Convexos: 12 VerticesConvexos: 91
0 22 23 24 25 67 68
10 11 12 13 14 15 16
6 7 8 9 10 16 17 18 19
3 4 5 6 19
0 1 2 3 19 20 21 22
28 29 30 31 32
33 34 35 36 37 38
27 28 32 33 38 39 40 41 42 43 44 45
26 27 45 46 47 48 49 50
50 51 52 53 54 55 56 57
57 58 59 60 61 62 63 64 65
25 26 50 57 65 66 67
0 48 116
1 87 78
2 124 70
3 130 72
4 173 37
5 214 44
6 274 62
7 300 47
8 322 37
9 345 33
10 483.638 75.9116
11 466 130
12 457 154
13 450 155
14 432 144
15 417 117
16 416 95
17 328 115
18 299 118
19 229 112
20 235 153
21 232 161
22 92 131
23 165 186
24 165 210
25 138 227
26 264 277
27 297 252
28 300 224
29 247 189
30 292 144
31 325 142
32 319 182
33 383 171
34 367 143
35 377 126
36 400 115
37 409 111
38 448 169
39 498 169
40 511 174
41 535 189
42 567 223
43 545 246
44 523 263
45 462 286
46 518 298
47 531 309
48 544 337
49 472 381
50 373 368
51 452 391
52 489 402
53 494 405
54 504.39 438.767
55 446 435
56 430 428
57 354 380
58 350 390
59 328 412
60 225 439
61 185 440
62 165 432
63 110.527 389.2
64 101 363
65 110 316
66 74 281
67 54.9916 257.605
68 38 133
