Duration[s]: 3601.54 Porcentaje: 0.60021 TerminoTodo: 0
Convexos: 8 VerticesConvexos: 64
0 1 2 10 20 21 44 45 46 47 48 49
3 4 5 6 7 8 9
2 3 9 10
12 13 14 15 16 17 18 19
10 11 12 19 20
28 29 30 31 32 33 34 35 36
27 28 36 37 38 39 40
21 22 23 24 25 26 27 40 41 42 43 44
0 64.3889 84.5417
1 108 78
2 165 86
3 196.795 26.2256
4 313 22
5 338 23
6 348 51
7 331 84
8 277 92
9 207 77
10 208 133
11 320 122
12 380 132
13 394 53
14 566 7
15 590 33
16 587 56
17 576 86
18 493 146
19 370 207
20 256 200
21 356 361
22 336 299
23 329 274
24 339 241
25 389 230
26 411 253
27 477 359
28 447 265
29 446 216
30 478 189
31 552 128
32 575 116
33 588 133
34 583 161
35 569 182
36 487 253
37 626 244
38 633 264.447
39 633 419.731
40 517 432
41 475 446
42 432 446
43 410 435
44 384 411
45 347 434
46 317 444
47 102.123 431.56
48 65.3733 371.185
49 59 129
