Duration[s]: 3600.72 Porcentaje: 0.901325 TerminoTodo: 0
Convexos: 9 VerticesConvexos: 70
0 1 2 3 48 49 50 51 52 53
11 12 13 14 15 16 17
10 11 17 18 19 20
8 9 10 20 21 22 23 24
26 27 28 29 30 31 32 33 34 35 36
8 24 25 26 36 37 38 39 40
41 42 43 44 45 46
4 5 6 7 8 40 41 46
3 4 46 47 48
0 81 104.13
1 113.829 69.874
2 190 60
3 242 60
4 313 131
5 464 65
6 475 62
7 491 71
8 493 178
9 517 80
10 535 64
11 455 52
12 388 90
13 363 88
14 329 56
15 373 22
16 390 18
17 442 23
18 476 4
19 570 36
20 581 63
21 609 83
22 614 134
23 613 146
24 575 213
25 602 283
26 596.965 466.791
27 472 474
28 413.317 455.557
29 391 432
30 370 400
31 356 376
32 356 358
33 367 336
34 380 330
35 390 328
36 437 349
37 428 310
38 427 298
39 431 285
40 475 209
41 373 263
42 376 269
43 376 293
44 330 301
45 240 285
46 222 227
47 178 185
48 207 121
49 174 148
50 139 165
51 116 166
52 86 154
53 81 135.25
