Duration[s]: 3601.32 Porcentaje: 0.900912 TerminoTodo: 0
Convexos: 14 VerticesConvexos: 108
0 1 11 12 20 21 36 37 80 81
1 2 3 4 5 6 7 8 9 10 11
12 13 14 15 16 17 18 19 20
22 23 24 25 26 27 28 29 30 31 32
21 22 32 33 34 35 36
48 49 50 51
48 51 52 53 54 55 56
45 46 47 48 56 57
42 43 44 45 57 58
41 42 58 59 60 61 62
38 39 40 41 62 63
64 65 66 67 68 69 70
71 72 73 74 75 76 77 78 79
37 38 63 64 70 71 79 80
0 73 197
1 91 134
2 71 117
3 67 84
4 93 49
5 121 38
6 146 37
7 196 41
8 244 45
9 256 56
10 257 85
11 250 126
12 295 127
13 303 59
14 331 36
15 336 35
16 365 45
17 370 49
18 373 63
19 354 123
20 309 164
21 320 204
22 379 182
23 379 130
24 409 50
25 428 37
26 446 37
27 446.514 37.0093
28 466 50
29 471 64
30 472 70
31 467 92
32 436 161
33 443 189
34 434 199
35 280 260
36 241 262
37 212 278
38 242 306
39 311 279
40 337 274
41 345 274
42 367 292
43 383 280
44 427 253
45 484 224
46 507 193
47 531 248
48 528 352
49 584 323
50 581 357
51 541 382
52 534 404
53 505 424
54 476 410
55 452 371
56 502 340
57 464 307
58 414 338
59 404 394
60 335 427
61 333 383
62 340 312
63 288 370
64 275 386
65 281 409
66 283 426
67 226 442
68 213 435
69 217 388
70 223 372
71 180 352
72 163 408
73 156 419
74 154 421
75 116 420
76 105.809 417.962
77 80 354
78 90 328
79 126 307
80 147 288
81 68 236
