Duration[s]: 3611.57 Porcentaje: 0.900629 TerminoTodo: 0
Convexos: 9 VerticesConvexos: 88
0 1 68 69
59 60 61 62 63 64 65 66 67 68
46 47 48 49 50 51 52
40 41 42 43 44 45 46 52 53 54
35 36 37 38 39 40 54
24 25 26 27 28 29 30 31 32 33 34 35 54 55
12 13 14 15 16 17 18 19 20 57 58
1 5 6 7 8 9 10 11 12 58 59 68
1 2 3 4 5 20 21 22 23 24 55 56 57
0 61 301
1 102 186
2 97 180
3 80 151
4 85 133
5 99 119
6 102 84
7 104 62
8 107 42
9 112.273 15.6364
10 131 25
11 132 26
12 151 51
13 169 33
14 176 27
15 187 20
16 193 18
17 224 19
18 276 34
19 284 38
20 298 50
21 421 16
22 433 14
23 436 23
24 442 52
25 452 45
26 472 35
27 490 28
28 511 21
29 522 20
30 544.167 20
31 574.262 41.2439
32 579 136
33 579 154
34 577 166
35 558 240
36 589 274
37 593 292
38 588 340
39 583 346
40 559 372
41 596 428
42 597 442
43 595.184 476.509
44 534 470
45 526 465
46 480 432
47 414 423
48 374 417
49 361 402
50 362 338
51 380 318
52 433 344
53 441 310
54 476 316
55 426 289
56 389 299
57 349 285
58 298 310
59 335 407
60 372 430
61 377 453
62 378 463
63 377 479
64 225 479
65 141.571 437.286
66 134 407
67 130 386
68 131 312
69 87 344
