Duration[s]: 16.4773 Porcentaje: 0.707786 TerminoTodo: 1
Convexos: 3 VerticesConvexos: 38
0 1 2 3 4 5 6 7 28 29 30 31 32 33
8 9 10 11 12 13 14 15 16 17 18 19
7 8 19 20 21 22 23 24 25 26 27 28
0 26 286
1 37 274
2 57 256
3 86 246
4 105 244
5 133 244
6 166 249
7 270 278
8 326 203
9 247 215
10 210 214
11 162 204
12 133 187
13 111 155
14 110 117
15 110 114
16 123.146 90.9949
17 201 59
18 234 60
19 499 72
20 526 57
21 537 68
22 594.72 139.12
23 610 326
24 608.2 336.8
25 534.6 410.4
26 483 419
27 444 414
28 296 351
29 142 384
30 92 381
31 75 373
32 44 358
33 26 329.412
