Duration[s]: 3602.74 Porcentaje: 0.9005 TerminoTodo: 0
Convexos: 13 VerticesConvexos: 95
0 67 68 69 70
2 3 4 5 6 7 8 9 10 11 12 13
15 16 17 18 19 20 21 22 23
25 26 27 28 29 30 31 32
24 25 32 33 34 35
35 36 37 38 39 40 41
43 44 45 46 47 48 49 50 51 52
42 43 52 53 54
14 15 23 24 35 41 42 54
0 1 2 13 14 54 55
56 57 58 59 60 61 62
62 63 64 65 66
0 55 56 62 66 67
0 125 278
1 48 200
2 93 175
3 75 143
4 60.2041 87.5153
5 149 77
6 163 76
7 182 78
8 210 93
9 219 107
10 219 131
11 211 150
12 197 157
13 144 179
14 192 204
15 263 143
16 240 123
17 231 111
18 228 97
19 258 72
20 307 57
21 361 56
22 357 78
23 333 98
24 414 132
25 398 103
26 380 81
27 398 53
28 452 48
29 513 48
30 558 62
31 550 95
32 523 117
33 568 153
34 524 177
35 454 193
36 543 209
37 574 222
38 608 239
39 563 267
40 528 269
41 445 266
42 436 302
43 482 322
44 531 296
45 581 288
46 599 317
47 613 358
48 613 380.614
49 530 415
50 462 428
51 399 419
52 362 399
53 314 332
54 337 283
55 261 299
56 290 370
57 333 393
58 354 424
59 322 443
60 295 449
61 275 447
62 216 377
63 220 429
64 210 442
65 128 413
66 146 358
67 135 321
68 101 345
69 61 337
70 52 304
