Duration[s]: 3603.71 Porcentaje: 0.901722 TerminoTodo: 0
Convexos: 9 VerticesConvexos: 75
0 1 2 3 4 5 6 7 55 56 57 58
27 28 29 30 31
19 20 21 22 23 24 25 26 27 31
13 14 15 16 17 18 19 31 32
8 9 10 11 12 13 32 33 34
40 41 42 43 44 45 46 47
36 37 38 39 40 47 48
48 49 50 51 52 53
7 8 34 35 36 48 53 54 55
0 35 119.429
1 53.7333 92.6667
2 99.5522 64.0299
3 115 63
4 133 64
5 146 66
6 151 98
7 151 117
8 177 125
9 204 86
10 210 79
11 222 72
12 232 70
13 295 76
14 303 69
15 310 65
16 341 54
17 354.707 54
18 403 98
19 399 128
20 472 192
21 480 304
22 476.405 373.494
23 466.987 408.477
24 409 414
25 399 409
26 369 351
27 362 336
28 293 304
29 288 282
30 317 243
31 365 233
32 325 179
33 302 222
34 237 225
35 238 276
36 226 301
37 271 336
38 271 351
39 248 363
40 178 374
41 180 409
42 128 429
43 107.583 429
44 102 406
45 103 393
46 129 325
47 154 318
48 153 265
49 102 292
50 84 278
51 73 258
52 73 238
53 116 226
54 106 214
55 94 171
56 71 171
57 43 161
58 35 130
