Duration[s]: 3600.34 Porcentaje: 0.613191 TerminoTodo: 0
Convexos: 5 VerticesConvexos: 46
0 1 35 36 37
4 5 6 7 8 9 10
10 11 12 13 14 15 16 17 18 19 20 21
21 22 23 24 25 26 27 28 29 30 31 32 33 34
1 2 3 4 10 21 34 35
0 31 376
1 87 349
2 62 248
3 85 178
4 110 127
5 70 113
6 27 94
7 180 54
8 236 69
9 253 76
10 280 150
11 326 65
12 347 52
13 403 40
14 435 37
15 525.473 40.1198
16 594 105.792
17 594 199
18 592 216
19 586 222
20 581 223
21 364 208
22 462 225
23 468 229
24 524 270
25 555 297
26 572 325
27 573 349
28 569.536 476
29 255.5 476
30 224 455
31 203 440
32 199 429
33 202 395
34 241 320
35 160 383
36 92 414
37 23 421
