Duration[s]: 3601.34 Porcentaje: 0.804288 TerminoTodo: 0
Convexos: 18 VerticesConvexos: 92
0 1 54 55 56 57
1 2 3 4 5 6
6 7 8
22 23 24 25 26 27
20 21 22 27 28
15 16 17 18 19 20 28 29 30
14 15 30 31
13 14 31 32 33
12 13 33 34 35 36 37
37 38 39
11 12 37 39
11 39 40 41
41 42 43
43 44 45 46 47 48 49
49 50 51 52 53
11 41 43 49 53 54
8 9 10 11 54
1 6 8 54
0 51 316
1 94 268
2 74 242
3 77 191
4 90.5652 110.652
5 151 20
6 120 215
7 186 32
8 132 262
9 199 107
10 227 128
11 207 218
12 272 126
13 246 54
14 306 50
15 363 26
16 395 24
17 459 21
18 502 19
19 529 23
20 589.885 56.2098
21 604 164
22 600 200
23 592 223
24 536 235
25 479 190
26 522 172
27 551 176
28 543 82
29 442 56
30 400 41
31 389 53
32 498 75
33 387 76
34 523 137
35 530 164
36 467 175
37 364 188
38 504 220
39 314 216
40 535 258
41 302 246
42 631 314
43 376 290
44 575 331
45 576.296 471
46 425.25 471
47 329 446
48 304 436
49 270 365
50 279 449
51 218 445
52 143 414
53 190 374
54 116 347
55 129 406
56 72 428
57 44 396
