Duration[s]: 3601.28 Porcentaje: 0.807575 TerminoTodo: 0
Convexos: 6 VerticesConvexos: 53
0 39 40 41 42
17 18 19 20 21 22 23 24 25 26 27 28
11 12 13 14 15 16 17 28 29
8 9 10 11 29 30 31 32 33 34
3 4 5 6 7 8 34 35 36 37 38
0 1 2 3 38 39
0 59 122
1 73.9466 60.3452
2 125 49
3 283 70
4 399 33
5 440 35
6 511 55
7 561 88
8 596 152
9 624 164
10 614 259
11 561 277
12 585 294
13 607 390
14 606 413
15 570 424
16 355 438
17 281 438
18 196 404
19 71.6671 334.252
20 60.6575 276.452
21 85 232
22 276 152
23 295 149
24 322 155
25 366 192
26 366 215
27 363 229
28 354 266
29 437 260
30 420 216
31 421 193
32 448 176
33 472 166
34 516 157
35 371 153
36 315 136
37 260 118
38 216 101
39 158 124
40 160 154
41 111 171
42 85 157
