Duration[s]: 3600.13 Porcentaje: 0.908307 TerminoTodo: 0
Convexos: 10 VerticesConvexos: 78
0 1 2 3 51 52 53 54 55 56 57 58 59
19 20 21 22 23 24 25
26 27 28 29 30 31 32 33 34 35 36
25 26 36 37
19 25 37 38 39 40 41 42 43 44 45 46 47
18 19 47 48
8 9 10 11 12 13 14 15 16 17 18 48 49
7 8 49 50
6 7 50
3 4 5 6 50 51
0 66 329
1 75 305
2 85 287
3 155 206
4 119 120
5 145 47
6 201 110
7 257 123
8 353 117
9 467 65
10 506 50
11 527 48
12 584 66.3871
13 584 129
14 583 160
15 579 182
16 565 197
17 530 209
18 420 223
19 392 301
20 425 309
21 436 314
22 466 334
23 474 348
24 475 368
25 458 409
26 511 359
27 458 297
28 450 268
29 458 260
30 489 253
31 516 250
32 542 251
33 553 255
34 565 265
35 615 350
36 600.305 375.192
37 476.273 447
38 368 447
39 332 435
40 313 421
41 303 410
42 289 392
43 282 359
44 281 325
45 285 315
46 292 300
47 349 247
48 360 192
49 295 153
50 214 161
51 180 254
52 210 366
53 212 387
54 211 403
55 209 412
56 201 418
57 194 422
58 139.287 431.948
59 66 404.947
