Duration[s]: 3602.42 Porcentaje: 0.80793 TerminoTodo: 0
Convexos: 7 VerticesConvexos: 59
0 1 2 3 43 44 45 46
14 15 16 17 18 19 20
28 29 30 31 32 33 34 35 36
22 23 24 25 26 27 28 36 37
13 14 20 21 22 37 38
8 9 10 11 12 13 38 39 40 41
3 4 5 6 7 8 41 42 43
0 82 65
1 109 59
2 173 84
3 206 113
4 203 79
5 206 48
6 231 38
7 262 44
8 298 78
9 369 24
10 396 4
11 417 19
12 459 83
13 455 178
14 478 141
15 481 57
16 500 49
17 593 76
18 594 106
19 563 130
20 547 137
21 608 187
22 596 258
23 626 296
24 617.626 423
25 553 423
26 540 418
27 492 394
28 488 347
29 466 410
30 395 412
31 342 354
32 341 333
33 347 311
34 365 303
35 419 290
36 493 313
37 503 284
38 443 241
39 377 257
40 345 261
41 316 251
42 308 376
43 273 407
44 199.618 410.494
45 135.394 359.115
46 65 89
