Duration[s]: 3601.93 Porcentaje: 0.903248 TerminoTodo: 0
Convexos: 3 VerticesConvexos: 45
0 1 2 3 4 5 6 32 33 34 35 36 37 38 39 40
16 17 18 19 20 21 22 23 24 25 26 27 28 29 30 31
6 7 8 9 10 11 12 13 14 15 16 31 32
0 48 131
1 97.2143 87.5756
2 158 84
3 178 85
4 189 87
5 199 90
6 309 124
7 332 110
8 378 86
9 396 81
10 426 74
11 477.345 74
12 523 126.96
13 523 176
14 516 187
15 509 196
16 419 249
17 439 255
18 479 270
19 500 289
20 510 300
21 512 320
22 512 338
23 511.788 345.994
24 401.556 408
25 319.273 408
26 293 391
27 282 379
28 279 364
29 279 342
30 281 318
31 322 259
32 320 251
33 198 267
34 176 268
35 163 268
36 122 257
37 92 248
38 80 241
39 64 230
40 48 215.778
