Duration[s]: 3600.32 Porcentaje: 0.706395 TerminoTodo: 0
Convexos: 5 VerticesConvexos: 37
0 1 16 17 27 28
5 6 7 8 9 10 11
3 4 5 11 12 13
1 2 3 13 14 15 16
17 18 19 20 21 22 23 24 25 26 27
0 102.145 83.0409
1 344.929 48
2 405.792 48
3 565 168
4 573 226
5 570 251
6 626 289
7 559 355
8 537 355
9 498 297
10 506 265
11 531 243
12 455 227
13 508 185
14 393 175
15 313 156
16 285 145
17 248 175
18 319 198
19 328 206
20 470 337
21 485 364
22 460 394
23 367.612 429.044
24 299 445
25 83 385
26 85 303
27 131 262
28 75 169
