Duration[s]: 2023.86 Porcentaje: 0.603353 TerminoTodo: 1
Convexos: 4 VerticesConvexos: 37
0 1 2 19 20 21 22 23 24 25 26 27 28 29 30
7 8 9 10 11 12 13 14 15
3 4 5 6 7 15 16
2 3 16 17 18 19
0 46 371
1 49.1955 119.617
2 144.926 69.4167
3 330.882 46
4 486.41 46
5 546 129
6 545 164
7 528 256
8 600 331
9 616 455
10 612 467
11 404 451
12 375 424
13 313 342
14 399 264
15 427 251
16 375 200
17 365 222
18 311 261
19 221 194
20 268 273
21 303 388
22 307 422
23 305 430
24 301 441
25 298 444
26 289 450
27 253 452
28 227 453
29 219.305 452.72
30 49 399.5
