Duration[s]: 3600.36 Porcentaje: 0.90159 TerminoTodo: 0
Convexos: 7 VerticesConvexos: 55
0 1 2 3 4 42
4 5 6 7 8
25 26 27 28 29
20 21 22 23 24 25 29 30
12 13 14 15 16 17 18 19 20 30 31
8 9 10 11 12 31 32
4 8 32 33 34 35 36 37 38 39 40 41 42
0 48 305
1 68.9375 200.312
2 104 190
3 110 201
4 124 232
5 130 175
6 140 145
7 165 143
8 215 185
9 214 143
10 229 121
11 264 109
12 312 142
13 313 121
14 325 112
15 356 100
16 393 91
17 424.959 92.5979
18 439 116
19 439 132
20 427 172
21 443 173
22 460 175
23 502 182
24 530.213 203.702
25 549 354
26 511.147 388.698
27 468 385
28 447 365
29 493 344
30 394 230
31 364 256
32 374 298
33 402 330
34 402 352
35 388 377
36 384 380
37 304 409
38 222 425
39 188 431
40 145.5 431
41 89.9335 399.248
42 52.5057 320.77
