Duration[s]: 3601.23 Porcentaje: 0.90329 TerminoTodo: 0
Convexos: 11 VerticesConvexos: 87
0 1 2 25 26 64 65 66
11 12 13 14 15 16 17 18 19 20 21 22 23 24
6 7 8 9 10 11 24 25
2 3 4 5 6 25
38 39 40 41 42 43
37 38 43 44 45 46
35 36 37 46 47 48 49 50
31 32 33 34 35 50 51 52
29 30 31 52 53 54 55 56 57
57 58 59 60 61 62
26 27 28 29 57 62 63 64
0 59 124
1 70 112
2 148 107
3 77 41
4 111 13
5 176 22
6 190 68
7 251 40
8 292 22
9 327 35
10 352 47
11 348 203
12 391 202
13 435 226
14 437 236
15 439 259
16 403 279
17 371 296
18 346 297
19 340 297
20 320 295
21 294 282
22 285 271
23 278 258
24 266 210
25 208 142
26 155 177
27 177 188
28 203 266
29 205 306
30 247 305
31 307 375
32 311 364
33 321 346
34 388 313
35 448 302
36 461 270
37 481 225
38 415 181
39 408 154
40 469 82
41 529 65
42 552 88
43 530 111
44 594 154
45 636 192
46 570 243
47 591 280
48 602 305
49 592 388
50 512 385
51 455 445
52 326 429
53 271 479
54 207 469
55 180 434
56 137 373
57 130 354
58 124 404
59 90 416
60 59 374
61 70 346
62 93 304
63 70 268
64 68 209
65 35 187
66 22 169
