Duration[s]: 3602.9 Porcentaje: 0.802476 TerminoTodo: 0
Convexos: 5 VerticesConvexos: 55
0 1 2 3 4 39 40 41 42 43 44
22 23 24 25 26 27 28 29 30
15 16 17 18 19 20 31 32 33 34 35 36 37 38
4 5 11 12 13 14 15 38 39
5 6 7 8 9 10 11 20 21 22 30 31
0 74 243
1 101 198
2 118 178
3 130 174
4 160 189
5 181 135
6 182 82
7 188 63
8 190.986 58.3659
9 198 58
10 219 65
11 262 85
12 335 54
13 428 46
14 435 83
15 402 132
16 463 95
17 492 81
18 542 120
19 562 149
20 541 235
21 578 292
22 559 327
23 582 393
24 583 413
25 579.461 440.131
26 524 444
27 496 442
28 483 429
29 469 408
30 494 350
31 465 358
32 422 374
33 324 396
34 272 397
35 232 395
36 211 363
37 214 331
38 249 289
39 209 266
40 207 289
41 204 312
42 173 331
43 115 319
44 79.3013 288.061
