Duration[s]: 3601.27 Porcentaje: 0.900629 TerminoTodo: 0
Convexos: 16 VerticesConvexos: 116
0 1 2 25 26 27 85
12 13 14 15 16
8 9 10 11 12 16 17
8 17 18 19 20 21
3 4 5 6 7 8 21
2 3 21 22 23 24 25
28 29 30 31 32 33 34
39 40 41 42 43 44 45
59 60 61 62 63
57 58 59 63 64
54 55 56 57 64 65
38 39 45 46 47 48 49 50 51 52 53 54 65 66 67 68
37 38 68 69
36 37 69 70 71 72 73 74 75
36 75 76 77 78 79 80 81
27 28 34 35 36 81 82 83 84 85
0 18.4118 123.118
1 114 54
2 155 51
3 250 61
4 323 26
5 353 29
6 355 46
7 355 76
8 349 106
9 409 49
10 448 28
11 476 33
12 478 63
13 598 89
14 569 128
15 528 137
16 473 107
17 426 143
18 424 154
19 398 166
20 352 149
21 276 100
22 263 124
23 255 137
24 213 116
25 195 104
26 185 120
27 75 166
28 140 192
29 183 158
30 231 166
31 248 201
32 229 222
33 216 231
34 185 238
35 231 291
36 233 306
37 260 320
38 341 311
39 345 288
40 303 241
41 282 200
42 299 176
43 317 162
44 380 192
45 372 237
46 408 202
47 428 194
48 446 189
49 464 186
50 479 186
51 502 190
52 516 196
53 557 216
54 555 281
55 622 247
56 616 315
57 584 392
58 618 404
59 563 425
60 633 455
61 599 475
62 533 455
63 499 434
64 509 398
65 496 359
66 457 374
67 418 365
68 359 332
69 336 360
70 398 436
71 422 478
72 422 479
73 369 479
74 347 470
75 295 416
76 280 466
77 262 477
78 224.842 474.346
79 165 443
80 159 423
81 181 386
82 144 348
83 116 318
84 81 276
85 13 161
