Duration[s]: 3600.75 Porcentaje: 0.600399 TerminoTodo: 0
Convexos: 4 VerticesConvexos: 37
0 1 2 3 14 15 27 28 29 30
3 4 5 6 7 8 9 10 11 12 13 14
19 20 21 22 23 24 25
15 16 17 18 19 25 26 27
0 25.0548 21.6945
1 72 17
2 226 42
3 266 83
4 318 42
5 351 32
6 475.43 49.1234
7 571.225 99.4772
8 612 136.545
9 612 185.459
10 509 382
11 437 408
12 389 413
13 365 399
14 330 329
15 284 357
16 305 387
17 328 439
18 277 443
19 178 388
20 178 433
21 171 453
22 124 456
23 113.772 451.617
24 59 365
25 90 310
26 61 252
27 85 219
28 36 136
29 24 113
30 21 69
