Duration[s]: 3601.51 Porcentaje: 0.706318 TerminoTodo: 0
Convexos: 14 VerticesConvexos: 97
0 45 46 69 70
10 11 12 13 14 15 16
9 10 16 17 18
6 7 8 9 18 19 20 21 22
2 3 4 5 6 22
27 28 29 30 31 32 33 34 35 36
26 27 36 37 38 39 40 41 42 43 44
2 22 23 24 25 26 44
0 1 2 44 45
50 51 52 53 54 55 56 57
49 50 57 58 59 60 61 62 63
48 49 63 64 65 66
47 48 66 67
46 47 67 68 69
0 -0 197.375
1 25 163
2 68 111
3 36 67
4 49.3768 13.4928
5 83 24
6 183 80
7 235 29
8 277 24
9 500 11
10 547.96 15.9614
11 631 95.8077
12 631 209
13 603 292
14 547 318
15 501 327
16 505 265
17 372 201
18 363 171
19 285 173
20 264 173
21 229 163
22 151 135
23 194 167
24 230 196
25 232 208
26 227 233
27 246 341
28 296 301
29 335 296
30 352 305
31 362 316
32 366 336
33 368 355
34 360 405
35 323 430
36 251 395
37 246 429
38 184 445
39 155 412
40 101 317
41 86 219
42 98 200
43 115 185
44 136 173
45 54 206
46 98 359
47 177 451
48 370 433
49 385 334
50 320 274
51 258 313
52 238 290
53 241 259
54 259 236
55 282 223
56 326 206
57 337 204
58 432 230
59 454 242
60 479 256
61 494 278
62 492 299
63 429 339
64 517 387
65 519.673 437.793
66 375.586 480
67 184.308 480
68 67.4494 453.348
69 34 353
70 0 323
