Duration[s]: 3602.84 Porcentaje: 0.802572 TerminoTodo: 0
Convexos: 11 VerticesConvexos: 70
0 46 47 48 49
7 8 9 10 11 12
6 7 12 13 14 15 16 17 18
5 6 18 19 20
28 29 30 31 32 33 34 35
21 22 23 24 25 26 27 28
20 21 28 35 36
38 39 40 41 42
36 37 38 42 43 44 45
4 5 20 36 45
0 1 2 3 4 45 46
0 39 186.519
1 110 105
2 190 55
3 258 64
4 347 192
5 436 202
6 472 179
7 424 87
8 359 140
9 346 140
10 236 18
11 259 6
12 399 26
13 490.021 34.0313
14 550 124
15 558 169
16 558 204
17 555 226
18 540 245
19 442 287
20 438 284
21 495 327
22 520 291
23 552 278
24 592 282
25 629 316
26 634 326
27 634 400
28 581.48 477.029
29 528 480
30 521 479
31 310 443
32 300 422
33 309 399
34 360 377
35 391 389
36 338 270
37 302 322
38 281 338
39 252 449
40 159.879 422.457
41 129 383
42 197 346
43 184 278
44 243 224
45 274 220
46 117 240
47 124 271
48 125 303
49 39 303
