Duration[s]: 3601.65 Porcentaje: 0.901931 TerminoTodo: 0
Convexos: 12 VerticesConvexos: 76
0 1 51 53
16 17 18 19 20 21 22
15 16 22 23 24 25
12 13 14 15 25
26 27 28 29 30 31
7 8 9 10 11 12 25 26 31 32
36 37 38 39 40 41 42 43 44
33 34 35 36 44 45
6 7 32 33 45
2 3 4 5 6 45 46 47 48
1 2 48 49 50 51
51 52 53
0 62 178
1 91 124
2 109.085 17
3 156 17
4 206 33
5 230 45
6 218 69
7 298 107
8 448 68
9 506.415 53.3962
10 520 86
11 511 133
12 490 196
13 577 150
14 584 193
15 508 229
16 544 282
17 546 366
18 485 414
19 430 412
20 403 397
21 376 379
22 433 336
23 377 305
24 361 281
25 433 248
26 393 221
27 350 223
28 326 224
29 318 198
30 330 179
31 341 181
32 304 148
33 264 138
34 281 197
35 280 231
36 253 246
37 324 360
38 328 373
39 327 401
40 272.833 414
41 261.331 414
42 175 264
43 171 181
44 202 170
45 189 105
46 171 101
47 157 96
48 128 82
49 131 121
50 129 149
51 84 210
52 119 255
53 68 267
