Duration[s]: 3600.79 Porcentaje: 0.400407 TerminoTodo: 0
Convexos: 5 VerticesConvexos: 41
0 1 16 17 32
5 6 7 8 9 10 11 12 13 14 15
1 2 3 4 5 15 16
17 18 19 20 21 22 23 24
17 24 25 26 27 28 29 30 31 32
0 0 323
1 16 266
2 0 152
3 10.1674 22.0831
4 72 0
5 104 16
6 291 10
7 450 8
8 574 19
9 595 34
10 606 116
11 598 133
12 561 158
13 344 198
14 280 203
15 155 189
16 152 222
17 222 273
18 281 221
19 444 197
20 486 191
21 553 185
22 605 183
23 550 211
24 369 260
25 598 255
26 632 289
27 612 395
28 523.925 428.875
29 283.132 459.109
30 196 468
31 42.6402 454.797
32 10 391
