Duration[s]: 336.621 Porcentaje: 0.603614 TerminoTodo: 1
Convexos: 3 VerticesConvexos: 41
4 5 6 7 8 9
3 4 9 10 11 12 13 14 15 16 25 26 27 28 29 30
0 1 2 3 16 17 18 19 20 21 22 23 24 25 30 31 32 33 34
0 206 425
1 184 416
2 179 377
3 177 302
4 107 287
5 122 338
6 109 405
7 39 397
8 42 362
9 71 240
10 61 217
11 45 111
12 44 85
13 49.9 73.2
14 95.8333 52
15 104 52
16 204 78
17 236 62
18 249 59
19 417 43
20 442 44
21 487 70
22 516 90
23 525 108
24 526 136
25 527 166
26 583 212
27 599 262
28 578 290
29 524 303
30 517 303
31 503 411
32 456.543 436.551
33 303 438
34 237 437
