Duration[s]: 3600.81 Porcentaje: 0.800946 TerminoTodo: 0
Convexos: 7 VerticesConvexos: 51
0 1 2 3 4 34 35 38
14 15 16 17 18 19 20 21 22
11 12 13 14 22
5 6 7 8 9 10 11 22 23 24
25 26 27 28 29 30 31 32
4 5 24 25 32 33 34
35 36 37 38
0 103 53
1 156 17
2 206 33
3 230 45
4 218 69
5 278 102
6 480 60
7 508 66
8 515 74
9 520 86
10 511 133
11 490 196
12 577 150
13 584 193
14 508 229
15 544 282
16 546 366
17 485 414
18 430 412
19 403 397
20 376 379
21 361 281
22 433 248
23 326 224
24 264 138
25 252 165
26 281 197
27 328 373
28 327 401
29 277 413
30 255 403
31 175 264
32 181 223
33 171 181
34 189 105
35 92 198
36 119 255
37 68 267
38 62 178
