Duration[s]: 3602.42 Porcentaje: 0.704607 TerminoTodo: 0
Convexos: 7 VerticesConvexos: 51
0 1 2 23 24 34 35 36 37 38
7 8 9 10 11 12 13
3 4 5 6 7 13 14
15 16 17 18 19 20 21 22
2 3 14 15 22 23
26 27 28 29 30 31 32
24 25 26 32 33 34
0 157 376
1 149 311
2 155 195
3 107 85
4 66 56
5 55 39
6 205 47
7 379 76
8 452 80
9 534 95
10 527 103
11 456 105
12 407 101
13 359 97
14 126 92
15 217 138
16 316 144
17 379 150
18 427 155
19 535 170
20 573 185
21 503 202
22 255 197
23 197 203
24 377 258
25 506 218
26 607 239
27 571 134
28 568 103
29 571 69
30 611 88
31 635 206
32 635 268.188
33 618 350
34 479 425
35 465 479
36 335 480
37 243 479
38 171.221 419.956
