Duration[s]: 3602.88 Porcentaje: 0.801945 TerminoTodo: 0
Convexos: 9 VerticesConvexos: 78
0 1 2 59 60 61
4 5 6 7 8 9 10 11 12 13 14 15 16 17
26 27 28 29 30 31 32 33 34 35 36
25 26 36 37 38 39 40 41
3 4 17 18 19 20 21 22 23 24 25 41 42
44 45 46 47 48
49 50 51 52 53 54 55 56 57
43 44 48 49 57 58
2 3 42 43 58 59
0 20 286.526
1 66 180
2 96 200
3 232 247
4 186 191
5 178 198
6 157 197
7 138 193
8 113 177
9 106 167
10 102 157
11 98 145
12 94 130
13 103.017 75.9
14 162.572 43.415
15 234 63
16 247 80
17 254 92
18 303 52
19 324 44
20 349 38
21 512 22
22 553 37
23 616.213 67.8356
24 593 212
25 552 239
26 528 270
27 552 292
28 571 312
29 605 359
30 620 391
31 615 416
32 589 444
33 521 461
34 495 441
35 482 416
36 466 350
37 415 410
38 353 397
39 338 373
40 342 364
41 372 326
42 332 304
43 279 340
44 302 395
45 308 336
46 391 449
47 372 466
48 328 471
49 197 424
50 206 448
51 166 472
52 75 425
53 73 413
54 83 399
55 123 362
56 152 342
57 167 366
58 163 307
59 131 260
60 67 323
61 20 304
