Duration[s]: 3603.51 Porcentaje: 0.700751 TerminoTodo: 0
Convexos: 10 VerticesConvexos: 80
0 1 25 26 27 28 61
5 6 7 8 9 10 11 12
15 16 17 18 19 20 21 22 23
13 14 15 23 24 25
1 2 3 4 5 12 13 25
30 31 32 33 34 35
36 37 38 39 40 41 42 43 44
36 44 45 46 47 48 49 50 51
30 35 36 51 52 53 54 55 56 57 58
28 29 30 58 59 60 61
0 66 293
1 119 235
2 60 164
3 59 129
4 63.6004 91.0469
5 213.258 29.4233
6 258 24
7 313 22
8 338 23
9 348 51
10 331 84
11 277 92
12 224 51
13 208 133
14 320 122
15 380 132
16 394 53
17 566 7
18 585.564 7
19 590 33
20 587 56
21 576 86
22 493 146
23 370 207
24 256 200
25 185 185
26 265 222
27 286 254
28 263 322
29 309 326
30 303 356
31 339 241
32 389 230
33 411 253
34 414 319
35 404 349
36 477 359
37 447 265
38 446 216
39 478 189
40 552 128
41 575 116
42 588 133
43 583 161
44 532 261
45 626 244
46 631 277
47 633 298
48 626 397
49 621 421
50 594 422
51 531 409
52 517 432
53 478 445
54 432 446
55 317 444
56 301 443
57 279 431
58 245 387
59 127 433
60 79.3585 413.943
61 64 319
