Duration[s]: 3601.96 Porcentaje: 0.900088 TerminoTodo: 0
Convexos: 21 VerticesConvexos: 128
0 1 83 84 85 86 87
8 9 10 11 12 13 14
4 5 6 7 8 14
21 22 23 24 25
17 18 19 20 21 25 26
53 54 55 56 57 58
52 53 58 59 60 61
51 52 61 62
62 63 64 65 66 67
50 51 62 67 68 69
42 43 44 45 46 47
37 38 39 40 41 42 47 48
34 35 36 37 48 49
33 34 49 50 69 70 71
28 29 30 31 32 33 71 72
16 17 26 27 28 72
74 75 76 77 78 79
73 74 79 80
15 16 72 73 80 81
4 14 15 81 82
1 2 3 4 82 83
0 42 427
1 41 381
2 29 306
3 45 222
4 131 203
5 61 163
6 43 115
7 76 88
8 129 110
9 66 39
10 74.4866 10.9572
11 111 14
12 157 36
13 199 109
14 187 175
15 215 204
16 245 190
17 248 155
18 223 99
19 217 66
20 242 45
21 282 23
22 322 8
23 360 14
24 351 35
25 306 39
26 285 89
27 307 102
28 331 161
29 358 85
30 404 53
31 431 65
32 463 91
33 419 148
34 409 230
35 454 238
36 476 264
37 487 294
38 536 282
39 549 282
40 582 317
41 564 342
42 526 357
43 471 408
44 425 415
45 415 410
46 413 380
47 465 346
48 435 320
49 396 324
50 352 351
51 357 409
52 442 432
53 502 422
54 592 353
55 608 353
56 616 367
57 613 401
58 581 422
59 553 451
60 485 469
61 439 479
62 347 440
63 347 466
64 285 479
65 210 479
66 188 446
67 225 408
68 252 328
69 302 338
70 311 290
71 326 259
72 297 260
73 236 277
74 161 339
75 168 471
76 135 479
77 128 479
78 111 446
79 125 323
80 188 277
81 172 252
82 124 239
83 65 369
84 104 386
85 80 457
86 67 479
87 50 467
