Duration[s]: 3600.59 Porcentaje: 0.808578 TerminoTodo: 0
Convexos: 11 VerticesConvexos: 86
0 1 60 61 62 63
13 14 15 16 17 18 19 20
12 13 20 21 22 23
11 12 23 24 25 26 27 28
29 30 31 32 33 34 35 36 37 38 39 40 41
11 28 29 41
4 5 6 7 8 9 11 41 42 43 44
49 50 51 52 53 54
46 47 48 49 54
1 2 3 4 44 45 46 54 60
9 10 11 54 55 56 57 58 59 60
0 83 357
1 102 349
2 86 279
3 120 241
4 136 234
5 89 202
6 89 180
7 90 159
8 125 140
9 158 130
10 202 133
11 241 147
12 219 70
13 152 79
14 121 109
15 116 111
16 95 118
17 92 118
18 81 88
19 84.4443 53.5571
20 171 50
21 207 23
22 282 21
23 304 43
24 372 40
25 408 41
26 415 44
27 409 89
28 364 130
29 441 172
30 429 159
31 435 93
32 449 52
33 460 41
34 466 38
35 484 30
36 490 29
37 504 28
38 583.535 45.7907
39 596 105
40 592 191
41 541 227
42 583 241
43 541 280
44 432 281
45 534 315
46 473 344
47 520 357
48 585 385
49 492 415
50 505 424
51 445 461
52 404 459
53 359 421
54 321 380
55 308 444
56 251 456
57 222 461
58 196 448
59 183 436
60 149 400
61 154 444
62 124.473 448.662
63 85.8671 415.776
