Duration[s]: 3601.54 Porcentaje: 0.801111 TerminoTodo: 0
Convexos: 6 VerticesConvexos: 67
0 1 10 11 51 52 53 54 55 56
1 2 3 4 5 6 7 8 9 10
13 14 15 16 17 18 19 20 21 22 23 24 25 26 27 28 29 30 31 32 33 34 35 36 37 38 39 40 41
13 41 42
12 13 42 43 44 45 46 47 48
11 12 48 49 50 51
0 36 384
1 59 242
2 41 229
3 39.5394 186.642
4 57.4977 80.3886
5 180.421 22
6 191 22
7 206 46
8 207 192
9 163 230
10 114 246
11 344 405
12 516 368
13 513 301
14 514 324
15 506 333
16 496 344
17 482 357
18 464 369
19 439 378
20 409 383
21 384 386
22 373 386
23 342 380
24 313 372
25 293 364
26 274 352
27 266 343
28 257 332
29 252 323
30 246 312
31 244 302
32 241 265
33 240 251
34 245 242
35 261 226
36 303 185
37 320 171
38 342 161
39 355 157
40 370 155
41 415 150
42 519 157
43 536 142
44 545 140
45 552 152
46 576 385.6
47 576 425
48 522.758 447.818
49 457 451
50 437 450
51 358 425
52 331 453
53 326 456
54 189 467
55 161 469
56 45.8464 438.155
