Duration[s]: 3602.84 Porcentaje: 0.801158 TerminoTodo: 0
Convexos: 9 VerticesConvexos: 86
0 66 67 68 69
11 12 13 14 15 16 17 18
20 21 22 23 24 25 26 27 28 29 30 31 32 33 34 35
44 45 46 47 48 49 50 51
40 41 42 43 44 51 52 53 54 55 56 57
37 38 39 40 57 58
59 60 61 62 63 64
10 11 18 19 20 35 36 37 58 59 64 65 66
0 1 2 3 4 5 6 7 8 9 10 66
0 68 234
1 49 196
2 25 146
3 36.3855 69.717
4 86 19
5 93 17
6 134 45
7 145 57
8 147 70
9 149 88
10 148 117
11 232 47
12 216 55
13 198 60
14 178 53
15 173 39
16 179 29
17 212 20
18 274 15
19 284 15
20 295 20
21 420 15
22 452 16
23 519.045 31.4719
24 608.535 112.188
25 610 162
26 608 188
27 560 259
28 530 285
29 511 292
30 489 296
31 443 285
32 392 267
33 361 246
34 327 186
35 289 88
36 276 182
37 250 261
38 297 232
39 333 274
40 328 329
41 385 301
42 398 300
43 431 303
44 487 313
45 520 300
46 592 298
47 631 318
48 639 367
49 639 384
50 629 397
51 610 410
52 605 447
53 600 461
54 559.091 479
55 171.684 479
56 154 458
57 153 434
58 153 413
59 130 394
60 127 400
61 112 428
62 51.5544 436.846
63 73 339
64 104 333
65 104 317
66 120 234
67 101 253
68 42 300
69 8 235
