Duration[s]: 3601.36 Porcentaje: 0.901369 TerminoTodo: 0
Convexos: 10 VerticesConvexos: 79
0 1 9 48 49 60
1 2 3 4 5 6 7 8 9
23 24 25 26 27 28 29
19 20 21 22 23 29 30
30 31 32 33 34 35 36
13 14 15 16 17 18 19 30 36 37
37 38 39 40 41 42
10 11 12 13 37 42
9 10 42 43 44 45 46 47 48
49 50 51 52 53 54 55 56 57 58 59 60
0 21 201.75
1 43 177
2 44 145
3 51 92
4 63.4068 31
5 75 31
6 100 40
7 122 50
8 124 59
9 98 130
10 134 123
11 184 89
12 220 94
13 258 134
14 266 94
15 293 82
16 349 66
17 434 82
18 449 87
19 472 112
20 489 78
21 570 63
22 572 77
23 568 98
24 639 93.3443
25 639 231.667
26 593 247
27 563 248
28 545 242
29 484 187
30 435 192
31 442 235
32 437 255
33 331 267
34 313 237
35 314 203
36 326 200
37 268 197
38 273 227
39 256 252
40 234 251
41 213 238
42 161 165
43 166 219
44 152 233
45 143 238
46 115 229
47 106 215
48 104 204
49 85 262
50 110 261
51 138 266
52 162 272
53 174 278
54 184 293
55 185 303
56 174 333
57 157 347
58 104 352
59 52 338
60 21 283.045
