Duration[s]: 3601.23 Porcentaje: 0.900118 TerminoTodo: 0
Convexos: 13 VerticesConvexos: 109
0 82 83 84
29 30 31 32 33 34 35 36 37 38 39
40 41 42 43 44 45 46 47 48
52 53 54 55 56 57 58 59 60 61 62 63 64 65 66 67 68
40 48 49 50 51 52 68 69
3 4 5 6 7 8 9 10 11
13 14 15 16 17
12 13 17 18 19 20 21 22 23 24 25 26 27
2 3 11 12 27 28
1 2 28 29 39 40 69 70
75 76 77 78 79 80
73 74 75 80 81
0 1 70 71 72 73 81 82
0 108 260
1 160 241
2 140 209
3 107 183
4 95 227
5 68 219
6 67 171
7 67 153
8 71 91
9 75 81
10 112 87
11 114 104
12 148 82
13 142 74
14 88 46
15 62 23
16 108 29
17 149 45
18 157 32
19 182 30
20 264 36
21 289 45
22 290 55
23 285 60
24 213 104
25 206 108
26 202 110
27 194 113
28 221 176
29 251 168
30 239 166
31 219 156
32 208 140
33 208 122
34 237 98
35 254 85
36 287 81
37 296 81
38 310 85
39 369 139
40 393 143
41 364 113
42 360 88
43 368 82
44 391 78
45 478 73
46 504.911 75.0701
47 507 97
48 512 154
49 544 189
50 545 204
51 545 219
52 542 260
53 567 292
54 582 326
55 588 449
56 559 470
57 526 479
58 477 476
59 406 463
60 390 458
61 383 453
62 352 422
63 304 367
64 296 355
65 289 334
66 291 317
67 311 302
68 329 296
69 339 207
70 203 245
71 233 279
72 239 293
73 203 327
74 230 353
75 299 440
76 292 474
77 226 474
78 119 392
79 145 388
80 168 389
81 153 324
82 113 313
83 96 354
84 36 338
