Duration[s]: 3601.91 Porcentaje: 0.71147 TerminoTodo: 0
Convexos: 6 VerticesConvexos: 44
0 1 2 30 31 32 33
4 5 6 7 8 9 10
11 12 13 14 15 16 17
20 21 22 23 24
11 17 18 19 20 24 25 26 27 28
2 3 4 10 11 28 29 30
0 24 16
1 49 7
2 110 42
3 208 15
4 410 42
5 515 0
6 551 37
7 558 86
8 538 150
9 506 168
10 431 131
11 376 218
12 451 213
13 577 207
14 626 230
15 612 305
16 575 312
17 473 308
18 533 388
19 475 409
20 279 387
21 247 451
22 216 447
23 165 415
24 222 379
25 187 316
26 180 300
27 163 244
28 158 207
29 129 126
30 120 88
31 100 219
32 60 236
33 24 45
