Duration[s]: 3601.59 Porcentaje: 0.800318 TerminoTodo: 0
Convexos: 10 VerticesConvexos: 80
0 1 2 3 4 5 59 60 61
9 10 11 12 13 14 15 16 17 18 19
30 31 32 33 34 35 36 37
29 30 37 38
23 24 25 26 27 28 29 38
22 23 38 39
6 7 8 9 19 20 21 22 39 40
40 41 42 43 44 45 46
48 49 50 51 52 53 54 55 56 57 58
5 6 40 46 47 48 58 59
0 42 362
1 61 217
2 78 175
3 119 140
4 150 168
5 168 222
6 235 191
7 195 159
8 142 114
9 136 102
10 87 134
11 77 138
12 70 138
13 66 136
14 48 121
15 45 111
16 43.657 76.0814
17 95.8333 52
18 104 52
19 152 81
20 249 59
21 268 61
22 337 94
23 365 53
24 417 43
25 442 44
26 513.719 85.4375
27 525 108
28 526 136
29 527 166
30 599 225.143
31 599 262
32 578 290
33 524 303
34 517 303
35 517 292
36 521 274
37 547 210
38 471 133
39 387 154
40 354 236
41 385 198
42 413 170
43 442 152
44 483 159
45 522 224
46 489 289
47 495 305
48 458 344
49 496 369
50 503 377
51 503 411
52 463 433
53 395.5 438
54 239.583 438
55 206 425
56 184 416
57 179 377
58 207 340
59 177 302
60 109 405
61 39 397
