Duration[s]: 3600.35 Porcentaje: 0.801499 TerminoTodo: 0
Convexos: 8 VerticesConvexos: 62
0 1 2 42 43 47
13 14 15 16 17 18 19 20 21 22
11 12 13 22 23 24 25
10 11 25 26 27 28 29 30
34 35 36 37 38 39 40
9 10 30 31 32 33 34 40 41
2 3 4 5 6 7 8 9 41 42
43 44 45 46 47
0 111 98
1 130 91
2 181 133
3 212 75
4 294 84
5 355 104
6 387 146
7 383 168
8 354 242
9 330 258
10 385 307
11 424 296
12 391 216
13 478 249
14 429 198
15 403 165
16 365 92
17 355 52
18 386 44
19 516 53
20 573 238
21 571 267
22 540 296
23 580 365
24 579 376
25 549 412
26 560 461
27 520 468
28 500 462
29 480 448
30 423 407
31 396 442
32 367 451
33 342 450
34 284 378
35 229 429
36 204 431
37 123.904 402.896
38 115 380
39 100 216
40 233 251
41 221 215
42 154 186
43 60 152
44 65 191
45 63 211
46 53 200
47 30 136
