Duration[s]: 1911.88 Porcentaje: 0.50086 TerminoTodo: 1
Convexos: 4 VerticesConvexos: 37
0 1 9 10 28 29 30
1 2 3 4 5 6 7 8 9
11 12 13 14 15 16 17 18 19 20 21 22
10 11 22 23 24 25 26 27 28
0 34 187
1 40 98
2 87 45
3 106 29
4 155 28
5 224 67
6 242 84
7 229 120
8 204 127
9 93 120
10 214 201
11 284 81
12 303 37
13 365 30
14 502 57
15 523 78
16 581 147
17 591 408
18 549 445
19 528 459
20 476 444
21 438 405
22 379 333
23 390 387
24 376 452
25 331 460
26 287 459
27 235 450
28 99 414
29 89 387
30 61 288
