Duration[s]: 3600.97 Porcentaje: 0.603253 TerminoTodo: 0
Convexos: 5 VerticesConvexos: 47
0 1 2 3 17 18 37 38
4 5 6 7 8 9 10
3 4 10 11 12 13 14 15 16 17
19 20 21 22 23 24 25 26 27 28 29 30 31
18 19 31 32 33 34 35 36 37
0 22 186.615
1 38 178
2 87 181
3 146 186
4 80 100
5 74 71
6 144.552 9
7 206.125 9
8 213 20
9 214 39
10 182 95
11 254 168
12 256 175
13 257 186
14 258 199
15 256 212
16 248 217
17 229 218
18 239 229
19 394 222
20 237 144
21 225 138
22 222 120
23 221 96
24 226 79
25 260 61
26 275 56
27 293 55
28 639 62.6404
29 639 187
30 596 197
31 466 220
32 556 235
33 623 302
34 631.697 390.417
35 543 445
36 223.362 427.92
37 61.1761 318.335
38 22 212
