Duration[s]: 3608.8 Porcentaje: 0.902246 TerminoTodo: 0
Convexos: 16 VerticesConvexos: 112
0 1 76 77 78 79 80 81
54 55 56 57 58 59 60
53 54 60
61 62 63 64 65
52 53 60 61 65 66 67 68
51 52 68 69 70 71 72 73 74 75
46 47 48 49 50 51 75
45 46 75 76
25 26 27 28 29 30 31 32
19 20 21 22 23 24 25 32 33 34 35 36
14 15 16 17 18 19 36 37
12 13 14 37 38
11 12 38 39 40
7 8 9 10 11 40 41
2 3 4 5 6 7 41 42
1 2 42 43 44 45 76
0 23 337
1 57 314
2 61 269
3 28 170
4 20 131
5 15 88
6 52 60
7 92 63
8 133 40
9 149 34
10 184 23
11 218 45
12 272 33
13 301 18
14 361 73
15 410 38
16 431 32
17 524.389 22.6611
18 593.079 49.2959
19 582 148
20 599 166
21 631 202
22 639 215
23 640 231
24 639 244
25 564 246
26 573 284
27 555 296
28 448 319
29 428 317
30 285 259
31 320 240
32 372 224
33 302 205
34 258 178
35 256 165
36 307 158
37 315 140
38 264 82
39 238 130
40 182 133
41 160 172
42 177 209
43 241 228
44 239 237
45 231 272
46 286 296
47 301 282
48 319 279
49 334 285
50 343 315
51 340 328
52 370 346
53 413 365
54 499 364
55 540 333
56 568 329
57 612 342
58 588 374
59 560 388
60 510 409
61 565 436
62 605 422
63 617 428
64 622 453
65 555 473
66 470 450
67 430 435
68 385 402
69 387 462
70 339 471
71 318 473
72 289 457
73 258 439
74 236 417
75 263 385
76 194 362
77 211 429
78 211 458
79 144.458 468.864
80 68 432
81 15.1627 381.411
