Duration[s]: 3603.93 Porcentaje: 0.900318 TerminoTodo: 0
Convexos: 9 VerticesConvexos: 94
58 59 60 61 62 63
56 57 58 63 64 65 66 67 68 69 70 71
44 45 46 47 48 49 50
37 38 39 40 41 42 43
32 33 34 35 36 37 43 44 50 51 52
19 20 21 22 23 24 25 26 27 28 29 30 31 32 52 53
1 5 6 7 8 9 10 11 12 13 14 15 55 56 71 72
0 1 16 17 18 19 72 73
1 2 3 4 5 15 16 19 53 54 55
0 61 301
1 102 186
2 97 180
3 80 151
4 85 133
5 99 119
6 102 84
7 104 62
8 107 42
9 109 32
10 119.544 23.5649
11 193 18
12 224 19
13 276 34
14 284 38
15 298 50
16 421 16
17 433 14
18 436 23
19 427 48
20 511 21
21 522 20
22 543 20
23 544.264 20.069
24 567.519 36.4841
25 574 65
26 577 96
27 579 136
28 579 154
29 577 166
30 573 176
31 567 190
32 554 216
33 589 274
34 593 292
35 588 340
36 583 346
37 559 372
38 596 428
39 597 442
40 596 461
41 581 475
42 534 470
43 448 424
44 419 418
45 414 423
46 374 417
47 361 402
48 362 338
49 380 318
50 433 344
51 441 310
52 452 299
53 426 289
54 389 299
55 349 285
56 298 310
57 316 358
58 326 387
59 372 430
60 377 453
61 378 463
62 377 479
63 309 472
64 229 479
65 203.667 468.333
66 149.957 441.478
67 138 423
68 134 407
69 130 386
70 133 367
71 142 341
72 131 312
73 87 344
