Duration[s]: 3601.67 Porcentaje: 0.903168 TerminoTodo: 0
Convexos: 11 VerticesConvexos: 76
0 49 50 54 55
27 28 29 30 31 32 33
24 25 26 27 33 34
36 37 38 39 40
35 36 40 41 42 43 44 45
11 12 13 14 15 16 17 18 19 20 21 22 23
8 9 10 11 23 24
5 6 7 8 24 34 35 45 46
2 3 4 5 46 47 48
0 1 2 48 49
50 51 52 53 54
0 18 110
1 54 62
2 146 36
3 192 15
4 222 35
5 254 64
6 334 28
7 379 23
8 400 67
9 496.525 78.7976
10 590 190
11 563 266
12 592 320
13 602 348
14 607 369
15 611 391
16 613 405
17 613 434.25
18 515 443
19 486 432
20 465 419
21 432 396
22 427 383
23 481 295
24 427 263
25 450 278
26 446 314
27 369 409
28 447 422
29 472 432
30 472 459
31 439 469
32 374.9 469
33 332 447
34 331 395
35 276 359
36 242 355
37 227 416
38 141 414
39 127 362
40 191 339
41 125 237
42 116 195
43 128 157
44 174 147
45 196 162
46 205 109
47 155 96
48 135 72
49 33 125
50 66 244
51 107 294
52 97 318
53 55 331
54 54 261
55 27.7872 234.787
