Duration[s]: 487.937 Porcentaje: 0.700908 TerminoTodo: 1
Convexos: 4 VerticesConvexos: 44
0 1 2 3 31 32 33 34 35 36 37
13 14 15 16 17 18 19 20 21 22 23 24 25 26 27 28
7 8 9 10 11 12 13 28 29
3 4 5 6 7 29 30 31
0 78 334
1 88 270
2 112 190
3 167 164
4 178 30
5 180.379 24.2331
6 224 23
7 260 62
8 328 28
9 507 15
10 543.118 15
11 569 37
12 556 132
13 504 154
14 559 204
15 574 228
16 606 285
17 606 337.333
18 590.201 395.265
19 450 418
20 416 420
21 375 413
22 336 397
23 297 363
24 276 332
25 266 299
26 262 262
27 278 230
28 352 149
29 303 123
30 286 167
31 225 205
32 247 343
33 242 377
34 236 385
35 221 391
36 176 387
37 129.048 380.544
