Duration[s]: 3601.33 Porcentaje: 0.805986 TerminoTodo: 0
Convexos: 10 VerticesConvexos: 88
0 1 25 26 62 63 64 65 66 67 68 69
10 11 12 13 14 15 16 17 18 19 20 21 22
5 6 7 8 9 10 22 23
1 2 3 4 5 23 24 25
31 32 33 34 35 36 37 38
28 29 30 31 38 39
45 46 47 48 49 50 51 52 53
41 42 43 44 45 53 54
40 41 54 55 56 57 58 59 60 61 62
26 27 28 39 40 62
0 116 372
1 180 310
2 131 314
3 97 305
4 97 270
5 150 239
6 95 213
7 90 208
8 82 190
9 93 169
10 143 128
11 101 108
12 75 75
13 95 60
14 207.241 25
15 264 25
16 355 38
17 382 52
18 385 69
19 385 79
20 362 109
21 327 127
22 203 154
23 214 202
24 236 210
25 222 286
26 267 311
27 300 268
28 328 239
29 320 189
30 377 158
31 444 133
32 477 82
33 489 68
34 603 80
35 601 105
36 596 124
37 530 155
38 445 176
39 374 238
40 368 269
41 424 301
42 475 268
43 476 268
44 561 321
45 538 374
46 626 345
47 600.407 397.466
48 517 463
49 484 479
50 483 478
51 470 445
52 465 424
53 494 397
54 457 355
55 443 396
56 424 443
57 402 462
58 395 463
59 384 464
60 365 465
61 362 447
62 348 356
63 332 432
64 296 465
65 284 473
66 252 476
67 159 479
68 140.738 479
69 95 417
