Duration[s]: 3600.06 Porcentaje: 0.501364 TerminoTodo: 0
Convexos: 5 VerticesConvexos: 40
0 27 28 29 30 31
3 4 5 6 7 8 9
14 15 16 17 18 19 20 21 22 23 24
2 3 9 10 11 12 13 14 24 25
0 1 2 25 26 27
0 62 192
1 66 162
2 90.9443 80.0401
3 164.206 27.2919
4 311 16
5 491.245 36.898
6 574 70
7 528 76
8 468 82
9 378 71
10 498 117
11 530 181
12 553 298
13 552 320
14 470 374
15 430.425 432.57
16 296 443
17 240 425
18 162 395
19 134 367
20 120 344
21 124 327
22 139 301
23 189 218
24 210 207
25 164 166
26 135 205
27 78 254
28 85 282
29 101 401
30 68.0173 414.493
31 62 243
