Duration[s]: 551.215 Porcentaje: 0.606606 TerminoTodo: 1
Convexos: 6 VerticesConvexos: 47
0 1 30 31 32 33 34 35 36
5 6 7 8 9 10 11 12
4 5 12 13
16 17 18 19 20 21 22 23 24
24 25 26 27 28 29
1 2 3 4 13 14 15 16 24 29 30
0 30 282
1 73 218
2 37 159
3 31 110
4 130 120
5 178 108
6 128 79
7 197.667 60
8 473.75 60
9 512 77
10 586 143
11 557 196
12 484 205
13 498 266
14 568 300
15 567 330
16 506 357
17 535 386
18 550 411
19 560 443
20 559.394 449.991
21 559 450
22 493 451
23 466 432
24 437 384
25 380 431
26 305 456
27 288 425
28 281 406
29 347 366
30 240 310
31 239 424
32 211 435
33 92 432
34 42 428
35 25.7812 426.273
36 17 367
