Duration[s]: 3601.25 Porcentaje: 0.800356 TerminoTodo: 0
Convexos: 9 VerticesConvexos: 81
0 1 61 62 63 64
15 16 17 18 19 20 21 22 23 24 25 26 27 28
33 34 35 36 37 38 39 40 41
32 33 41 42 43 44 45 46
47 48 49 50 51 52 53 54 55
29 30 31 32 46 47 55 56
7 8 9 10 11 12 13 14 15 28 29 56
6 7 56 57 58 59
1 2 3 4 5 6 59 60 61
0 78 61
1 208 46
2 233 42
3 333.827 45.4768
4 387 71
5 388 75
6 389 83
7 437 103
8 462 98
9 560 139
10 599 191
11 612.282 285.078
12 620 406
13 618.712 412.438
14 585.355 427.032
15 536 438
16 483 443
17 466 444
18 446 440
19 427 436
20 418 433
21 406 428
22 392 420
23 373 400
24 372 386
25 377 359
26 417 352
27 458 353
28 464 357
29 436 287
30 348 320
31 305 328
32 196 336
33 174 415
34 264 371
35 368 439
36 381 451
37 383 466
38 364 476
39 308 479
40 211.462 476.391
41 139 459
42 109 446
43 102 427
44 102 405
45 140 321
46 177 308
47 208 274
48 129 261
49 82 228
50 180 132
51 199 116
52 224 112
53 249 115
54 291 136
55 333 202
56 432 159
57 364 156
58 335 116
59 330 90
60 283 95
61 223 63
62 118 132
63 47 159
64 38 140
