Duration[s]: 3601.5 Porcentaje: 0.901745 TerminoTodo: 0
Convexos: 11 VerticesConvexos: 100
0 1 2 74 75 76 77 78 79
5 6 7 8 9
12 13 14 15 16 17 18 19 20
27 28 29 30 31 32 33 34 35
36 37 38 39 40 41 42 43 44 45 46
47 48 49 50 51 52 53 54 55 56 57
27 35 36 46 47 57 58
10 11 12 20 21 22 23 24 25 26 27 58 59
60 61 62 63 64 65 66 67 68 69 70 71 72
5 9 10 59 60 72 73
2 3 4 5 73 74
0 50 370
1 53 351
2 79 295
3 82 270
4 86 244
5 117 199
6 85 161
7 133 150
8 161 174
9 175 193
10 263 214
11 231 152
12 224 135
13 214 167
14 179 163
15 74 114
16 57 102
17 63.1838 49.4373
18 159 54
19 202 70
20 229 98
21 294 54
22 326 48
23 416.714 48
24 483 72
25 504 88
26 515 107
27 550 195
28 551 165
29 554 122
30 565 107
31 581.85 107
32 594 161
33 594 177
34 589 192
35 569 203
36 570 241
37 594 249
38 605 256
39 613 267
40 616 288
41 584.936 365.123
42 555 387
43 534 383
44 516 373
45 511 360
46 511 342
47 480 392
48 527 395
49 533 404
50 536 419
51 533.876 433.868
52 462 449
53 433 448
54 394 436
55 381 426
56 379 406
57 381 386
58 414 345
59 353 330
60 318 361
61 345 402
62 355 425
63 350 435
64 346 438
65 313 444
66 277 443
67 232 435
68 200 416
69 191 401
70 191 377
71 195 361
72 220 317
73 163 284
74 104 313
75 157 369
76 170 426
77 125 447
78 67.1333 426.333
79 51 397
