Duration[s]: 3600.39 Porcentaje: 0.506481 TerminoTodo: 0
Convexos: 3 VerticesConvexos: 35
0 1 2 3 4 22 23 29 30
4 5 6 7 8 9 10 11 12 13 14 15 16 17 18 19 20 21 22
23 24 25 26 27 28 29
0 33.3988 29.3093
1 87 22
2 422 33
3 516.703 53.7884
4 569 219
5 585 249
6 612 368
7 612 437.619
8 480.2 469
9 308.062 469
10 240 436
11 211 415
12 188 385
13 184 377
14 183 363
15 182 345
16 183 321
17 187 305
18 220 264
19 225 260
20 242 254
21 265 251
22 390 236
23 91 251
24 109 274
25 159 342
26 149 394
27 70.3416 414.869
28 53 291
29 52 206
30 30 146
