Duration[s]: 3600.61 Porcentaje: 0.501786 TerminoTodo: 0
Convexos: 6 VerticesConvexos: 44
0 1 25 26 30 31 32 33
9 10 11 12 13 14 15 16 17 18 19
2 3 4 5 6 7 8 9 19 20
22 23 24 25
1 2 20 21 22 25
26 27 28 29 30
0 23 337
1 57 314
2 20 131
3 15 88
4 52 60
5 184 23
6 301 18
7 525.529 23.1029
8 593.112 49.3089
9 580 130
10 631 202
11 640 216.625
12 640 243.381
13 555 296
14 448 319
15 428 317
16 285 259
17 258 178
18 256 165
19 307 158
20 160 172
21 241 228
22 301 282
23 319 279
24 334 285
25 370 346
26 499 364
27 540 333
28 568 329
29 612 342
30 623.802 473
31 318 473
32 100.635 463.246
33 15.1627 381.411
