Duration[s]: 3601.14 Porcentaje: 0.901542 TerminoTodo: 0
Convexos: 8 VerticesConvexos: 70
0 1 2 3 39 40 53 54 55
21 22 23 24 25 26 27
13 14 15 16 17 18 19 20 21 27 28
4 5 6 7 8 9 10 11 12 13 28 29
3 4 29 30 31 32 33 34 35 36 37 38 39
42 43 44 45 46 47 48
41 42 48 49
40 41 49 50 51 52 53
0 120.207 42.6322
1 214 27
2 227 42
3 237 100
4 301 99
5 295 57
6 311 45
7 359 35
8 409 32
9 466.129 33.6803
10 504 63
11 512 82
12 526 117
13 513 155
14 557 199
15 574 224
16 577 236
17 577 311.571
18 518.313 371.935
19 470 410
20 454 417
21 411 428
22 379 462
23 348 475
24 331 478
25 326 449
26 328 423
27 389 389
28 362 338
29 339 326
30 340 371
31 339 396
32 337 404
33 304 422
34 279 425
35 241 422
36 205 405
37 192 373
38 191 345
39 193 291
40 139 297
41 184 396
42 240 434
43 259 475
44 193 479
45 70.75 479
46 63 448
47 68 424
48 132 422
49 115 393
50 59 374
51 58 343
52 73 287
53 89 246
54 48 204
55 8 158
