Duration[s]: 3602.29 Porcentaje: 0.601115 TerminoTodo: 0
Convexos: 3 VerticesConvexos: 35
0 1 2 3 24 25 26 27 28 29 30
10 11 12 13 14 15 16 17 18 19 20 21 22 23
3 4 5 6 7 8 9 10 23 24
0 78 334
1 88 270
2 112 190
3 167 164
4 178 30
5 180.379 24.2331
6 507 15
7 543.118 15
8 569 37
9 556 132
10 504 154
11 559 204
12 574 228
13 606 285
14 606 392.703
15 450 418
16 416 420
17 375 413
18 336 397
19 297 363
20 276 332
21 266 299
22 262 262
23 278 230
24 225 205
25 247 343
26 242 377
27 236 385
28 221 391
29 176 387
30 129.048 380.544
