Duration[s]: 3604.32 Porcentaje: 0.803226 TerminoTodo: 0
Convexos: 9 VerticesConvexos: 69
0 18 19 20 21 52
8 9 10 11 12 13 14 15
4 5 6 7 8 15 16
0 1 2 3 4 16 17 18
23 24 25 26 27
33 34 35 36 37 38 39 40
22 23 27 28 29 30 31 32 33 40
21 22 40 41 42 43 44 45 46 47 48
21 48 49 50 51 52
0 48 116
1 87 78
2 173 37
3 214 44
4 274 62
5 300 47
6 322 37
7 345 33
8 429 59
9 481 84
10 466 130
11 457 154
12 450 155
13 432 144
14 417 117
15 416 95
16 370 96
17 232 161
18 92 131
19 165 186
20 165 210
21 138 227
22 264 277
23 300 224
24 247 189
25 292 144
26 409 111
27 448 169
28 498 169
29 511 174
30 535 189
31 567 223
32 545 246
33 479 303
34 518 298
35 531 309
36 544 337
37 486.849 437.635
38 446 435
39 430 428
40 350 390
41 328 412
42 225 439
43 185 440
44 165 432
45 121.482 397.807
46 105 374
47 101 363
48 110 316
49 74 281
50 61 265
51 47 199
52 38 133
