Duration[s]: 3603.84 Porcentaje: 0.901356 TerminoTodo: 0
Convexos: 14 VerticesConvexos: 97
0 1 13 14 52 53 70
1 2 3 4 5 6 7 8 9 10 11 12 13
21 22 23
23 24 25 26 27
16 17 18 19 20 21 23 27 28 29 30
31 32 33 34 35 36 37
40 41 42 43 44 45 46 47 48 49
39 40 49 50
38 39 50 51 52
14 15 16 30 31 37 38 52
54 55 56 57 58 59 60
61 62 63 64 65
66 67 68 69 70
53 54 60 61 65 66 70
0 48 200
1 93 175
2 75 143
3 67 113
4 73 86
5 149 77
6 163 76
7 182 78
8 210 93
9 219 107
10 219 131
11 211 150
12 197 157
13 144 179
14 192 204
15 224 179
16 260 159
17 231 111
18 228 97
19 258 72
20 307 57
21 361 56
22 452 48
23 456 74
24 513 48
25 558 62
26 550 95
27 523 117
28 568 153
29 524 177
30 454 193
31 478 198
32 543 209
33 574 222
34 608 239
35 563 267
36 528 269
37 483 253
38 445 266
39 436 302
40 482 322
41 531 296
42 581 288
43 599 317
44 613 358
45 600 386
46 530 415
47 462 428
48 399 419
49 362 399
50 337 352
51 314 332
52 337 283
53 261 299
54 290 370
55 333 393
56 354 424
57 322 443
58 295 449
59 275 447
60 241 398
61 190 387
62 220 429
63 210 442
64 128 413
65 146 358
66 135 321
67 101 345
68 61 337
69 52 304
70 125 278
