Duration[s]: 3600.17 Porcentaje: 0.900444 TerminoTodo: 0
Convexos: 16 VerticesConvexos: 99
0 66 67 68
17 18 19 20 21 22
23 24 25 26 27 28 29 30
16 17 22 23 30 31
14 15 16 31 32
12 13 14 32 33 34
9 10 11 12 34 35
6 7 8 9 35 36 37
3 4 5 6 37 38
40 41 42 43 44 45 46 47 48 49 50 51
51 52 53 54 55
40 51 55 56 57 58
2 3 38 39 40 58 59
0 1 2 59 60
61 62 63 64 65 66
0 60 61 66
0 54 383
1 28 347
2 31 234
3 50 197
4 32 128
5 94 104
6 159 117
7 112 60
8 150 56
9 207 90
10 238 53
11 253 39
12 293 40
13 397 23
14 432 41
15 529.742 65.0814
16 557 215
17 522 259
18 559 275
19 574 306
20 553 339
21 489 340
22 477 302
23 442 261
24 342 218
25 325 186
26 319 160
27 318 131
28 378 129
29 420 130
30 451 141
31 481 116
32 459 84
33 336 99
34 276 92
35 260 137
36 261 162
37 256 172
38 231 219
39 285 229
40 282 291
41 329 256
42 402 269
43 418 278
44 523 380
45 523 393
46 521.568 430.238
47 425.667 460
48 375 460
49 359 437
50 328 391
51 310 359
52 293 414
53 245 435
54 182 400
55 234 366
56 184 341
57 160 314
58 152 290
59 89 286
60 86 394
61 135 423
62 192 440
63 266 469
64 226 479
65 172 473
66 102 417
67 84 468
68 26 427
