Duration[s]: 1870.23 Porcentaje: 0.600604 TerminoTodo: 1
Convexos: 5 VerticesConvexos: 43
0 1 21 22 28 29 30 31 32 33 34
9 10 11 12 13 14 15 16 17 18 19
5 6 7 8 9 19
1 2 3 4 5 19 20 21
22 23 24 25 26 27 28
0 116 372
1 180 310
2 131 314
3 97 305
4 97 270
5 150 239
6 95 213
7 90 208
8 82 190
9 101 108
10 75 75
11 95 60
12 207.241 25
13 264 25
14 355 38
15 382 52
16 385 69
17 385 79
18 362 109
19 214 202
20 236 210
21 222 286
22 328 239
23 320 189
24 489 68
25 603 80
26 601 105
27 596 124
28 374 238
29 476 268
30 626 345
31 600.407 397.466
32 496.636 479
33 140.738 479
34 95 417
