Duration[s]: 3606.07 Porcentaje: 0.90335 TerminoTodo: 0
Convexos: 10 VerticesConvexos: 87
0 63 64 65 66
2 3 4 5 6 7 8 9 10
26 27 28 29 30 31 32 33 34 35 36
21 22 23 24 25 26 36 37 38 39
12 13 14 15 16 17 18 19 20 21 39 40
10 11 12 40 41
54 55 56 57 58 59 60 61 62
48 49 50 51 52 53
2 10 41 42 43 44 54 62 63
0 1 2 44 45 46 47 48 53 54 63
0 111 255
1 85 193
2 112 180
3 80 122
4 79 116
5 92.1704 74.2936
6 151 79
7 162 85
8 170 93
9 173 97
10 189 136
11 202 91
12 214 80
13 229 70
14 264 53
15 279 48
16 345.706 30
17 466.4 30
18 543.182 39.8439
19 584 92
20 573 117
21 535 172
22 569 218
23 589 248
24 591 259
25 588.235 306.012
26 557 331
27 511.229 376.771
28 445 382
29 409 364
30 408 358
31 411 342
32 421 335
33 433 329
34 457 318
35 475 312
36 498 312
37 479 276
38 472 262
39 451 157
40 399 143
41 313 149
42 412 168
43 433 197
44 408 242
45 457 257
46 467 268
47 427 318
48 372 339
49 381 357
50 376 374
51 326 394
52 290 392
53 311 336
54 265 319
55 264 356
56 256 374
57 236 387
58 211 388
59 162.637 385.802
60 128 349
61 115 327
62 181 313
63 160 277
64 112 287
65 92 289
66 57 264
