Duration[s]: 3602.83 Porcentaje: 0.901693 TerminoTodo: 0
Convexos: 13 VerticesConvexos: 100
0 1 2 3 4 5 6 72 73 74 75
22 23 24 25 26 27 28 29 30 31 32
20 21 22 32 33
16 17 18 19 20 33 34 35
11 12 13 14 15 16
6 7 8 9 10 11 16 35 36 37
42 43 44 45 46 47 48 49
51 52 53 54 55 56 57 58
59 60 61 62 63
50 51 58 59 63
49 50 63 64 65 66
40 41 42 49 66 67 68 69
6 37 38 39 40 69 70 71 72
0 14 103
1 73 62
2 83 60
3 112 61
4 134 68
5 140 71
6 166 124
7 182 68
8 190 63
9 202 60
10 296 44
11 363 68
12 376 57
13 428 67
14 440 75
15 483 111
16 389 142
17 455 153
18 579 179
19 574 202
20 539 248
21 547 282
22 513 293
23 535 317
24 553 385
25 535 425
26 479 446
27 435 435
28 378 417
29 341 386
30 332 356
31 353 331
32 420 315
33 416 280
34 388 256
35 328 198
36 312 208
37 237 192
38 255 241
39 256 265
40 241 288
41 272 329
42 249 362
43 305 392
44 318 411
45 321 425
46 312 425
47 275 422
48 240 415
49 211 353
50 189 397
51 202 419
52 277 453
53 282 472
54 216 479
55 179 477
56 167 463
57 161 430
58 163 415
59 136 382
60 139 439
61 88 427
62 102 386
63 128 372
64 78 349
65 77 322
66 113 310
67 92 286
68 85 247
69 154 252
70 143 244
71 118 219
72 97 186
73 64 204
74 41 202
75 9 112
