Duration[s]: 3600.66 Porcentaje: 0.703707 TerminoTodo: 0
Convexos: 8 VerticesConvexos: 53
0 1 36 37 38
7 8 9 10 11
19 20 21 22 23 24 25 26 27 28 29 30
12 13 14 15 16 17 18 19 30 31
6 7 11 12 31 32
4 5 6 32 33
1 2 3 4 33
1 33 34 35 36
0 29 222
1 32.7637 32.5597
2 203 18
3 230 25
4 234 38
5 330 14
6 364 71
7 405 44
8 431 34
9 532.383 23.7334
10 563 99
11 544 109
12 539 155
13 551 173
14 582 326
15 565 389
16 536 414
17 493 415
18 441 407
19 373 338
20 388 411
21 380 439
22 336 440
23 164 437
24 119.051 407.399
25 79 335
26 95 261
27 137 200
28 238 150
29 335 229
30 350 267
31 376 208
32 303 132
33 174 68
34 177 114
35 158 131
36 86 126
37 62 253
38 30 240
