Duration[s]: 3601.72 Porcentaje: 0.701159 TerminoTodo: 0
Convexos: 8 VerticesConvexos: 74
0 1 2 3 4 5 6 7 8 57 58 59
11 12 13 14 15 16 17
10 11 17 18 19 20 21 22 23 24 25
26 27 28 29 30 31
25 26 31 32 33 34 35 36
10 25 36 37 38 39 40 41 42 43 44 45
9 10 45 46 47 48 49 50 51 52
8 9 52 53 54 55 56 57
0 79 225
1 101 199
2 140 183
3 195 174
4 253 194
5 299 220
6 306 250
7 266 286
8 232 305
9 285 326
10 369 224
11 153 113
12 140 137
13 98 167
14 62 151
15 38 102
16 79 76
17 138 96
18 211 54
19 254 56
20 281 59
21 299 62
22 348 87
23 372 101
24 392 149
25 388 182
26 417 109
27 368 90
28 422 63
29 454 69
30 466 76
31 471 84
32 544 60
33 575 73
34 610 104
35 613 149
36 543 176
37 571 198
38 581 221
39 612 301
40 617 368
41 599.952 403.232
42 539 423
43 477 412
44 462 391
45 388 267
46 413 337
47 417 367
48 408 386
49 377 401
50 355 408
51 329 410
52 212 416
53 175 422
54 118 416
55 79 392
56 76 355
57 106 330
58 65 295
59 60 269
