Duration[s]: 3602.77 Porcentaje: 0.804566 TerminoTodo: 0
Convexos: 11 VerticesConvexos: 77
0 10 11 53 54 55 56
2 3 4 5 6 7 8 9
0 1 2 9 10
12 13 14 15 16 17 18
20 21 22 23 24 25 26 27
35 36 37 38 39 40 41 42 43 44
34 35 44 45
32 33 34 45 46 47 48 49
27 28 29 30 31 32 49
19 20 27 49 50 51
11 12 18 19 51 52 53
0 70 198
1 60.052 94.789
2 146 68
3 151.469 21.514
4 323 17
5 349 32
6 321 58
7 310 62
8 262 67
9 211 71
10 182 104
11 212 132
12 270 131
13 314 91
14 383 41
15 418 41
16 453 75
17 399 113
18 363 132
19 419 167
20 443 152
21 443 115
22 478 83
23 489 75
24 499 70
25 556.938 119.986
26 553 183
27 511 236
28 545 245
29 563 259
30 576 324
31 576 439.873
32 491 479
33 363.571 479
34 315 459
35 214 403
36 206 438
37 170 441
38 61.5984 408.008
39 80 316
40 86 302
41 99 281
42 127 270
43 169 270
44 215 284
45 241 322
46 298 277
47 353 291
48 416 336
49 460 368
50 424 329
51 369 218
52 307 251
53 181 235
54 155 247
55 76 261
56 37 227
