Duration[s]: 3601.51 Porcentaje: 0.900216 TerminoTodo: 0
Convexos: 6 VerticesConvexos: 87
0 1 2 3 4 5 6 71 72 73 74 75 76
7 8 9 10 11 12 13 14 15 16 17 18 19 20 21 22 23 24 25 26
27 28 29 30 31 32 33 34 35 36 37 38 39 40 41 42 43 44 45 46
47 48 49 50 51 52 53 54 55 56 57 58 59 60
27 46 47 60 61 62 63 64 65
6 7 26 27 65 66 67 68 69 70 71
0 33 259
1 57 247
2 63 247
3 109 265
4 123 271
5 148 283
6 188 307
7 248 259
8 218 270
9 195 268
10 170 259
11 148 245
12 142 240
13 130 226
14 117 181
15 116 161
16 115 60
17 140 64
18 179 73
19 214 83
20 228 88
21 234 93
22 261 117
23 269 134
24 273 143
25 276 157
26 285 231
27 292 238
28 293 131
29 296 117
30 303 108
31 314 97
32 341 80
33 364 70
34 410 55
35 437 48
36 461 44
37 494 40
38 550 40
39 582 49
40 606 59
41 599 82
42 587 110
43 574 125
44 550 145
45 420 212
46 355 239
47 402 248
48 477 210
49 494 203
50 512 202
51 531 207
52 564 222
53 605 268
54 631 372
55 625.325 390.443
56 579.185 400.862
57 531 408
58 511 405
59 483 379
60 447 322
61 435 384
62 390 404
63 363 385
64 313 333
65 300 319
66 267 348
67 253 359
68 240 368
69 191 376
70 166 378
71 154 350
72 116 382
73 95 383
74 52 361
75 35 348
76 33 313
