Duration[s]: 3600.53 Porcentaje: 0.901069 TerminoTodo: 0
Convexos: 10 VerticesConvexos: 67
0 1 46 47 48
13 14 15 16 17 18
33 34 35 36 37 38
32 33 38 39 40
31 32 40 41 42 43
20 21 22 23 24 25 26 27 28 29 30 31 43
19 20 43 44
8 9 10 11 12 13 18 19 44
4 5 6 7 8 44 45
1 2 3 4 45 46
0 21 227.783
1 75 182
2 59 142
3 69.9322 76.4068
4 164 67
5 184 39
6 205 15
7 254 39
8 290 58
9 322 40
10 332 36
11 396.937 21.5696
12 516.407 78.9153
13 538 173
14 588 240.949
15 588 368.875
16 554 388
17 522 387
18 475 274
19 389 206
20 391 234
21 402 241
22 472 299
23 489 315
24 490 343
25 489 362
26 449 383
27 404 390
28 390 390
29 367 378
30 305 326
31 290 276
32 233 282
33 248 367
34 331 397
35 337 414
36 264 432
37 196 425
38 145 384
39 146 322
40 207 284
41 194 224
42 206 183
43 322 215
44 309 131
45 175 90
46 170 174
47 105 276
48 21 284
