Duration[s]: 3601.81 Porcentaje: 0.900477 TerminoTodo: 0
Convexos: 8 VerticesConvexos: 68
0 1 38 39 40 41 50 51 52 53
13 14 15 16 17
11 12 13 17 18 19 20
9 10 11 20 21 22 23 24
8 9 24 25 26 27 28 29 30 31 32 33 34 35 36
7 8 36 37
1 2 3 4 5 6 7 37 38
41 42 43 44 45 46 47 48 49 50
0 24 307
1 57 305
2 38 262
3 50 245
4 72 230
5 101 213
6 140 198
7 201 233
8 279 246
9 335 235
10 316 188
11 410 114
12 323 95
13 290 87
14 235 114
15 219 74
16 242 64
17 312 61
18 369 41
19 394.216 41
20 505.213 80.8728
21 544 216
22 541 248
23 523 261
24 485 279
25 523 313
26 527 318
27 532 328
28 541 349
29 541 357
30 536.286 375.857
31 530 379
32 510 383
33 493 385
34 465 385
35 444 380
36 323 333
37 228 325
38 155 339
39 209 359
40 236 370
41 250 414
42 346 383
43 358 383
44 370 400
45 370 422
46 359 440
47 323 455
48 268 470
49 243 473
50 221 467
51 80 467
52 34.0727 450.597
53 19 386
