Duration[s]: 3600.45 Porcentaje: 0.900403 TerminoTodo: 0
Convexos: 8 VerticesConvexos: 77
0 1 2 46 61 62
14 15 16 17 18 19 20 21 22 23 24 25 26 27
27 28 29 30 31 32
32 33 34 35 36 37 38 39 40 41 42 43 44
14 27 32 44 45
2 3 4 5 6 7 8 9 10 11 12 13 14 45 46
47 48 49 50 51 52 53 54 55 56 57 58
46 47 58 59 60 61
0 80 105.762
1 110.753 63.2929
2 185 77
3 281 30
4 310.935 22.7742
5 373 18
6 390 20
7 416 24
8 428 26
9 445 33
10 460 40
11 468 47
12 487 68
13 492 82
14 498 175
15 506 123
16 513 86
17 519 70
18 530 55
19 544 41
20 553 35
21 558 34
22 591.896 35.784
23 616 86
24 624 216
25 624 228
26 618 237
27 541 279
28 610.158 340.614
29 522 370
30 511 366
31 480 347
32 402 249
33 407 308
34 408 365
35 393 372
36 377 378
37 334.694 373.165
38 302 349
39 295 322
40 293 291
41 292 275
42 293 259
43 303 247
44 332 230
45 250 145
46 217 134
47 197 182
48 228 162
49 242 159
50 260 165
51 266 172
52 267 177
53 268 187
54 267 201
55 258 210
56 211 226
57 192 228
58 141 230
59 127.842 224.737
60 121 196
61 135 183
62 80 131.235
