Duration[s]: 3600.28 Porcentaje: 0.610297 TerminoTodo: 0
Convexos: 11 VerticesConvexos: 75
0 1 2 3 16 17 29 30 53 54
34 35 36 37 38 39 40 41
33 34 41 42 43 44 45 46 47
32 33 47 48 49 50
31 32 50 51
30 31 51 52 53
17 18 19 20 21 22 23 24 25 26
17 26 27 28 29
7 8 9 10 11 12
6 7 12 13 14 15
3 4 5 6 15 16
0 -0 199.738
1 49.7891 13.6216
2 83 24
3 183 80
4 235 29
5 277 24
6 500 11
7 547.96 15.9614
8 631 95.8077
9 631 279
10 547 318
11 501 327
12 505 265
13 372 201
14 363 171
15 370 123
16 227 233
17 246 341
18 296 301
19 335 296
20 352 305
21 362 316
22 366 336
23 368 355
24 360 405
25 323 430
26 184 445
27 155 412
28 154 379
29 182 354
30 98 359
31 177 451
32 370 433
33 385 334
34 320 274
35 258 313
36 238 290
37 241 259
38 259 236
39 282 223
40 326 206
41 337 204
42 432 230
43 454 242
44 479 256
45 494 278
46 492 299
47 429 339
48 517 387
49 519.673 437.793
50 375.586 480
51 184.308 480
52 67.4494 453.348
53 34 353
54 0 323
