Duration[s]: 3600.46 Porcentaje: 0.80018 TerminoTodo: 0
Convexos: 12 VerticesConvexos: 94
0 1 2 3 4 5 6 7 8 69 70 71
11 12 13 14 15 16 17
10 11 17 18 19 20 21 22 23 24 25
26 27 28 29 30 31 32
25 26 32 33 34
35 36 37 38 39 40 41
34 35 41 42
47 48 49 50 51 52 53 54
45 46 47 54 55
10 25 34 42 43 44 45 55 56 57 58 59
9 10 59 60 61 62 63 64
8 9 64 65 66 67 68 69
0 79 225
1 101 199
2 140 183
3 195 174
4 253 194
5 299 220
6 306 250
7 266 286
8 232 305
9 285 326
10 369 224
11 153 113
12 140 137
13 98 167
14 62 151
15 38 102
16 79 76
17 138 96
18 211 54
19 254 56
20 281 59
21 299 62
22 348 87
23 372 101
24 392 149
25 388 182
26 417 109
27 368 90
28 422 63
29 454 69
30 466 76
31 471 84
32 481 114
33 480 139
34 443 179
35 527 137
36 505 96
37 500 79
38 544 60
39 575 73
40 610 104
41 613 149
42 543 176
43 571 198
44 581 221
45 579 249
46 612 301
47 617 368
48 602 399
49 576 411
50 539 423
51 477 412
52 462 391
53 558 366
54 575 363
55 571 333
56 555 354
57 500 358
58 444 329
59 388 267
60 413 337
61 417 367
62 408 386
63 377 401
64 355 408
65 175 422
66 118 416
67 79 392
68 76 355
69 106 330
70 65 295
71 60 269
