Duration[s]: 3601.99 Porcentaje: 0.902079 TerminoTodo: 0
Convexos: 19 VerticesConvexos: 138
0 1 2 3 27 28 101
4 5 6 7 8 9 10 11 12
16 17 18 19 20 21 22 23 24 25 26 27
3 4 12 13 14 15 16 27
38 39 40 41 42 43 44 45 46 47
37 38 47 48
57 58 59 60 61 62 63 64
56 57 64 65
48 49 50 51 52 53 54 55 56 65 66 67 68
36 37 48 68 69
77 78 79 80 81
77 81 82 83 84
76 77 84 85 86
70 71 72 73 74 75 76 86
33 34 35 36 69 70 86
32 33 86 87
32 87 88 89 90 91 92 93
31 32 93 94 95 96 97 98 99
28 29 30 31 99 100 101
0 22 186.615
1 38 178
2 87 181
3 146 186
4 140 151
5 116 133
6 80 100
7 74 71
8 144.552 9
9 206.125 9
10 213 20
11 214 39
12 182 95
13 254 168
14 256 175
15 257 186
16 258 199
17 256 212
18 242 255
19 239 264
20 227 274
21 199 280
22 186 280
23 165 265
24 164 254
25 164 241
26 168 237
27 172 235
28 118 231
29 142 253
30 160 271
31 168 304
32 268 341
33 313 306
34 269 268
35 305 229
36 394 222
37 343 160
38 259 142
39 237 144
40 225 138
41 222 120
42 221 96
43 226 79
44 260 61
45 275 56
46 293 55
47 323 102
48 364 113
49 380 72
50 386 68
51 391 66
52 409 65
53 434 65
54 528 78
55 548 88
56 547 120
57 567 78
58 610 62
59 639 62.6404
60 639 187
61 596 197
62 571 190
63 559 180
64 557 147
65 511 205
66 466 220
67 448 217
68 406 203
69 414 228
70 452 243
71 556 235
72 574 254
73 564 269
74 543 288
75 506 312
76 492 317
77 560 332
78 572 300
79 623 302
80 632.901 402.663
81 551 425
82 543 445
83 469 427
84 486 389
85 379 335
86 378 301
87 323 337
88 346 345
89 390 362
90 427 377
91 420 418
92 413 431
93 324 405
94 316 419
95 304 431
96 270.619 431
97 185 402
98 125 355
99 119 330
100 64.1259 326.342
101 22 212
