Duration[s]: 3604.92 Porcentaje: 0.801406 TerminoTodo: 0
Convexos: 5 VerticesConvexos: 42
0 1 2 3 31 32 33
10 11 12 13 14 15 16 17
9 10 17 18 19 20 21 22 23 24
8 9 24 25 26 27 28 29
3 4 5 6 7 8 29 30 31
0 61 53.3425
1 86 53
2 114 60
3 199 89
4 226 54
5 232 51
6 263 80
7 268 108
8 240 177
9 274 204
10 337 236
11 420 105
12 453 95
13 541 90
14 566 124
15 570 272
16 569 287
17 539 354
18 576 381
19 591 393
20 587 405
21 580 409
22 527 404
23 447 372
24 383 339
25 407 405
26 361 424
27 217 388
28 205 374
29 182 287
30 162 270
31 145 205
32 85 144
33 61 59
