Duration[s]: 3600.55 Porcentaje: 0.801179 TerminoTodo: 0
Convexos: 4 VerticesConvexos: 42
0 1 2 3 4 5 20 21 32 33 34 35
8 9 10 11 12 13 14 15 16 17 18 19
5 6 7 8 19 20
21 22 23 24 25 26 27 28 29 30 31 32
0 5 317
1 11.6398 180.22
2 78.719 101.101
3 153.062 50.412
4 279 17
5 374 16
6 509.879 24.8617
7 538 57
8 465 106
9 568 207.98
10 568 246
11 552 260
12 528 271
13 514 274
14 492 278
15 459 275
16 430 265
17 414 243
18 394 162
19 385 85
20 371 37
21 318 266
22 366 282
23 426 306
24 449 320
25 460 341
26 461 362
27 460 381
28 443.151 403.466
29 372.985 436.042
30 290 444
31 255 446
32 215 440
33 108 479
34 32 479
35 7 354
