Duration[s]: 3600.77 Porcentaje: 0.700406 TerminoTodo: 0
Convexos: 5 VerticesConvexos: 42
0 1 2 3 4 14 15 30 31 32 33
4 5 6 7 8 9 10 11 12 13 14
23 24 25 26 27 28 29
16 17 18 19 20 21 22
15 16 22 23 29 30
0 40.2756 32.5377
1 110 24
2 224 33
3 246 39
4 331 91
5 346 76
6 399.16 56.5513
7 459 115
8 462 138
9 449 174
10 422 195
11 365 222
12 348 217
13 318 192
14 308 175
15 274 223
16 289 264
17 543 164
18 594 224
19 639 310.897
20 639 404.409
21 472 412
22 311 364
23 309 394
24 211 429
25 182.222 429
26 89.9383 371.72
27 93 336
28 101 328
29 190 344
30 174 311
31 124 277
32 92 238
33 34 100
