Duration[s]: 3600.16 Porcentaje: 0.700467 TerminoTodo: 0
Convexos: 4 VerticesConvexos: 38
0 18 19 20 21 22 23 24 25 26 27 30 31
27 28 29 30
7 8 9 10 11 12 13 14 15 16 17
0 1 2 3 4 5 6 7 17 18
0 11.6398 180.22
1 78.719 101.101
2 153.062 50.412
3 279 17
4 374 16
5 509.879 24.8617
6 538 57
7 464 152
8 547 188
9 566 206
10 568 232
11 560 253
12 552 260
13 528 271
14 514 274
15 492 278
16 459 275
17 294 235
18 274 242
19 426 306
20 449 320
21 460 341
22 461 362
23 460 381
24 448 397
25 392.565 429.609
26 363 437
27 171 456
28 108 479
29 32 479
30 7 354
31 5 317
