Duration[s]: 3600.99 Porcentaje: 0.612001 TerminoTodo: 0
Convexos: 5 VerticesConvexos: 41
0 1 2 3 13 14 31 32
15 16 17 18 19 20 21 22 23 24 25 26 27 28
14 15 28 29 30 31
3 4 5 6 7 8 9
3 9 10 11 12 13
0 18.4118 123.118
1 114 54
2 155 51
3 250 61
4 323 26
5 465.725 28.2836
6 598 89
7 569 128
8 528 137
9 426 143
10 424 154
11 398 166
12 352 149
13 276 100
14 233 306
15 341 311
16 303 241
17 282 200
18 299 176
19 317 162
20 479 186
21 502 190
22 516 196
23 622 247
24 633 455
25 599 475
26 533 455
27 499 434
28 359 332
29 422 478
30 422 479
31 184.404 479
32 13 161
