Duration[s]: 3600.69 Porcentaje: 0.702856 TerminoTodo: 0
Convexos: 7 VerticesConvexos: 58
0 1 2 3 13 14 41 42 43 44 45
27 28 29 30 31
24 25 26 27 31 32
15 16 17 18 19 20 21 22 23 24 32 33 34 35
14 15 35 36 37 38 39 40 41
3 4 5 6 7 8 9
3 9 10 11 12 13
0 18.4118 123.118
1 114 54
2 155 51
3 250 61
4 323 26
5 465.725 28.2836
6 598 89
7 569 128
8 528 137
9 426 143
10 424 154
11 398 166
12 352 149
13 276 100
14 233 306
15 341 311
16 303 241
17 282 200
18 299 176
19 317 162
20 479 186
21 502 190
22 516 196
23 557 216
24 555 281
25 622 247
26 618 404
27 563 425
28 633 455
29 599 475
30 533 455
31 499 434
32 496 359
33 457 374
34 418 365
35 359 332
36 422 478
37 422 479
38 233.727 479
39 165 443
40 159 423
41 181 386
42 144 348
43 116 318
44 81 276
45 13 161
