Duration[s]: 3604.72 Porcentaje: 0.904075 TerminoTodo: 0
Convexos: 15 VerticesConvexos: 93
0 62 63 64
3 4 5 6 7 8
13 14 15 16 17 18
9 10 11 12 13 18 19 20 21
24 25 26 27 28 29
23 24 29 30 31 32
36 37 38 39 40 41 42 43
44 45 46 47 48 49 50
33 34 35 36 43 44 50 51
22 23 32 33 51 52
21 22 52 53 54 55
8 9 21 55 56
57 58 59 60 61 62
3 8 56 57 62
0 1 2 3 62
0 17 367
1 30 282
2 48 263
3 125 266
4 73 218
5 37 159
6 31 110
7 147 225
8 150 254
9 173 222
10 87 163
11 80 150
12 130 120
13 178 108
14 128 79
15 183 64
16 222 60
17 239 95
18 235 108
19 306 112
20 319 128
21 283 169
22 360 184
23 377 167
24 363 132
25 315 93
26 353 70
27 476 61
28 512 77
29 522 114
30 586 143
31 557 196
32 484 198
33 498 266
34 568 300
35 567 330
36 506 357
37 535 386
38 550 411
39 560 443
40 559.567 449.991
41 493 451
42 466 432
43 437 384
44 387 397
45 385 418
46 380 431
47 305 456
48 288 425
49 281 406
50 374 334
51 375 298
52 335 289
53 303 339
54 240 310
55 251 242
56 185 294
57 185 323
58 236 349
59 239 359
60 239 424
61 211 435
62 96 405
63 92 432
64 25.8456 426.708
