Duration[s]: 3602.06 Porcentaje: 0.900852 TerminoTodo: 0
Convexos: 12 VerticesConvexos: 80
0 1 56 57
15 16 17 18 19 20 21
13 14 15 21 22 23
12 13 23 24 25
25 26 27 28
8 9 10 11 12 25 28 29
6 7 8 29 30 31
1 2 3 4 5 6 31
34 35 36 37 38 39 40 41 42 43 44 45
50 51 52 53 54
47 48 49 50 54 55 56
1 31 32 33 34 45 46 47 56
0 101 151
1 142 172
2 99 93
3 102 84
4 144 77
5 155 76
6 210 126
7 224 89
8 302 56
9 338 49
10 347 48
11 431 67
12 532 160
13 565 168
14 573 226
15 570 251
16 626 289
17 559 355
18 537 355
19 498 297
20 506 265
21 531 243
22 455 227
23 508 185
24 447 167
25 382 138
26 393 175
27 313 156
28 356 132
29 325 91
30 285 145
31 248 175
32 319 198
33 328 206
34 349 227
35 470 337
36 485 364
37 460 394
38 367.612 429.044
39 299 445
40 274 437
41 253 427
42 222 395
43 202 365
44 236 313
45 289 258
46 227 267
47 191 272
48 178 314
49 169 333
50 124 343
51 163 374
52 144 398
53 83 385
54 112 339
55 85 303
56 131 262
57 75 169
