Duration[s]: 3603.62 Porcentaje: 0.903215 TerminoTodo: 0
Convexos: 12 VerticesConvexos: 85
0 1 58 59 60 61 62
5 6 7 8 9 10
11 12 13 14
4 5 10 11 14 15
41 42 43 44 45 46 47 48 49 50 51
21 22 23 24 25 26 27
18 19 20 21 27 28 29
29 30 31 32 33 34 35 36 37 38 39 40 41
17 18 29 41
16 17 41 51 52 53 54 55 56 57
3 4 15 16 57
1 2 3 57 58
0 0 371
1 25 345
2 37 283
3 140 262
4 168 149
5 106 117
6 100 156
7 42 145
8 11 103
9 39 51
10 58 40
11 150 70
12 189 42
13 242 63
14 205 94
15 216 153
16 256 188
17 274 193
18 242 129
19 246 109
20 275 74
21 292 64
22 460 20
23 490 20
24 515 45
25 500 78
26 424 94
27 341 76
28 335 84
29 264 124
30 307 109
31 360 109
32 386 112
33 422 124
34 454 149
35 470 166
36 478 184
37 482 205
38 483 229
39 481 261
40 474 295
41 389 365
42 507 311
43 549 297
44 576 321
45 568.385 361.615
46 514 416
47 453.37 458.133
48 359 478
49 320 473
50 257 460
51 241 451
52 215 435
53 196 423
54 186 413
55 178 404
56 174 390
57 179 330
58 77 368
59 159 406
60 167 448
61 130 466
62 95 466
