Duration[s]: 3604.06 Porcentaje: 0.905209 TerminoTodo: 0
Convexos: 10 VerticesConvexos: 75
0 1 2 3 4 5 51 52 53 54 55 56
28 29 30 31 32 33 34 35
26 27 28 35 36
23 24 25 26 36 37
38 39 40 41 42 43
20 21 22 23 37 38 43
43 44 45 46 47 48 49 50
17 18 19 20 43 50 51
12 13 14 15 16 17 51
5 6 7 8 9 10 11 12 51
0 74 229.765
1 118 178
2 130 174
3 160 189
4 171 199
5 187 217
6 176 177
7 175 152
8 182 82
9 190.381 55.4603
10 219 65
11 262 85
12 283 117
13 302 79
14 306 74
15 335 54
16 348 58
17 379 87
18 428 46
19 435 83
20 431 149
21 463 95
22 492 81
23 482 142
24 542 120
25 562 149
26 541 235
27 578 292
28 559 327
29 582 393
30 583 413
31 578.957 444
32 498 444
33 483 429
34 469 408
35 493 367
36 486 297
37 424 282
38 412 301
39 466 330
40 465 358
41 422 374
42 376 365
43 346 340
44 348 386
45 324 396
46 272 397
47 232 395
48 211 363
49 214 331
50 249 289
51 209 266
52 207 289
53 204 312
54 173 331
55 111.738 318.325
56 74 278.7
