Duration[s]: 3600.85 Porcentaje: 0.805501 TerminoTodo: 0
Convexos: 7 VerticesConvexos: 55
0 1 2 3 4 35 36 41 42
4 5 6 7 8 9
19 20 21 22 23 24 25 26 27 28 29 30
15 16 17 18 19 30 31
11 12 13 14 15 31 32
4 9 10 11 32 33 34 35
36 37 38 39 40 41
0 36 232
1 54 205
2 71 198
3 98 199
4 179 203
5 111 142
6 88 106
7 106.939 68.1212
8 248 66
9 256 109
10 354 79
11 377 97
12 523 66
13 573 78
14 579 110
15 528 178
16 601 230
17 625 333
18 614.868 393.789
19 548 432
20 544.784 468.448
21 514 472
22 472 470
23 430 456
24 376 433
25 345 409
26 334 372
27 347 340
28 395 312
29 437 301
30 515 284
31 497 186
32 395 174
33 369 265
34 315 294
35 224 316
36 175 361
37 249 431
38 290 472
39 166 463
40 150 456
41 125 343
42 37 256
