Duration[s]: 3600.64 Porcentaje: 0.803166 TerminoTodo: 0
Convexos: 11 VerticesConvexos: 84
0 57 58 59 60 61
25 26 27 28 29 30 31 32
32 33 34 35 36 37 38 39
24 25 32 39
21 22 23 24 39 40
19 20 21 40 41 42 43 44
17 18 19 44 50 51 52 53 54 55
7 8 9 10 11 12 13 14
3 4 5 6 7 14 15 55 56
0 1 2 3 56 57
15 16 17 44 45 46 47 48 49 50 55
0 21 22.1
1 72 17
2 129 38
3 140 71
4 203 47
5 226 42
6 351 32
7 369 74
8 448 49
9 471.371 45.1048
10 501 68
11 482 123
12 404 177
13 298 182
14 258 156
15 192 191
16 204 210
17 209 225
18 221 280
19 215 314
20 249 254
21 281 252
22 323 222
23 381 201
24 411 224
25 503 137
26 520 98
27 539 91
28 563.391 92.355
29 612 136.545
30 612 189.103
31 568 241
32 508 285
33 544 303
34 538 325
35 509 382
36 437 408
37 389 413
38 365 399
39 330 329
40 298 319
41 328 439
42 277 443
43 242 421
44 191 378
45 178 433
46 169.95 456
47 116.544 456
48 59 365
49 61 252
50 85 219
51 59 162
52 61 148
53 82 136
54 121 146
55 160 179
56 154 150
57 44 64
58 67 106
59 66 115
60 36 136
61 21 107.25
