Duration[s]: 3600.19 Porcentaje: 0.80044 TerminoTodo: 0
Convexos: 13 VerticesConvexos: 88
0 1 10 11 58 59 62 63
4 5 6 7 8 9
1 2 3 4 9 10
14 15 16 17 18 19
21 22 23 24 25
27 28 29 30 31 32 33 34 35 36 37 38
39 40 41 42 43
26 27 38 39 43 44
21 25 26 44 45
12 13 14 19 20 21 45 46
48 49 50 51 52 53 54
11 12 46 47 48 54 55 56 57 58
59 60 61 62
0 34 187
1 40 98
2 101.1 29.1
3 155 28
4 224 67
5 242 84
6 229 120
7 204 127
8 168 112
9 169 106
10 93 120
11 201 201
12 249 183
13 279 155
14 313 136
15 276 102
16 284 81
17 303 37
18 365 30
19 430 81
20 555.308 39.2308
21 493 114
22 581 147
23 559 217
24 489 204
25 476 174
26 424 246
27 481 262
28 522 237
29 562 226
30 575 253
31 584 331
32 591 408
33 549 445
34 528 459
35 476 444
36 438 405
37 438 381
38 444 349
39 379 333
40 390 387
41 301 374
42 332 299
43 347 280
44 342 260
45 331 211
46 302 215
47 294 345
48 284 383
49 347 400
50 363 418
51 376 452
52 331 460
53 287 459
54 265 420
55 235 450
56 206 435
57 171 363
58 172 316
59 144 390
60 177 411
61 132 422
62 96.4624 413.385
63 61 288
