Duration[s]: 3602.08 Porcentaje: 0.902359 TerminoTodo: 0
Convexos: 7 VerticesConvexos: 70
0 1 2 3 37 38 53 54 55 56 57
13 14 15 16 17 18 19 20 21 22 23 24 25 26 27 28 29 30 31 32 33 34
9 10 11 12 13 34 35
4 5 6 7 8 9 35 36
3 4 36 37
40 41 42 43 44 45 46 47 48 49 50 51 52
38 39 40 52 53
0 46 142
1 114 126
2 136 123
3 203 162
4 219 100
5 252 79
6 266 71
7 417 62
8 531 114.887
9 531 150
10 586 184
11 584 249
12 579 262
13 564 282
14 566.662 400.468
15 489 416
16 462 417
17 442 416
18 431 414
19 384 380
20 368 362
21 354 338
22 346 313
23 339 289
24 337 267
25 339 248
26 353 225
27 367 212
28 378 204
29 396 197
30 431 191
31 457 194
32 473 198
33 518 218
34 524 222
35 499 180
36 375 150
37 245 199
38 308 277
39 330 356
40 333 377
41 383 401
42 412 415
43 412 430
44 401 441
45 325.308 465
46 245 465
47 181.545 433.273
48 175 412
49 170 391
50 170 368
51 173 344
52 185 329
53 266 281
54 158 286
55 112 280
56 94 272
57 46 228.364
