Duration[s]: 3602.11 Porcentaje: 0.703818 TerminoTodo: 0
Convexos: 9 VerticesConvexos: 73
0 1 2 3 4 18 46 47 54 55 56
5 6 7 8 9 10 11
4 5 11 12 13 14 15 16 17 18
20 21 22 23 24 25 26 27 28 29 30 31 32 33
19 20 33 34
37 38 39 40 41 42 43
34 35 36 37 43 44 45
18 19 34 45 46
47 48 49 50 51 52 53 54
0 22 212
1 25 185
2 38 178
3 87 181
4 146 186
5 80 100
6 74 71
7 144.552 9
8 206.125 9
9 213 20
10 214 39
11 182 95
12 254 168
13 256 175
14 257 186
15 258 199
16 256 212
17 248 217
18 221 223
19 394 222
20 237 144
21 225 138
22 222 120
23 221 96
24 226 79
25 260 61
26 275 56
27 293 55
28 639 62.6404
29 639 187
30 596 197
31 466 220
32 448 217
33 406 203
34 452 243
35 556 235
36 574 254
37 535 335
38 572 300
39 623 302
40 631.697 390.417
41 543 445
42 469 427
43 486 389
44 379 335
45 378 301
46 329 295
47 346 345
48 390 362
49 427 377
50 420 418
51 413 431
52 270.619 431
53 185 402
54 181 376
55 125 355
56 61.9263 320.371
