Duration[s]: 3600.57 Porcentaje: 0.803241 TerminoTodo: 0
Convexos: 9 VerticesConvexos: 74
0 1 13 14 46 57
1 2 3 4 5 6 7 8 9 10 11 12 13
47 48 49 50 51 52 53 54
46 47 54 55 56 57
16 17 18 19 20 21 22 23 24 25
14 15 16 25 26 27 28
29 30 31 32 33 34 35
36 37 38 39 40 41 42 43 44 45
14 28 29 35 36 45 46
0 48 200
1 93 175
2 75 143
3 67 113
4 73 86
5 149 77
6 163 76
7 182 78
8 210 93
9 219 107
10 219 131
11 211 150
12 197 157
13 144 179
14 192 204
15 224 179
16 260 159
17 231 111
18 228 97
19 258 72
20 307 57
21 452 48
22 513 48
23 558 62
24 550 95
25 523 117
26 568 153
27 524 177
28 454 193
29 478 198
30 543 209
31 574 222
32 608 239
33 563 267
34 528 269
35 483 253
36 436 302
37 581 288
38 599 317
39 613 358
40 600 386
41 530 415
42 462 428
43 399 419
44 362 399
45 337 352
46 261 299
47 290 370
48 333 393
49 354 424
50 322 443
51 295 449
52 210 442
53 128 413
54 146 358
55 61 337
56 52 304
57 125 278
