Duration[s]: 3607.59 Porcentaje: 0.90412 TerminoTodo: 0
Convexos: 11 VerticesConvexos: 93
0 1 2 33 34 35 70 71 72
10 11 12 13 14
21 22 23 24 25 26 27 28
15 16 17 18 19 20 21 28 29
10 14 15 29 30 31 32 33
2 3 4 5 6 7 8 9 10 33
37 38 39 40 41
36 37 41
49 50 51 52 53 54 55
41 42 43 44 45 46 47 48 49 55 56
35 36 41 56 57 58 59 60 61 62 63 64 65 66 67 68 69 70
0 78 110.474
1 130.905 52
2 171 52
3 203 57
4 218 60
5 244 68
6 268 83
7 276 92
8 283 100
9 287 113
10 289 122
11 295 41
12 309 30
13 326 43
14 339 69
15 375 57
16 372 34
17 406 14
18 412.062 13
19 453.476 13
20 559.591 43.1136
21 601.813 86.96
22 608 138
23 602 168
24 558 213
25 531 222
26 438 220
27 430 167
28 458 144
29 394 153
30 386 198
31 364 207
32 317 197
33 284 168
34 312 237
35 296 263
36 349 231
37 397 195
38 393 164
39 407 152
40 415 191
41 425 244
42 438 238
43 505 226
44 512 225
45 559 225
46 567 228
47 591 242
48 594 247
49 607 281
50 619 329
51 624 359
52 597 383
53 585 374
54 584 361
55 594 325
56 570 321
57 585 330
58 582 345
59 580 352
60 562 378
61 554 386
62 549 390
63 530 404
64 524 408
65 511 414
66 460.836 435.036
67 389 451
68 291.333 451
69 200.089 434.241
70 159 400
71 130 376
72 78 304.842
