Duration[s]: 3607.95 Porcentaje: 0.902902 TerminoTodo: 0
Convexos: 21 VerticesConvexos: 143
0 33 34 35 36 37 38 97 98
81 82 83 84 85 86 87
49 50 51 52 53
48 49 53 54 55
47 48 55 56
59 60 61 62 63 64 65
58 59 65 66 67 68 69
57 58 69 70 71 72
73 74 75 76 77 78
46 47 56 57 72 73 78
44 45 46 78 79
43 44 79 80
42 43 87 88 89 90 91 93
40 41 42 93 94 95
18 19 20 21 22 23
12 13 14 15 16 17 18 23 24
8 9 10 11 12 24 25
26 27 28 29 30 31 32
5 6 7 8 25 26 32 33
43 80 81 87 91 92 93
0 1 2 3 4 5 33 38 39 40 95 96 97
0 36 31
1 45 21
2 76.7577 9.00264
3 77 9
4 121 31
5 158 65
6 192 23
7 260 9
8 355 35
9 364 20
10 402 8
11 444 5
12 502 48
13 569 22
14 596.636 22
15 598 67
16 593 89
17 591 94
18 554 133
19 593 157
20 591 178
21 583 192
22 527 186
23 529 137
24 495 83
25 451 74
26 334 93
27 449 117
28 404 135
29 340 139
30 320 138
31 255 125
32 215 111
33 152 113
34 201 155
35 225 181
36 215 192
37 171 215
38 129 229
39 125 236
40 87 263
41 109 289
42 123 350
43 147 362
44 213 250
45 239 228
46 348 300
47 417 289
48 462 254
49 410 219
50 380 253
51 343 287
52 313 254
53 420 170
54 500 192
55 500 242
56 440 299
57 439 334
58 502 379
59 553 312
60 532 290
61 528 252
62 538 243
63 561 244
64 586 254
65 585 316
66 595 350
67 569 390
68 519 424
69 512 425
70 443 434
71 423 418
72 411 376
73 367 394
74 365 401
75 338 411
76 320 408
77 307 381
78 348 331
79 270 325
80 257 374
81 287 405
82 380 422
83 375 439
84 347 479
85 293 479
86 230 466
87 198 412
88 164 453
89 136 466
90 35 453
91 20 411
92 23 371
93 78 366
94 23 301
95 37 268
96 14 204
97 24 96
98 0 38
