Duration[s]: 3603.98 Porcentaje: 0.517809 TerminoTodo: 0
Convexos: 7 VerticesConvexos: 61
0 1 2 3 4 46 47 48
12 13 14 15 16 17 18 19 20
6 7 8 9 10 11 12 20 21
23 24 25 26 27 28 29 30 31 32 33 34 35
22 23 35
5 6 21 22 35 36 37 38 39 40 41
4 5 41 42 43 44 45 46
0 25 223
1 33.9251 66.8116
2 85.2936 24.616
3 121 59
4 132 71
5 164 105
6 189 57
7 209 47
8 244 32
9 288 23
10 342 13
11 409 13
12 618.3 53.5096
13 639 96
14 639 240
15 638 255
16 600 278
17 552 290
18 511 287
19 448 260
20 524 107
21 381 186
22 428 281
23 552 291
24 568 291
25 580 293
26 597 296
27 617 303
28 636 331
29 639 350.5
30 639 350.875
31 625.29 410.855
32 607 420
33 582 422
34 581 422
35 475 398
36 488 436
37 487 440
38 380 479
39 253.167 479
40 210 442
41 170 390
42 169 430
43 161 445
44 155 450
45 106 425
46 100 368
47 52 375
48 25 364.875
