Duration[s]: 3600.95 Porcentaje: 0.703116 TerminoTodo: 0
Convexos: 7 VerticesConvexos: 60
0 1 2 3 37 38 45 46 47
18 19 20 21 22 23 24 25 26 27 28 29 30
31 32 33 34 35 36 37
4 5 6 7 8 9 10 11 12 13 14 15 16 17 18
3 4 18 30 31 37
39 40 41 42 43
38 39 43 44 45
0 62.9474 16.1053
1 114 11
2 138 23
3 187 191
4 233 168
5 176 65
6 181 52
7 216 30
8 225 26
9 230 25
10 255 25
11 267 26
12 276.721 26.9531
13 543.712 65.3558
14 569 78
15 571 94
16 571 128
17 556 140
18 481 182
19 504 190
20 607 258
21 621 276
22 622 305
23 604.879 432.836
24 556.429 478.595
25 489 480
26 452 479
27 414 475
28 393 462
29 387 445
30 375 304
31 277 306
32 322 331
33 328 367
34 307 411
35 264 423
36 220 386
37 144 255
38 117 277
39 201 430
40 340 472
41 342 479
42 244.419 479
43 111 435
44 66 338
45 111 275
46 75 206
47 58 120
