Duration[s]: 3601.22 Porcentaje: 0.701992 TerminoTodo: 0
Convexos: 8 VerticesConvexos: 64
0 34 35 41 42 47 48 49
20 21 22 23 24 25 26
16 17 18 19 20 26 27
27 28 29 30 31 32
4 5 6 7 8 9 10 11 12 13 14 15 16 27 32 33
0 1 2 3 4 33 34
35 36 37 38 39 40 41
42 43 44 45 46 47
0 109 163
1 67 86
2 61 52
3 115 67
4 178 116
5 177 97
6 180 69
7 190 57
8 322 24
9 385 11
10 432 18
11 549.134 45.561
12 609.091 81.0909
13 636 108
14 632 221
15 627 255
16 601 285
17 634 336
18 639 367
19 571 393
20 474 346
21 460 399
22 378 400
23 377 367
24 395 341
25 414 321
26 455 302
27 454 266
28 389 300
29 332 320
30 309 296
31 306 262
32 323 239
33 295 216
34 217 216
35 230 285
36 258 303
37 281 331
38 347 418
39 328 451
40 277 439
41 242 394
42 203 373
43 167 401
44 107 401
45 65 355
46 111 324
47 132 317
48 57 215
49 52 173
