Duration[s]: 3605.45 Porcentaje: 0.902488 TerminoTodo: 0
Convexos: 12 VerticesConvexos: 91
0 1 60 61 62 63 64 65 66 67 68
16 17 18 19 20 21 22 23
14 15 16 23 24 25
26 27 28 29 30 31 32 33 34 35 36
37 38 39 40 41 42 43 44 45 46 47 48 49 50 51 52 53
25 26 36 37 53 54
13 14 25 54 55
10 11 12 13 55
7 8 9 10 55 56
3 4 5 6 7
3 7 56 57 58
1 2 3 58 59 60
0 88 270
1 120 254
2 112 190
3 167 164
4 178 30
5 224 23
6 260 62
7 245 83
8 299 44
9 328 28
10 360 84
11 392 44
12 456 48
13 439 87
14 460 95
15 458 78
16 484 69
17 464 42
18 473 20
19 481 17
20 507 15
21 543.118 15
22 569 37
23 535 93
24 556 132
25 504 154
26 521 201
27 559 204
28 574 228
29 606 285
30 606 337.333
31 590.041 395.851
32 554 401
33 542 398
34 538 393
35 497 334
36 473 237
37 411 261
38 454 300
39 504 367
40 505 378
41 505 389
42 484 406
43 464 415
44 440.667 420
45 416 420
46 375 413
47 336 397
48 297 363
49 276 332
50 266 299
51 262 262
52 278 230
53 311 201
54 346 187
55 352 149
56 303 123
57 286 167
58 228 183
59 225 205
60 203 236
61 217 255
62 229 277
63 247 343
64 242 377
65 236 385
66 221 391
67 131.822 383.073
68 78 334
