Duration[s]: 3600.77 Porcentaje: 0.900122 TerminoTodo: 0
Convexos: 14 VerticesConvexos: 105
0 1 2 3 70 71 72 77 78
12 13 14 15 16
11 12 16 17 18 19 20 21
7 8 9 10 11 21 22
29 30 31 32 33
40 41 42 43 44 45 46 47
27 28 29 33 34 35 36 37 38 39 40 47 48
27 48 49 50 51 52 53 54 55 56
25 26 27 56 57
60 61 62 63 64 65 66
24 25 57 58 59 60 66 67
6 7 22 23 24 67 68 69
3 4 5 6 69 70
72 73 74 75 76 77
0 19 140
1 40 101
2 67 72
3 141 91
4 204 45
5 216 38
6 281 47
7 324 94
8 343 72
9 438 16
10 476 5
11 470 49
12 525 117
13 580 62
14 601 145
15 596 175
16 552 193
17 536 266
18 509 274
19 488 256
20 463 227
21 448 191
22 390 167
23 378 179
24 341 196
25 349 209
26 400 216
27 511 292
28 536 276
29 556 264
30 557 239
31 577 232
32 582 244
33 576 272
34 593 307
35 597 318
36 603 343
37 600 366
38 583 381
39 568 382
40 534 384
41 585 446
42 585 468
43 516 468
44 494 442
45 494 418
46 498 392
47 504 379
48 500 357
49 461 416
50 424 433
51 396 439
52 385 425
53 382 401
54 386 378
55 401 359
56 468 317
57 389 285
58 368 323
59 304 356
60 286 363
61 347 425
62 345 441
63 279 424
64 243 393
65 206 335
66 208 295
67 239 239
68 228 161
69 228 87
70 172 126
71 186 193
72 134 315
73 212 454
74 159 453
75 49 382
76 49 348
77 62 236
78 17 173
