Duration[s]: 3603.22 Porcentaje: 0.703865 TerminoTodo: 0
Convexos: 16 VerticesConvexos: 93
0 3 60 61 62
0 1 2 3
5 6 7 8 9 10 11 12
15 16 17 18 19 20 21
14 15 21 22
13 14 22 23
30 31 32 33 34
26 27 28 29 30 34 35
37 38 39 40
36 37 40 41
25 26 35 36 41
43 44 45 46 47 48
24 25 41 42 43 48 49
50 51 52 53 54 55 56 57
23 24 49 50 57
3 4 5 12 13 23 57 58 59 60
0 10 228.333
1 38 227
2 55 246
3 36 264
4 172 187
5 221 165
6 149 124
7 196.196 42.9193
8 267 22
9 293 29
10 349 117
11 356 156
12 324 185
13 331 238
14 408 204
15 395 112
16 356 84
17 339 45
18 367 12
19 386 29
20 417 68
21 432 105
22 459 226
23 324 321
24 453 305
25 488 209
26 425 32
27 402 4
28 431 2
29 487 4
30 614.51 33.145
31 613 89
32 573 106
33 546 57
34 566 45
35 504 58
36 530 90
37 625 147
38 623.822 386.097
39 561 382
40 584 258
41 516 165
42 523 239
43 534 392
44 569 406
45 554.067 434
46 497 434
47 452 400
48 488 386
49 459 363
50 408 402
51 470 430
52 458 445
53 387 461
54 310 461
55 274 452
56 270 417
57 277 385
58 222 445
59 115 463
60 87 422
61 52 457
62 10 436
