Duration[s]: 3600.99 Porcentaje: 0.905387 TerminoTodo: 0
Convexos: 10 VerticesConvexos: 67
0 1 2 26 27 43 44 45 46 47 48
18 19 20 21 22 23 24
9 10 11 12 13 14 15
9 15 16 17
8 9 17 18 24 25
3 4 5 6 7 8
2 3 8 25 26
37 38 39 40 41 42
32 33 34 35 36 37 42 43
27 28 29 30 31 32 43
0 91 340.444
1 102 327
2 143 293
3 128 235
4 121 205
5 153.923 96.477
6 225 87
7 224 148
8 218 158
9 239 157
10 240 121
11 241 96
12 274 79
13 332 65
14 437 70
15 352 110
16 455 139
17 397 153
18 549 165
19 568 108
20 584 64
21 608 42
22 638 96
23 606 186
24 538 237
25 434 219
26 439 273
27 503 291
28 521 279
29 603 255
30 603 268
31 574 298
32 537 323
33 559 371
34 567 395
35 566 408
36 489 450
37 392 464
38 374 479
39 272.696 479
40 214 452
41 261 438
42 354 428
43 442 360
44 394 396
45 374 405
46 219 423
47 187 425
48 91 411.759
