Duration[s]: 3606.71 Porcentaje: 0.900876 TerminoTodo: 0
Convexos: 11 VerticesConvexos: 81
0 1 2 3 50 57 58 59 60
20 21 22 23 24 25
17 18 19 20 25
35 36 37 38
34 35 38 39 40 41 42 43 44
27 28 29 30 31 32 33 34 44
16 17 25 26 27 44 45
9 10 11 12 13 14 15
8 9 15 16 45 46 47 48
3 4 5 6 7 8 48 49 50
50 51 52 53 54 55 56 57
0 82 65
1 109 59
2 173 84
3 206 113
4 203 79
5 206 48
6 231 38
7 262 44
8 276 75
9 298 78
10 369 24
11 396 4
12 417 19
13 459 83
14 446 129
15 426 151
16 455 178
17 478 141
18 481 57
19 500 49
20 536 99
21 579 74
22 593 76
23 594 106
24 563 130
25 547 137
26 608 187
27 596 258
28 626 296
29 619.445 395.424
30 573 423
31 553 423
32 540 418
33 492 394
34 497 369
35 463 380
36 466 410
37 395 412
38 394 372
39 342 354
40 341 333
41 347 311
42 365 303
43 419 290
44 527 317
45 443 241
46 377 257
47 345 261
48 316 251
49 305 282
50 276 320
51 297 352
52 308 376
53 273 407
54 231 409
55 179 394
56 144 366
57 161 320
58 124 283
59 108 254
60 65 89
