Duration[s]: 3602.38 Porcentaje: 0.902147 TerminoTodo: 0
Convexos: 15 VerticesConvexos: 105
0 1 2 73 74 75 76
27 28 29 30 31
25 26 27 31
24 25 31 32 33 34 35 36 37
38 39 40 41 42 43
21 22 23 24 37 38 43
44 45 46 47 48 49
21 43 44 49 50
20 21 50 51
20 51 52 53 54 55 56 57 58 59
15 16 17 18 19 20 59 60
11 12 13 14 15 60 61
63 64 65 66 67 68 69 70 71 72
62 63 72 73
2 3 4 5 6 7 8 9 10 11 61 62 73
0 25 338
1 27 301
2 37 278
3 46 259
4 109 203
5 122 195
6 133 192
7 156 187
8 173 185
9 218 184
10 222 185
11 257 196
12 263 178
13 288 144
14 346 236
15 343 275
16 376 255
17 418 251
18 425 264
19 431 277
20 451 329
21 437 220
22 402 213
23 379 195
24 323 125
25 262 125
26 249 136
27 86 157
28 58 149
29 30 109
30 50 83
31 157 125
32 135 65
33 167 42
34 314 36
35 335 40
36 337 53
37 343 100
38 400 127
39 460 55
40 462 62
41 471 104
42 482 170
43 478 205
44 531 220
45 526 195
46 521 117
47 595.338 88.7517
48 566 201
49 543 229
50 485 276
51 499 297
52 571 279
53 583 281
54 589 305
55 596 356
56 598 371
57 581.983 410.153
58 463 428
59 367 404
60 316 378
61 248 320
62 190 340
63 211 395
64 307 409
65 316 440
66 316 452
67 308 460
68 298 465
69 191.455 465
70 156 450
71 154 438
72 151 388
73 99 311
74 107 398
75 83 415
76 45.4262 390.342
