Duration[s]: 3601.54 Porcentaje: 0.800902 TerminoTodo: 0
Convexos: 7 VerticesConvexos: 48
0 1 29 30 34 35
13 14 15 16 17 18 19 20
12 13 20 21 22 23
11 12 23 24 25 26 27 28
10 11 28
1 2 3 4 5 6 7 8 9 10 28 29
30 31 32 33 34
0 43 93.4912
1 183 37
2 243 40
3 398.133 71.4932
4 456 112
5 469 129
6 474 150
7 475 166
8 475 193
9 454 244
10 285 282
11 272 295
12 283 370
13 381 384
14 476 327
15 540 301
16 618 296
17 624 325
18 574 401
19 556 416
20 464 406
21 375 435
22 310 434
23 268 411
24 230 393
25 142 351
26 158 259
27 180 231
28 257 246
29 183 145
30 108 321
31 173 398
32 166 418
33 137 421
34 74.4524 381.496
35 43 131
