Duration[s]: 3600.84 Porcentaje: 0.605305 TerminoTodo: 0
Convexos: 8 VerticesConvexos: 61
0 1 2 3 39 46
40 41 42 43 44
39 40 44 45 46
4 5 6 7 8 9 10 11 12 13 14 15 16
16 17 18 19 20 21 22 23 24 25 26 27 28 29 30 31
3 4 16 31 32
33 34 35 36 37
3 32 33 37 38 39
0 58 16.6
1 114 11
2 138 23
3 187 191
4 233 168
5 176 65
6 181 52
7 216 30
8 225 26
9 230 25
10 255 25
11 328.381 31.1151
12 568.42 73.362
13 571 94
14 571 128
15 556 140
16 424 197
17 467 182
18 481 182
19 504 190
20 607 258
21 622 277.286
22 622 305
23 598.869 477.711
24 489 480
25 452 479
26 414 475
27 393 462
28 387 445
29 384 404
30 384 379
31 387 350
32 277 306
33 287 382
34 322 331
35 328 367
36 307 411
37 264 423
38 220 386
39 134 255
40 237 453
41 274 456
42 340 472
43 342 479
44 244.419 479
45 111 435
46 58 320.756
