Duration[s]: 3601.91 Porcentaje: 0.900192 TerminoTodo: 0
Convexos: 13 VerticesConvexos: 118
0 1 2 3 71 72 73 74 75 76 93
29 30 31 32 33 34 35
28 29 35 36 37 38
25 26 27 28 38 39
24 25 39 40 41 42 43 44
45 46 47 48 49 50 51 52 53 54 55 56 57 58 59 60 61 62 63 64 65
23 24 44 45 65 66
16 17 18 19 20 21 22 23 66 67
9 10 11 12 13 14 15 16 67 68 69 70 71
3 4 5 6 7 8 9 71
82 83 84 85 86 87
81 82 87 88 89 90 91
76 77 78 79 80 81 91 92 93
0 36 266
1 65 219
2 81 205
3 126 175
4 65 175
5 45 163
6 12 123
7 47.7252 72.3893
8 80 77
9 124 107
10 124 71
11 131 60
12 145 54
13 178.285 45.3169
14 281 44
15 341 49
16 417 60
17 462 73
18 471 79
19 511 108
20 526 132
21 528 168
22 504 216
23 414 266
24 425 328
25 460 329
26 461 275
27 476 265
28 544 325
29 546 173
30 549 142
31 583 90
32 636 53.96
33 636 107
34 605 146
35 562 167
36 594 215
37 613 246
38 580 391
39 572 440
40 599 472
41 598.566 479
42 496 479
43 452 468
44 424 422
45 399 401
46 385 441
47 380 455
48 358 467
49 331 471
50 245 461
51 209 444
52 194 434
53 155 390
54 148 366
55 146 331
56 145 309
57 159 275
58 170 261
59 195 243
60 218 229
61 244 217
62 270 212
63 295 212
64 336 221
65 377 238
66 385 216
67 372 158
68 351 177
69 328 192
70 304 195
71 164 153
72 184 182
73 191 198
74 186 222
75 180 230
76 74 307
77 92 326
78 98 338
79 106 362
80 105 376
81 100 390
82 102 401
83 165 441
84 175 453
85 170 470
86 143 479
87 110 458
88 54 438
89 44 404
90 47 373
91 63 347
92 38 317
93 30 292
