Duration[s]: 3600.12 Porcentaje: 0.902013 TerminoTodo: 0
Convexos: 12 VerticesConvexos: 73
0 5 6 7 49 50
10 11 12 13 14 15 16 17 18
24 25 26 27 28 29
35 36 37 38 39
33 34 35 39
31 32 33 39
29 30 31 39 40
19 20 21 22 23 24 29 40
18 19 40 41 42
8 9 10 18 42 43
7 8 43 44 45 46 47 48 49
0 1 2 3 4 5
0 24 137
1 89.28 35
2 114 35
3 164 52
4 172 65
5 172 177
6 191 202
7 194 284
8 279 281
9 213 205
10 217 174
11 198 128
12 203 77
13 230 53
14 254 48
15 281 63
16 286 89
17 256 177
18 248 183
19 274 164
20 306 109
21 317 93
22 326 83
23 345 77
24 391 100
25 402 85
26 429 78
27 468 93
28 481 125
29 411 136
30 495 158
31 477 181
32 519 195
33 518 280
34 536 310
35 498 341
36 498 380
37 428 392
38 408 257
39 411 185
40 379 174
41 352 237
42 317 276
43 327 315
44 330 358
45 298 407
46 250 417
47 120.228 413.145
48 84 362
49 118 306
50 33 173
