Duration[s]: 3602.52 Porcentaje: 0.801165 TerminoTodo: 0
Convexos: 23 VerticesConvexos: 131
0 3 86
0 1 2 3
5 6 7 8 9 10 11
17 18 19 20 21 22
15 16 17 22 23 24 25
28 29 30 31 32 33 34
27 28 34 35
47 48 49 50 51
42 43 44 45 46 47 51 52
40 41 42 52 53
54 55 56
53 54 56 57
38 39 40 53 57 58
60 61 62 63 64 65
37 38 58 59 60 65 66
67 68 69 70 71 72 73 74
36 37 66 67 74 75
26 27 35 36 75
12 13 14 15 25 26 75
77 78 79 80 81
11 12 75 76 77 81 82
4 5 11 82 83 84
3 4 84 85 86
0 10 354
1 51 365
2 48 381
3 24 398
4 108 366
5 98 339
6 45 327
7 18 303
8 17 228
9 38 227
10 121 296
11 121 330
12 136 277
13 98 234
14 172 187
15 221 165
16 149 124
17 214 94
18 188 57
19 223 35
20 267 22
21 293 29
22 293 103
23 349 117
24 356 156
25 324 185
26 331 238
27 408 204
28 395 112
29 356 84
30 339 45
31 367 12
32 386 29
33 417 68
34 432 105
35 459 226
36 324 321
37 453 305
38 488 209
39 456 113
40 516 123
41 484 92
42 449 58
43 425 32
44 402 4
45 431 2
46 487 4
47 614.51 33.145
48 613 89
49 573 106
50 546 57
51 566 45
52 504 58
53 625 147
54 623.822 386.097
55 561 382
56 575 351
57 563 196
58 518 227
59 523 239
60 534 392
61 569 406
62 554.067 434
63 497 434
64 452 400
65 488 386
66 459 363
67 408 402
68 470 430
69 458 445
70 387 461
71 310 461
72 274 452
73 270 417
74 277 385
75 228 368
76 236 394
77 236 427
78 222 445
79 171 447
80 173 421
81 202 422
82 151 366
83 163 383
84 149 446
85 115 463
86 10 453
