Duration[s]: 3607.49 Porcentaje: 0.60039 TerminoTodo: 0
Convexos: 6 VerticesConvexos: 61
10 11 12 13 17 18 19 20 21 22 23 24 25
27 28 29 30 31 32 33 34
26 27 34 35 36 37 38 39 40 41
3 4 5 6 7 8 9 10 25 26 41 42
2 3 42 43 44 45 46 47
0 1 2 13 14 15 16 17 47 48
0 20 354
1 23 337
2 57 314
3 61 269
4 28 170
5 20 131
6 15 88
7 52 60
8 184 23
9 301 18
10 361 73
11 410 38
12 431 32
13 477 45
14 522.862 22.069
15 582 45
16 593 50
17 580 130
18 631 202
19 639 215
20 640 231
21 639 244
22 555 296
23 448 319
24 428 317
25 383 298
26 370 346
27 499 364
28 540 333
29 568 329
30 612 342
31 622 453
32 555 473
33 470 450
34 430 435
35 387 462
36 339 471
37 318 473
38 289 457
39 258 439
40 236 417
41 263 385
42 194 362
43 211 429
44 211 458
45 162 466
46 136.109 464.838
47 68 432
48 21 387
