Duration[s]: 3604.15 Porcentaje: 0.900017 TerminoTodo: 0
Convexos: 8 VerticesConvexos: 91
0 1 2 3 15 16 72 73 74 75 76
3 4 5 6 7 8 9 10 11 12 13 14 15
20 21 22 23 24 25 26 27 28 29 30 31 32 33 34
35 36 37 38 39 40 41 42 43 44
45 46 47 48 49 50 51 52 53 54 55 56 57 58
19 20 34 35 44 45 58 59
61 62 63 64 65 66 67 68 69 70 71
16 17 18 19 59 60 61 71 72
0 39 260
1 45.2638 184.834
2 77 143
3 119 100
4 127 83
5 208 65
6 218 68
7 250 83
8 260 91
9 261 105
10 261 120
11 258 129
12 242 140
13 220 149
14 198 151
15 157 144
16 176 195
17 204 178
18 267 193
19 295 222
20 346 217
21 299 174
22 289 154
23 286 142
24 283 120
25 291 101
26 309 89
27 317 86
28 334 85
29 369 86
30 391 90
31 409 100
32 419 120
33 419 135
34 397 214
35 414 215
36 446 146
37 463 115
38 490 102
39 538.116 108.362
40 585.771 129.725
41 592 178
42 582 206
43 563 230
44 512 256
45 507 264
46 570 302
47 576 324
48 576 349
49 574.797 361.856
50 472 432
51 460 435
52 447 434
53 425 430
54 419 428
55 408 422
56 402 399
57 400 376
58 418 336
59 377 318
60 333 335
61 311 343
62 355 390
63 361 399
64 352 423
65 346 427
66 276.824 434.566
67 217 416
68 194 402
69 160 370
70 150 319
71 176 277
72 157 239
73 119 295
74 93 328
75 63.2203 302.475
76 40 263
