Duration[s]: 3602.41 Porcentaje: 0.901109 TerminoTodo: 0
Convexos: 12 VerticesConvexos: 79
0 1 2 54 55 56
15 16 17 18 19 20 21
22 23 24 25 26 27
12 13 14 15 21 22 27
8 9 10 11 12 27 28
3 4 5 6 7 8 28 29 30
39 40 41 42 43
35 36 37 38 39 43
32 33 34 35 43 44
31 32 44 45 46 47 48
49 50 51 52 53
2 3 30 31 48 49 53 54
0 31 224
1 44 209
2 92 214
3 109 203
4 72 185
5 65 173
6 53 124
7 107.486 68.3784
8 245 34
9 311.444 11
10 366 11
11 409 33
12 381 85
13 504.523 97.3523
14 487 147
15 473 185
16 528 164
17 547 164
18 544 195
19 522 207
20 480 221
21 441 219
22 372 192
23 296 248
24 256 197
25 245 144
26 294 118
27 323 112
28 261 76
29 223 137
30 171 204
31 235 239
32 326 288
33 366 241
34 419 248
35 422 312
36 481 253
37 542 244
38 567 261
39 516 303
40 541 388
41 512 414
42 418 411
43 390 351
44 337 343
45 339 413
46 318 421
47 257 374
48 245 314
49 219 308
50 200 371
51 140.079 377.914
52 127 347
53 165 284
54 117 243
55 74 317
56 50 293
