Duration[s]: 3602.05 Porcentaje: 0.807092 TerminoTodo: 0
Convexos: 9 VerticesConvexos: 69
0 1 2 49 50 51 52
7 8 9 10 11 12 13
6 7 13 14 15 16 17
5 6 17 18 19 20 21
22 23 24 25 26 27 28 29 30 31 32 33 34 35 36
40 41 42 43 44 45
37 38 39 40 45 46 47 48
4 5 21 22 36 37 48
2 3 4 48 49
0 48.6148 175.479
1 110 105
2 190 55
3 258 64
4 347 192
5 472 179
6 424 87
7 357 57
8 361 104
9 359 140
10 346 140
11 236 18
12 259 6
13 339 31
14 352 20
15 467 32
16 492.161 37.2419
17 550 124
18 558 169
19 558 204
20 555 226
21 540 245
22 448 280
23 552 278
24 592 282
25 629 316
26 631 320
27 634 338
28 621.038 419.01
29 604 444
30 565.456 477.919
31 528 480
32 521 479
33 310 443
34 300 422
35 309 399
36 379 294
37 313 275
38 311 307
39 302 322
40 273 351
41 252 449
42 215.904 444.946
43 147 406
44 129 383
45 206 315
46 184 278
47 243 224
48 274 220
49 238 162
50 125 303
51 61 303
52 39 254
