Duration[s]: 3604.2 Porcentaje: 0.900866 TerminoTodo: 0
Convexos: 11 VerticesConvexos: 83
0 1 2 3 4 58 59 60 61 62
7 8 9 10 11 12 13 14 15
18 19 20 21 22 23 24 25 26 27 28 29 30 31 32 33
17 18 33 34
42 43 44 45
37 38 39 40 41 42 45 46
16 17 34 35 36 37 46 47
48 49 50 51 52
15 16 47 48 52
7 15 52 53
4 5 6 7 53 54 55 56 57 58
0 50 53
1 80 45
2 149 52
3 158 64
4 177 109
5 198 119
6 249 184
7 263 204
8 236 121
9 233 92
10 239 39
11 264 31
12 300 64
13 371 151
14 306 241
15 299 244
16 384 240
17 378 185
18 378 117
19 362 108
20 343 91
21 339 70
22 339 47
23 361 29
24 371 23
25 375 21
26 426.333 10
27 452 10
28 521 58
29 553 96.6667
30 553 126
31 531 146
32 481 157
33 459 154
34 437 179
35 492 175
36 514 177
37 538 262
38 571 244
39 601 301
40 596 331
41 550 375
42 495 375
43 523 426
44 446 382
45 452 346
46 470 307
47 411 301
48 388 324
49 412 429
50 368 434
51 300 401
52 340 357
53 308 309
54 315 340
55 284 355
56 265 359
57 247 361
58 216 291
59 176 293
60 148 274
61 91 183
62 54 111
