Duration[s]: 3601.95 Porcentaje: 0.90048 TerminoTodo: 0
Convexos: 16 VerticesConvexos: 103
57 58 59 60 61 62 63
55 56 57 63 64
53 54 55 64 65
3 4 5 6
7 8 9 10
17 18 19 20 21 22 23
17 23 24 25 26 27 28 29 30
34 35 36 37 38 39 40 41
43 44 45 46 47 48
41 42 43 48 49 50
31 32 33 34 41 50 51
11 12 13 14 15 16
6 7 10 11 16 30 31 51 52
0 1 2 3 6 52 53 65 66
66 67 68 69
0 16 17 30 66 69 70
0 74 222
1 46 168
2 45 154
3 105 149
4 60.5656 85.9652
5 147 73
6 184 155
7 224 107
8 206 68
9 249 65
10 257 104
11 305 107
12 313 75
13 328 61
14 375 46
15 381 64
16 383 143
17 423 142
18 432 113
19 445 92
20 470 72
21 495 57
22 518 57
23 483 112
24 544 85
25 571 77
26 587 102
27 578 135
28 508 177
29 420 177
30 397 170
31 415 239
32 494 207
33 541 216
34 482 297
35 558 278
36 578 286
37 584 329
38 563 351
39 533 358
40 452 335
41 406 321
42 445 362
43 444 374
44 514 387
45 513 410
46 416 454
47 381 400
48 394 369
49 372 345
50 360 322
51 294 321
52 264 308
53 253 327
54 278 336
55 271 358
56 361 363
57 277 396
58 364 408
59 370 439
60 299 458
61 217 456
62 159 423
63 190 398
64 210 370
65 220 338
66 127 282
67 116 389
68 58 383
69 77 286
70 48 257
