Duration[s]: 3603.38 Porcentaje: 0.902661 TerminoTodo: 0
Convexos: 7 VerticesConvexos: 73
0 1 2 3 4 5 39 55 56 57 58 59 60
15 16 17 18 19 20 21 22 23 24 25 26 27 28 29 30 31 32 33 34 35 36
13 14 15 36 37
10 11 12 13 37 38
5 6 7 8 9 10 38 39
41 42 43 44 45 46 47 48 49 50 51 52 53 54 55
39 40 41 55
0 46 188
1 66 140
2 80 134
3 114 126
4 136 123
5 216 159
6 219 100
7 252 79
8 266 71
9 417 62
10 437 80
11 514 107
12 531 124
13 531 150
14 586 184
15 584 249
16 564.343 382.233
17 514 411
18 489 416
19 462 417
20 442 416
21 431 414
22 384 380
23 368 362
24 354 338
25 346 313
26 339 289
27 337 267
28 339 248
29 353 225
30 367 212
31 378 204
32 396 197
33 431 191
34 457 194
35 473 198
36 555 233
37 499 180
38 375 150
39 245 199
40 308 277
41 321 331
42 412 415
43 412 430
44 401 441
45 360 454
46 319.3 465
47 245 465
48 191 438
49 179 425
50 175 412
51 170 391
52 170 368
53 173 344
54 185 329
55 266 281
56 158 286
57 112 280
58 94 272
59 72 252
60 49 214
