Duration[s]: 3600.21 Porcentaje: 0.901195 TerminoTodo: 0
Convexos: 14 VerticesConvexos: 112
0 81 82 83 84 85
19 20 21 22 23 24 25 26 27 28
18 19 28 29 30 31
34 35 36 37 38 39 40 41 42 43 44 45 46
18 31 32 33 34 46
53 54 55 56 57 58 59 60
47 48 49 50 51 52 53 60 61
63 64 65 66 67 68 69 70
62 63 70 71 72 73 74
16 17 18 46 47 61 62 74 75
15 16 75 76
3 4 5 6 7 8 9 10 11 12 13 14 15 76 77
1 2 3 77 78 79 80
0 1 80 81
0 58 416
1 32 378
2 64 273
3 107 229
4 89 188
5 56 112
6 54 88
7 58 71
8 98.5455 40.5909
9 125.942 30.8063
10 161 36
11 184 42
12 211 56
13 231 72
14 236 97
15 238 125
16 268 127
17 315 112
18 369 112
19 330 89
20 310 90
21 258 90
22 247 54
23 246 42
24 253 32
25 273 22
26 281 20
27 306 29
28 318 52
29 371 23
30 403 12
31 422 47
32 448 45
33 482 48
34 507 69
35 533 57
36 562 52
37 578 57
38 613 107
39 618 131
40 608 214
41 582 230
42 560 240
43 535 240
44 502 231
45 482 207
46 476 184
47 481 283
48 558 257
49 570 256
50 579 264
51 571 286
52 560 301
53 538 321
54 590 342
55 593 422
56 565 443
57 529 446
58 461 446
59 418 409
60 418 372
61 373 334
62 318 314
63 302 346
64 302 378
65 298 408
66 255 415
67 222 415
68 163 400
69 155 382
70 210 330
71 170 288
72 177 259
73 218 243
74 282 254
75 258 192
76 201 163
77 125 238
78 145 270
79 130 343
80 91 366
81 126 423
82 308 468
83 286 479
84 120 479
85 53 453
