Duration[s]: 3603.46 Porcentaje: 0.800518 TerminoTodo: 0
Convexos: 11 VerticesConvexos: 89
0 1 2 45 46 65 66
11 12 13 14 15 16 17 18
5 6 7 8 9 10 11 18 19
22 23 24 25 26 27 28
29 30 31 32 33
35 36 37 38 39 40 41
34 35 41 42
22 28 29 34 42 43 44
2 3 4 5 19 20 21 45
46 47 48 49 50 51 52 53 54 55 56 57 58 59 60 61 62 63 64 65
21 22 29 33 34 44 45
0 51 25.2222
1 95 35
2 171 78
3 186 42
4 201 34
5 286 44
6 300 23
7 504 16
8 510.8 16
9 601.109 79.5981
10 595 130
11 557 165
12 559 241
13 525 262
14 477 264
15 420 217
16 402 186
17 405 168
18 454 153
19 329 136
20 350 188
21 327 209
22 526 343
23 550 268
24 594 288
25 608 413
26 603 448
27 542 448
28 508 402
29 433 385
30 465 475
31 369.87 475
32 327 417
33 352 383
34 268 262
35 310 330
36 306 357
37 292 391
38 263 424
39 253 408
40 231 355
41 263 317
42 252 249
43 243 212
44 260 214
45 280 202
46 195 194
47 228 239
48 240 256
49 244 274
50 244 279
51 243 285
52 241 293
53 238 296
54 232 299
55 221 304
56 216 306
57 208 305
58 183 300
59 172 296
60 141 282
61 130 275
62 89.05 239.9
63 76 179
64 74 154
65 73 97
66 51 76.0476
