Duration[s]: 3602.8 Porcentaje: 0.902438 TerminoTodo: 0
Convexos: 8 VerticesConvexos: 65
0 1 2 41 42 43 50
7 8 9 10 11 12 13 14 15 16 17 18 19 20
21 22 23 24 25 26 27 28 29 30 31
7 20 21 31 32 33 34 35 36
4 5 6 7 36 37
2 3 4 37 38 39 40 41
45 46 47 48 49
43 44 45 49 50
0 26 189
1 30.2951 137.459
2 45.8234 86.4373
3 116 120
4 147 148
5 191 105
6 240 138
7 331 216
8 259 131
9 253 107
10 253 102
11 257 65
12 281 50
13 351 32
14 388.545 32
15 478 116
16 481 146
17 477 193
18 457 205
19 387 220
20 369 220
21 408 235
22 454 219
23 491 208
24 531 200
25 579 227
26 601 272
27 588 349
28 557.956 414.552
29 518 420
30 498 415
31 407 364
32 395 402
33 381 403
34 322 377
35 316 354
36 297 277
37 283 288
38 297 327
39 274 362
40 241 370
41 67 153
42 90 226
43 86 258
44 135 289
45 205 394
46 357 437
47 377 462
48 175.181 460.873
49 92.7228 427.889
50 30 294
