Duration[s]: 3600.61 Porcentaje: 0.807409 TerminoTodo: 0
Convexos: 6 VerticesConvexos: 55
0 1 2 3 4 5 6 7 43 44
7 8 9 10 11 12 13 14 15 16
24 25 26 27 28 29 30 31
20 21 22 23 24 31 32 33 34
17 18 19 20 34 35 36 37
7 16 17 37 38 39 40 41 42 43
0 85 232
1 116 225
2 152 224
3 164 225
4 173 230
5 201 250
6 208 264
7 208 284
8 212 208
9 216 190
10 276 152
11 295 149
12 322 155
13 366 192
14 366 215
15 363 229
16 354 266
17 437 260
18 420 216
19 421 193
20 451 146
21 371 153
22 315 136
23 260 118
24 216 101
25 160 154
26 111 171
27 85 157
28 59 122
29 78.2774 42.4806
30 211 61
31 243 72
32 399 33
33 440 35
34 540.543 63.3221
35 624 164
36 614 259
37 561 277
38 585 294
39 607 390
40 605.623 421.68
41 355 438
42 253.167 438
43 71.3161 332.409
44 60.6575 276.452
