Duration[s]: 3601.09 Porcentaje: 0.701071 TerminoTodo: 0
Convexos: 8 VerticesConvexos: 65
0 1 2 3 4 5 6 7 8 48 49 50
29 30 31 32 33 34
25 26 27 28 29 34 35 36 37
13 14 15 16 17 18 19
12 13 19 20 21 22 23 24 25
11 12 25 37 38
9 10 11 38 39 40 41 42 43
8 9 43 44 45 46 47 48
0 79 225
1 101 199
2 140 183
3 195 174
4 253 194
5 299 220
6 306 250
7 266 286
8 232 305
9 331 319
10 331 289
11 372 250
12 369 224
13 153 113
14 140 137
15 98 167
16 62 151
17 38 102
18 79 76
19 138 96
20 211 54
21 544 60
22 575 73
23 610 104
24 613 149
25 543 176
26 571 198
27 581 221
28 612 301
29 617 368
30 599.952 403.232
31 539 423
32 477 412
33 462 391
34 558 366
35 500 358
36 444 329
37 425 274
38 388 267
39 413 337
40 417 367
41 408 386
42 377 401
43 355 408
44 175 422
45 118 416
46 79 392
47 76 355
48 106 330
49 65 295
50 60 269
