Duration[s]: 3601.82 Porcentaje: 0.910075 TerminoTodo: 0
Convexos: 6 VerticesConvexos: 62
0 1 2 3 4 5 6 7 48 49 50 51
16 17 18 19 20 21 22 23 24 25 26 27 28 29 30 31
15 16 31 32 33 34 35 36 37
14 15 37 38 39 40 41 42 43
8 9 10 11 12 13 14 43 44 45 46 47
7 8 47 48
0 26 286
1 37 274
2 57 256
3 86 246
4 105 244
5 133 244
6 166 249
7 221 270
8 352 288
9 374 236
10 395 217
11 425 215
12 460 220
13 480 233
14 532 287
15 505 183
16 456 178
17 326 203
18 247 215
19 210 214
20 162 204
21 133 187
22 111 155
23 110 117
24 110 96.3973
25 201 59
26 234 60
27 377 67
28 416 75
29 433 82
30 450 92
31 469 120
32 488 80
33 499 72
34 526 57
35 537 68
36 536 102
37 535 116
38 559 122
39 587 130
40 594.71 138.995
41 610 326
42 607.648 340.11
43 559 365
44 550.788 407.702
45 483 419
46 444 414
47 355 364
48 268 350
49 142 384
50 91.4673 380.968
51 26 349.29
