Duration[s]: 3601.24 Porcentaje: 0.901607 TerminoTodo: 0
Convexos: 10 VerticesConvexos: 86
0 1 2 3 60 61 62 63 64 65
4 5 6 7 8 9 10 11 12 13 14 15
17 18 19 20 21 22 23 24
43 44 45 46 47 48 49
34 35 36 37 38 39
26 27 28 29 30 31 32 33 34 39 40 41
16 17 24 25 43 49 50
52 53 54 55 56 57 58
51 52 58 59
3 4 15 16 25 26 41 42 43 50 51 59 60
0 48 132.072
1 53 127
2 85 128
3 138 152
4 149 138
5 110 99
6 108 85
7 122 57
8 162.538 40
9 201 40
10 226 44
11 250 54
12 273 70
13 283 90
14 286 107
15 278 123
16 315 124
17 343 112
18 357 69
19 399 62
20 439 67
21 473 108
22 473 128
23 443 151
24 384 156
25 382 181
26 391 203
27 465 158
28 500 139
29 524 135
30 541.396 148.917
31 560 231.083
32 560 261
33 548 293
34 518 336
35 538 355
36 499 395
37 436 391
38 404 359
39 436 330
40 386 288
41 378 259
42 361 272
43 326 295
44 387 319
45 390 346
46 341 394
47 280 394
48 267 378
49 284 333
50 247 296
51 227 291
52 214 368
53 227 410
54 154 398
55 100 359
56 93 324
57 132 282
58 184 294
59 187 258
60 168 220
61 138 236
62 122 238
63 81 217
64 49 193
65 48 174
