Duration[s]: 3600.59 Porcentaje: 0.800655 TerminoTodo: 0
Convexos: 5 VerticesConvexos: 48
0 1 2 24 25 26 27 28 38 39
10 11 12 13 14 15 16 17 18 19 20
9 10 20 21
2 3 4 5 6 7 8 9 21 22 23 24
28 29 30 31 32 33 34 35 36 37 38
0 60 179
1 102.308 73.2308
2 154.931 42.2759
3 239 24
4 372 15
5 446.559 24.4678
6 561 92.6923
7 561 142
8 545 183
9 519 190
10 472 277
11 562 337
12 567 368
13 556 465
14 519.385 479
15 450 479
16 429 463
17 409 439
18 400 426
19 344 267
20 377 253
21 423 197
22 303 190
23 259 173
24 204 137
25 217 176
26 223 197
27 218 229
28 174 316
29 307 384
30 326 414
31 317 427
32 290 445
33 263 460
34 96.705 425.252
35 86 386
36 82 355
37 92 333
38 120 300
39 61 257
