Duration[s]: 3602.16 Porcentaje: 0.601012 TerminoTodo: 0
Convexos: 5 VerticesConvexos: 48
0 1 37 38 39
4 5 6 7 8 9 10
3 4 10 11 12 13 14 15
16 17 18 19 20 21 22 23 24 25 26 27
1 2 3 15 16 27 28 29 30 31 32 33 34 35 36 37
0 40 428
1 81 413
2 46 326
3 91 294
4 89 249
5 54 223
6 53 171
7 66 71
8 113 39
9 132 72
10 132 136
11 170 62
12 199 39
13 255 23
14 296 22
15 360 128
16 373 120
17 374 74
18 419 47
19 443 44
20 453 43
21 534 37
22 567 44
23 605 77
24 636 149
25 614 178
26 586 201
27 538 219
28 607 321
29 610 333
30 614 416
31 609.716 434.564
32 557.381 459.485
33 437 471
34 367 473
35 330 472
36 292 464
37 208 445
38 209 466
39 160 475
