Duration[s]: 3602.27 Porcentaje: 0.804134 TerminoTodo: 0
Convexos: 6 VerticesConvexos: 60
0 1 2 3 4 5 6 7 8 24 25 26 27 28 43 44 45 46 47 48 49
9 10 11 12 13 14
16 17 18 19 20 21 22 23
8 9 14 15 16 23 24
29 30 31 32 33 34 35 36 37
28 29 37 38 39 40 41 42 43
0 212 417
1 185 398
2 181 395
3 154 364
4 150 359
5 129 331
6 118 299
7 120 255
8 125 184
9 84 196
10 93 234
11 85 301
12 28 320
13 35 183
14 67 155
15 49 92
16 76 60
17 146 20
18 297 28
19 328 33
20 323 50
21 307 54
22 239 64
23 163 75
24 191 107
25 301 90
26 327 97
27 340 122
28 363 179
29 441 147
30 431 87
31 446 40
32 575 51
33 578 88
34 554 117
35 547 124
36 501 140
37 467 148
38 543 260
39 455 408
40 421 418
41 385 414
42 378 409
43 354 297
44 330 408
45 327 413
46 308 420
47 298 423
48 256 431
49 233.765 425.706
