Duration[s]: 3600.29 Porcentaje: 0.900459 TerminoTodo: 0
Convexos: 16 VerticesConvexos: 105
0 1 68 69 70 73 74
4 5 6 7 8 9 10 11
2 3 4 11 12
28 29 30 31 32 33
35 36 37 38 39 40 41
33 34 35 41 42 43 44
27 28 33 44 45 46 47
26 27 47 48 49
25 26 49 50 51 52
24 25 52 53 54 55 56 57
23 24 57 58 59
22 23 59 60 61 62
13 14 15 16 17 18 19 20 21 22 62 63 64
2 12 13 64 65
1 2 65 66 67 68
70 71 72 73
0 62 175.143
1 87 93
2 130.713 46.2728
3 244.627 21.1056
4 311 16
5 380 24
6 515.429 46.5714
7 574 70
8 528 76
9 468 82
10 378 71
11 310 30
12 185 68
13 241 114
14 258 130
15 264 140
16 268 159
17 269 174
18 271 215
19 268 231
20 261 242
21 254 250
22 197 315
23 225 357
24 295 371
25 446 362
26 470 303
27 465 229
28 402 217
29 415 283
30 353 296
31 312 265
32 329 235
33 396 194
34 301 189
35 325 161
36 300 143
37 264 110
38 219 68
39 264 50
40 319 53
41 405 97
42 465 105
43 498 117
44 492 139
45 513 158
46 530 181
47 497 220
48 516 237
49 514 265
50 553 298
51 552 320
52 470 374
53 445 411
54 412 434
55 296 443
56 240 425
57 162 395
58 134 367
59 120 344
60 124 327
61 139 301
62 163 286
63 189 218
64 214 157
65 173 128
66 164 166
67 135 205
68 88 237
69 87 327
70 77 358
71 101 401
72 79 410
73 67.0189 386.038
74 62 243
