Duration[s]: 3601.45 Porcentaje: 0.802734 TerminoTodo: 0
Convexos: 8 VerticesConvexos: 64
0 1 45 46 49
25 26 27 28 29 30
15 16 17 18 19 20 21 22 23 24 25 30 31
32 33 34 35 36 37 38 39
11 12 13 14 15 31 32 39 40 41 42 43
10 11 43 44
1 2 3 4 5 6 7 8 9 10 44 45
46 47 48 49
0 -0 156.833
1 74 126
2 79 103
3 116.854 24
4 431.667 24
5 511.625 71.9748
6 513 171
7 484 184
8 455 196
9 418 197
10 363 195
11 282 229
12 304 251
13 308 278
14 308 290
15 307 309
16 368 241
17 391 231
18 424 228
19 453 245
20 518 306
21 582 416.933
22 582 479
23 473 479
24 429 471
25 352 450
26 299 468
27 269 455
28 263 427
29 290 407
30 295 407
31 268 368
32 238 400
33 239 414
34 237 432
35 138.457 438.94
36 104 391
37 112 366
38 144 351
39 198 362
40 187 338
41 176 284
42 176 244
43 177 192
44 141 166
45 84 158
46 34 253
47 96 297
48 56 340
49 0 303.833
