Duration[s]: 3604.48 Porcentaje: 0.901693 TerminoTodo: 0
Convexos: 16 VerticesConvexos: 110
0 73 74 75 76 77 78 79
3 4 5 6
23 24 25 26 27
31 32 33 34 35 36 37 38 39
30 31 39 40 41 42
44 45 46
43 44 46 47 48 49 50
22 23 27 28 29 30 42 43 50 51
17 18 19 20 21 22 51 52
14 15 16 17 52 53 54
13 14 54 55 56 57 58
63 64 65 66 67 68
59 60 61 62 63 68 69
12 13 58 59 69 70
1 2 3 6 7 8 9 10 11 12 70
0 1 70 71 72 73
0 37 276
1 38 235
2 53 199
3 79 162
4 62 49
5 170 49
6 183 98
7 240 66
8 271 66
9 286 93
10 268 123
11 250 140
12 210 164
13 270 192
14 315 191
15 330 118
16 337 100
17 359 102
18 396 60
19 435 52
20 445 61
21 462 132
22 464 142
23 506 117
24 508 84
25 543.514 79.1571
26 559 114
27 560 141
28 597 159
29 597 174
30 586 189
31 616 271
32 616 293
33 599 344
34 573 379
35 544 371
36 550 343
37 559 321
38 583 299
39 593 290
40 550 264
41 542 259
42 538 234
43 515 243
44 521 261
45 579 294
46 541 337
47 519 378
48 461 333
49 451 278
50 451 240
51 449 199
52 412 174
53 436 229
54 389 287
55 409 376
56 409 401
57 364 409
58 301 312
59 251 322
60 305 364
61 322 379
62 230 409
63 200 383
64 192 440
65 149.714 440
66 120 388
67 115 304
68 129 295
69 134 249
70 94 216
71 93 227
72 82 257
73 65 288
74 96 340
75 98 347
76 100 356
77 90 362
78 69 364
79 37 352.364
