Duration[s]: 3601.18 Porcentaje: 0.805012 TerminoTodo: 0
Convexos: 10 VerticesConvexos: 79
0 1 2 3 4 5 6 14 15 59 60
6 7 8 9 10 11 12 13 14
16 17 18 19 20 21 22 23 24 25 26
40 41 42 43 44 45
37 38 39 40 45 46 47
35 36 37 47 48
34 35 48 49 50 51 52
31 32 33 34 52 53
30 31 53 54 55 56 57 58 59
15 16 26 27 28 29 30 59
0 67 84
1 100.564 38.8174
2 146 37
3 196 41
4 244 45
5 256 56
6 295 127
7 303 59
8 331 36
9 336 35
10 365 45
11 370 49
12 373 63
13 354 123
14 309 164
15 320 204
16 379 182
17 379 130
18 409 50
19 428 37
20 446 37
21 446.514 37.0093
22 466 50
23 471 64
24 472 70
25 467 92
26 436 161
27 443 189
28 434 199
29 280 260
30 212 278
31 242 306
32 311 279
33 337 274
34 345 274
35 383 280
36 427 253
37 484 224
38 507 193
39 531 248
40 528 352
41 584 323
42 581 357
43 534 404
44 505 424
45 476 410
46 452 371
47 464 307
48 414 338
49 404 394
50 335 427
51 333 383
52 340 312
53 288 370
54 283 426
55 226 442
56 105.809 417.962
57 80 354
58 90 328
59 147 288
60 68 236
