Duration[s]: 3600.13 Porcentaje: 0.805899 TerminoTodo: 0
Convexos: 8 VerticesConvexos: 61
0 41 42 46
7 8 9 10 11 12 13 14 15
7 15 16 17 18 19 20 21
6 7 21 22 23 24 25 26 27
28 29 30 31 32 33 34 35 36
27 28 36 37 38 39 40
0 1 2 3 4 5 6 27 40 41
42 43 44 45 46
0 82 257
1 72 226
2 41 114
3 42.048 69.984
4 150 34
5 210 41
6 234 103
7 304 81
8 316 56
9 343 41
10 349 40
11 393 35
12 427 34
13 553.35 39.7432
14 512 87
15 441 95
16 526 138
17 582 186
18 571.533 272.723
19 523 304
20 513 298
21 359 166
22 380 199
23 391 263
24 382 266
25 361 269
26 349 261
27 231 150
28 380 319
29 453 294
30 469 298
31 492 311
32 506 327
33 508.534 372.606
34 420.865 413.233
35 338 417
36 249 393
37 151 334
38 142 322
39 145 272
40 150 234
41 111 248
42 118 341
43 216 441
44 175 451
45 66.0298 402.569
46 44 330
