Duration[s]: 3604.22 Porcentaje: 0.900985 TerminoTodo: 0
Convexos: 16 VerticesConvexos: 116
0 75 83 84 85
76 77 78 79 80 81 82
75 76 82 83
13 14 15 16 17 18 19
12 13 19 20 21 22 23 24 25 26 27
28 29 30 31 32 33 34
27 28 34 35 36
39 40 41 42 43 44 45
38 39 45 46
51 52 53 54 55 56 57
49 50 51 57 58
37 38 46 47 48 49 58 59 60 61 62
11 12 27 36 37 62 63
9 10 11 63 64 65 66 67 68
8 9 68 69 70 71 72 73 74 75
0 1 2 3 4 5 6 7 8 75
0 79 225
1 101 199
2 140 183
3 195 174
4 253 194
5 299 220
6 306 250
7 266 286
8 232 305
9 331 319
10 331 289
11 372 250
12 369 224
13 153 113
14 140 137
15 98 167
16 62 151
17 38 102
18 79 76
19 138 96
20 211 54
21 254 56
22 281 59
23 299 62
24 348 87
25 372 101
26 392 149
27 388 182
28 417 109
29 368 90
30 422 63
31 454 69
32 466 76
33 471 84
34 481 114
35 480 139
36 449 156
37 470 191
38 507 182
39 527 137
40 505 96
41 500 79
42 544 60
43 575 73
44 610 104
45 613 149
46 543 176
47 571 198
48 581 221
49 579 249
50 612 301
51 617 368
52 599.952 403.232
53 539 423
54 477 412
55 462 391
56 558 366
57 575 363
58 571 333
59 555 354
60 500 358
61 444 329
62 425 274
63 388 267
64 413 337
65 417 367
66 408 386
67 377 401
68 355 408
69 329 410
70 280 411
71 245 400
72 228 394
73 202 381
74 182 366
75 148 317
76 127 368
77 202 397
78 212 416
79 175 422
80 118 416
81 79 392
82 76 355
83 106 330
84 65 295
85 60 269
