Duration[s]: 3600.89 Porcentaje: 0.803888 TerminoTodo: 0
Convexos: 7 VerticesConvexos: 53
0 1 2 36 37 38 39 40
21 22 23 24 25
20 21 25 26
19 20 26 27 28 29
16 17 18 19 29 30
7 8 9 10 11 12 13 14 15 16 30 31
2 3 4 5 6 7 31 32 33 34 35 36
0 71.1557 99.5354
1 104 107
2 132 135
3 168 83
4 172 82
5 214 72
6 281 90
7 303 111
8 324 86
9 368 67
10 381 64
11 426 61
12 446 61
13 530.537 92.0544
14 534 144
15 523 173
16 472 248
17 509 259
18 523 276
19 450 325
20 504.684 396.772
21 372 441
22 260 441
23 74 434
24 79 406
25 172 414
26 354 373
27 385 292
28 405 285
29 412 287
30 431 265
31 365 272
32 354 336
33 257 376
34 214 378
35 165 349
36 119 267
37 111 316
38 107 328
39 66 313
40 53 237
