Duration[s]: 3600.17 Porcentaje: 0.603326 TerminoTodo: 0
Convexos: 4 VerticesConvexos: 38
0 1 2 3 4 5 6 7 8 9 10 11 30 31
17 18 19 20 21 22
14 15 16 17 22 23
11 12 13 14 23 24 25 26 27 28 29 30
0 67 84
1 101.567 37.4677
2 336 35
3 446.514 37.0093
4 466 50
5 471 64
6 472 70
7 467 92
8 443 189
9 434 199
10 280 260
11 212 278
12 337 274
13 345 274
14 383 280
15 507 193
16 531 248
17 528 352
18 584 323
19 581 357
20 534 404
21 505 424
22 476 410
23 414 338
24 404 394
25 335 427
26 226 442
27 105.809 417.962
28 80 354
29 90 328
30 147 288
31 68 236
