Duration[s]: 3600.44 Porcentaje: 0.701165 TerminoTodo: 0
Convexos: 14 VerticesConvexos: 102
0 1 2 3 4 73 74 75
8 9 10 11 12 13 14 15
16 17 18 19 20 21 22 23
29 30 31 32 33 34
26 27 28 29 34 35
25 26 35 36 37 38
24 25 38 39 40
15 16 23 24 40 41
47 48 49 50 51
42 43 44 45 46 47 51 52
63 64 65 66 67 68
57 58 59 60 61 62 63 68 69
7 8 15 41 42 52 53 54 55 56 57 69 70
4 5 6 7 70 71 72 73
0 50 17
1 102 10
2 130 21
3 144 44
4 91 110
5 168 187
6 185 221
7 188 244
8 224 191
9 175 150
10 145 108
11 149 70
12 163 24
13 194 5
14 244 91
15 294 223
16 317 169
17 257 91
18 252 15
19 294 15
20 318 32
21 348 116
22 344 147
23 334 174
24 377 191
25 388 124
26 361 48
27 379 18
28 417 15
29 600 23.774
30 600 119
31 595 153
32 583 188
33 529 158
34 548 55
35 482 70
36 495 147
37 473 162
38 405 150
39 402 184
40 370 234
41 338 247
42 447 325
43 429 229
44 522 203
45 583 241
46 584 304
47 536 368
48 584 389
49 555 412
50 461 428
51 479 376
52 454 362
53 405 422
54 370 438
55 352 444
56 294 463
57 256 439
58 249 473
59 207 479
60 91 471
61 63 438
62 78 406
63 99 391
64 73 358
65 67 319
66 77 292
67 111 283
68 159 356
69 188 342
70 177 275
71 77 234
72 63 203
73 63 138
74 38 89
75 29 41
