Duration[s]: 3601 Porcentaje: 0.900945 TerminoTodo: 0
Convexos: 9 VerticesConvexos: 80
0 1 62 63
10 11 12 13 14 15 16 17 18 19 20
6 7 8 9 10 20 21 22 23 24
29 30 31 32 33 34 35 36 37 38
38 39 40 41 42 43 44 45 46
28 29 38 46 47 48 49 50
25 26 27 28 50 51 52 53 54 55
2 3 4 5 6 24 25 55 56
1 2 56 57 58 59 60 61 62
0 40 94
1 103 77
2 148 48
3 196 41
4 470 75
5 504 95
6 503 124
7 544 169
8 581 225
9 584 246
10 590 320
11 601 333
12 617 355
13 628 379
14 630 391
15 627.333 399
16 606 415
17 558 417
18 522 408
19 507 363
20 502 330
21 487 328
22 381 266
23 372 236
24 368 170
25 275 146
26 286 163
27 288 168
28 328 311
29 407 350
30 459 328
31 500 351
32 503 370
33 504 377
34 505 391
35 476 419
36 463 430
37 451 437
38 381 416
39 337 459
40 316 466
41 222 415
42 184 392
43 181 373
44 183 356
45 204 351
46 265 356
47 225 308
48 218 293
49 217 275
50 228 272
51 207 197
52 202 165
53 201 153
54 200 136
55 200 119
56 172 94
57 147 301
58 134 305
59 84 292
60 72 275
61 65 263
62 63 150
63 34 120
