Duration[s]: 3601.72 Porcentaje: 0.800867 TerminoTodo: 0
Convexos: 7 VerticesConvexos: 51
0 34 35 36 37 38
8 9 10 11 12 13 14 15 16 17
18 19 20 21 22
24 25 26 27 28 29 30
5 6 7 8 17 18 22 23 24 30
2 3 4 5 30 31 32 33
0 1 2 33 34
0 18 110
1 54 62
2 146 36
3 192 15
4 222 35
5 254 64
6 334 28
7 379 23
8 381 60
9 490 78
10 505 89
11 589.968 189.703
12 613 405
13 613 428.136
14 439 469
15 371 467
16 332 447
17 276 359
18 242 355
19 227 416
20 141 414
21 127 362
22 191 339
23 176 313
24 180 275
25 131 244
26 125 237
27 116 195
28 128 157
29 174 147
30 214 164
31 155 96
32 135 72
33 127 60
34 33 125
35 107 294
36 97 318
37 55 331
38 27.7281 234.033
