Duration[s]: 3600.95 Porcentaje: 0.402719 TerminoTodo: 0
Convexos: 5 VerticesConvexos: 43
0 1 2 8 9 10 19 30 31 32 33 34
2 3 4 5 6 7 8
10 11 12 13 14 15 16 17 18 19
20 21 22 23 24 25 26
19 20 26 27 28 29 30
0 50 17
1 102 10
2 163 24
3 194 5
4 600 23.2063
5 600 119
6 595 153
7 583 188
8 405 150
9 402 184
10 370 234
11 522 203
12 583 241
13 584 304
14 584 406.333
15 294 463
16 256 439
17 253 392
18 282 305
19 296 266
20 213 419
21 240 449
22 249 473
23 207 479
24 91 471
25 63 438
26 78 406
27 67 319
28 77 292
29 111 283
30 177 275
31 77 234
32 63 203
33 38 89
34 29 41
