Duration[s]: 3601.24 Porcentaje: 0.704263 TerminoTodo: 0
Convexos: 7 VerticesConvexos: 62
0 1 2 3 4 36 37 47 48 49
4 5 6 7 8 9 10 11 12 13 14 15 16 17
18 19 20 21 22 23 24 25 26 27
28 29 30 31 32 33 34
17 18 27 28 34 35
4 17 35 36
37 38 39 40 41 42 43 44 45 46 47
0 25.6842 9
1 67 9
2 228 46
3 246 58
4 281 130
5 271 77
6 273 51
7 296 33
8 325 20
9 362 14
10 452.19 10.89
11 540.343 31.2329
12 567 117
13 558 144
14 527 173
15 493 201
16 455 212
17 361 216
18 449 304
19 446 279
20 474 226
21 630 187
22 640 191.444
23 640 412.413
24 576 450
25 533 446
26 506 438
27 481 427
28 345 361
29 408 431
30 393 451
31 322 442
32 270 409
33 250 386
34 255 277
35 282 257
36 236 233
37 174 331
38 201 354
39 227 408
40 230 426
41 230 430
42 214 448
43 172 464
44 85.8447 464
45 41 315
46 40 295
47 90 262
48 38 210
49 17 108
