Duration[s]: 3603.69 Porcentaje: 0.800639 TerminoTodo: 0
Convexos: 9 VerticesConvexos: 65
0 1 2 46 47 48
4 5 6 7 8
3 4 8 9 10 11
16 17 18 19 20 21 22
13 14 15 16 22 23 24
12 13 24
36 37 38 39 40 41 42 43 44 45
12 24 25 26 27 28 29 30 31 32 33 34 35 36 45
2 3 11 12 45 46
0 0 371
1 37 283
2 140 262
3 137 123
4 106 117
5 100 156
6 42 145
7 11 103
8 45.0297 39.802
9 189 42
10 242 63
11 205 94
12 256 188
13 242 129
14 246 109
15 275 74
16 292 64
17 460 20
18 490 20
19 515 45
20 500 78
21 424 94
22 341 76
23 335 84
24 264 124
25 307 109
26 360 109
27 386 112
28 422 124
29 454 149
30 470 166
31 478 184
32 482 205
33 483 229
34 481 261
35 474 295
36 389 365
37 507 311
38 549 297
39 576 321
40 568.385 361.615
41 476.8 453.2
42 359 478
43 320 473
44 257 460
45 241 451
46 215 435
47 130 466
48 95 466
