Duration[s]: 3600.26 Porcentaje: 0.902683 TerminoTodo: 0
Convexos: 12 VerticesConvexos: 83
0 1 8 59 60
1 2 3 4 5
1 5 6 7 8
13 14 15 16 17 18 19
20 21 22 23 24 25 26 27 28 29 30 31 32 33 34
12 13 19 20 34
35 36 37 38 39 40 41 42 43 44 45 46 47 48 49 50
10 11 12 34 35 50
51 52 53 54 55
50 51 55 56
10 50 56 57 58
8 9 10 58 59
0 168 79
1 276 112
2 172 51
3 244 44
4 349 68
5 348 110
6 377 155
7 282 143
8 242 127
9 373 211
10 307 213
11 390 249
12 423 272
13 419 218
14 378 175
15 406 162
16 428 156
17 596 200
18 599 295
19 574 317
20 511 353
21 578 371
22 593 379
23 603 390
24 612 412
25 603 443
26 499 461
27 469 460
28 416 444
29 407 438
30 390 420
31 389 409
32 390 389
33 394 383
34 444 336
35 370 316
36 368 365
37 347 451
38 312 460
39 299 463
40 248.84 456.92
41 223 444
42 204 434
43 182 413
44 168 390
45 165 379
46 165 357
47 170 327
48 189 314
49 221 300
50 316 260
51 137 274
52 126 404
53 48 400
54 78 267
55 125 229
56 193 219
57 104 172
58 247 181
59 113 98
60 29 77
