Duration[s]: 3602.51 Porcentaje: 0.600965 TerminoTodo: 0
Convexos: 5 VerticesConvexos: 51
26 27 28 29 30 31 32 33 34 35
20 21 22 23 24 25
15 16 17 18 19 26 35 36 37 38
7 8 9 10 11 12 13 14 15
0 1 2 3 4 5 6 7 15 19 20 25 26 38 39 40
0 25 338
1 27 301
2 37 278
3 46 259
4 109 203
5 122 195
6 288 144
7 334 134
8 86 157
9 58 149
10 30 109
11 50 83
12 167 42
13 314 36
14 335 40
15 400 127
16 460 55
17 462 62
18 471 104
19 482 170
20 526 195
21 521 117
22 571 98
23 589 113
24 566 201
25 543 229
26 485 276
27 571 279
28 583 281
29 589 305
30 596 356
31 598 371
32 598 389.455
33 523 419
34 463 428
35 367 404
36 308 460
37 298 465
38 187.286 465
39 83 415
40 45.4262 390.342
