Duration[s]: 3601.09 Porcentaje: 0.70049 TerminoTodo: 0
Convexos: 6 VerticesConvexos: 46
0 1 2 13 14 31 32 33 34 35
5 6 7 8 9 10 11
2 3 4 5 11 12 13
19 20 21 22 23 24
19 24 25 26 27 28 29 30
14 15 16 17 18 19 30 31
0 35 395
1 62 340
2 81 309
3 51 277
4 22 235
5 4 181
6 18.5026 39.3205
7 95 12
8 217 12
9 269 24
10 263 44
11 195 81
12 206 142
13 218 233
14 296 192
15 299 126
16 342 94
17 412.622 94
18 451 149
19 480 262
20 570 330
21 608 374
22 600 400
23 516 425
24 500 364
25 447 455
26 311 471
27 295 471
28 275 441
29 307 375
30 389 317
31 326 293
32 249 451
33 214 472
34 201.4 479
35 77.8235 479
