Duration[s]: 3602.36 Porcentaje: 0.800577 TerminoTodo: 0
Convexos: 5 VerticesConvexos: 48
0 1 2 3 4 36 37 38 39
27 28 29 30 31 32 33 34 35
20 21 22 23 24 25 26 27 35
12 13 14 15 16 17 18 19 20 35
4 5 6 7 8 9 10 11 12 35 36
0 7 76.4918
1 85 10
2 102 10
3 155 25
4 211 50
5 218 46
6 224 44
7 319 40
8 502 42
9 599.507 82.4551
10 622 166
11 583 190
12 502 218
13 559 226
14 576 254
15 610 383
16 611.641 402.692
17 605.535 448.488
18 540.211 470.263
19 496 465
20 411 417
21 411 442
22 398 479
23 308.889 479
24 270 469
25 254 462
26 244 452
27 208 402
28 155 435
29 110.6 435
30 106 412
31 77 258
32 77 238
33 80 222
34 86 212
35 113 184
36 80 156
37 48 170
38 23 164
39 7 144
