Duration[s]: 3601.1 Porcentaje: 0.700099 TerminoTodo: 0
Convexos: 5 VerticesConvexos: 52
0 1 2 3 4 40 41 42 43
13 14 15 16 17 18 19 20 21 22 23 24 25 26 27
31 32 33 34 35 36
28 29 30 31 36 37 38 39
4 5 6 7 8 9 10 11 12 13 27 28 39 40
0 48.6148 175.479
1 110 105
2 236 18
3 259 6
4 339 31
5 352 20
6 467 32
7 492.161 37.2419
8 550 124
9 558 169
10 558 204
11 555 226
12 540 245
13 448 280
14 552 278
15 592 282
16 629 316
17 631 320
18 634 338
19 621.038 419.01
20 604 444
21 565.456 477.919
22 528 480
23 521 479
24 310 443
25 300 422
26 309 399
27 379 294
28 313 275
29 311 307
30 302 322
31 273 351
32 252 449
33 215.904 444.946
34 147 406
35 129 383
36 206 315
37 184 278
38 243 224
39 274 220
40 238 162
41 125 303
42 61 303
43 39 254
