Duration[s]: 3603.24 Porcentaje: 0.900629 TerminoTodo: 0
Convexos: 12 VerticesConvexos: 98
0 1 69 70 71 72 73
7 8 9 10
3 4 5 6 7 13 14 15 16
21 22 23 24 25 26 27 28 29 30 31 32
17 18 19 20 21 32 33
34 35 36 37 38
16 17 33 34 38 39
53 54 55 56 57 58 59
60 61 62 63 64 65 66 67 68
42 43 44 45 46 47 48 49 50 51 52 53 59 68 69
1 2 3 16 39 40 41 42 69
7 10 11 12 13 59 60 68
0 31 376
1 87 349
2 62 248
3 135 214
4 111 200
5 96 190
6 85 178
7 110 127
8 70 113
9 27 94
10 124 90
11 157 64
12 180 54
13 210 63
14 236 69
15 253 76
16 280 150
17 306 112
18 326 65
19 347 52
20 403 40
21 435 37
22 525.473 40.1198
23 578.817 91.2411
24 594 154.143
25 594 199
26 592 216
27 586 222
28 581 223
29 544 219
30 525 205
31 516 197
32 443 57
33 414 70
34 409 104
35 485 170
36 484 199
37 428 207
38 403 143
39 341 158
40 364 208
41 366 215
42 360 247
43 410 232
44 428 227
45 462 225
46 468 229
47 524 270
48 555 297
49 572 325
50 573 349
51 564 363
52 544 381
53 518 402
54 569 448
55 570 459
56 541 471
57 492 474
58 427 449
59 407 395
60 354 408
61 356 450
62 302 476
63 255.5 476
64 224 455
65 203 440
66 199 429
67 202 395
68 266 344
69 218 321
70 182 360
71 160 383
72 92 414
73 23 421
