Duration[s]: 3600.23 Porcentaje: 0.403192 TerminoTodo: 0
Convexos: 4 VerticesConvexos: 37
0 1 2 3 4 11 12 30
4 5 6 7 8 9 10 11
13 14 15 16 17 18 19 20 21 22 23 24 25
12 13 25 26 27 28 29 30
0 63.6004 91.0469
1 223.37 25.2593
2 313 22
3 338 23
4 380 132
5 394 53
6 566 7
7 593.391 7
8 587 56
9 576 86
10 493 146
11 370 207
12 256 200
13 356 361
14 336 299
15 329 274
16 339 241
17 552 128
18 575 116
19 588 133
20 633 264.447
21 633 418.986
22 478 445
23 432 446
24 410 435
25 384 411
26 347 434
27 317 444
28 102.123 431.56
29 65.3733 371.185
30 59 129
