Duration[s]: 3600.11 Porcentaje: 0.800478 TerminoTodo: 0
Convexos: 7 VerticesConvexos: 75
0 1 2 3 4 5 6 7 8 9 10 11 59 60 61 62
14 15 16 17 18 19 20 21 22 23 24 25 26 27 28 29
13 14 29 30
31 32 33 34 35 36 37 38 39
41 42 43 44 45 46 47 48 49 50 51 52
12 13 30 31 39 40 41 52 53 54 55
11 12 55 56 57 58 59
0 32 156
1 61 107
2 85 81
3 210.132 37.0347
4 236 36
5 265 41
6 288 51
7 299 57
8 320 77
9 327 98
10 325 128
11 290 158
12 273 228
13 309 216
14 362 111
15 363 76
16 373 66
17 396 53
18 407 50
19 421 48
20 449 49
21 480.2 59.4
22 530.684 97.2632
23 567 159
24 568 176
25 565 198
26 545 221
27 525 225
28 499 225
29 437 175
30 404 210
31 419 235
32 485 258
33 583 346
34 583 398
35 400 460
36 374 447
37 363 431
38 358 366
39 357 349
40 296 410
41 236 427
42 236 439
43 198 442
44 129 439
45 96 436
46 55 403
47 52 388
48 51 372
49 51 358
50 55 357
51 73 363
52 218 415
53 180 389
54 167 358
55 173 323
56 139 337
57 108 338
58 71 303
59 119 240
60 61 216
61 55 213
62 31 165
