Duration[s]: 3609.37 Porcentaje: 0.900436 TerminoTodo: 0
Convexos: 14 VerticesConvexos: 108
0 68 69 70 76 77
70 71 72 73 74 75 76
55 56 57 58 59 60 61 62 63
4 5 6 7 8 9
22 23 24 25 26 27 28
38 39 40 41 42 43 44
34 35 36 37 38 44 45 46
29 30 31 33 34 46 47 48 49 50
16 17 18 19 20 21
15 16 21 22 28 50 51
3 4 9 10 15 51 52 53
0 1 2 3 53 54 55 63 67 68
10 11 12 13 14 15 63 64 65 66 67
28 29 31 32 33 50
0 70 257
1 43 223
2 29 204
3 70 184
4 73 162
5 70 122
6 76.0909 109.818
7 158 52
8 172 70
9 173 103
10 219 90
11 221 67
12 252 51
13 284 44
14 310 84
15 315 103
16 358 84
17 362 64
18 507 49
19 517 72
20 487 115
21 463 129
22 495 153
23 542 109
24 567 93
25 576 103
26 564 161
27 559 174
28 507 208
29 522 215
30 564 222
31 567 242
32 602 283
33 564 310
34 563 317
35 596 364
36 582 394
37 539 406
38 512 408
39 521 433
40 511 442
41 388 438
42 390 425
43 454 394
44 481 390
45 478 380
46 472 343
47 430 317
48 420 294
49 418 260
50 436 238
51 395 222
52 382 265
53 331 291
54 367 314
55 386 329
56 418 327
57 423 349
58 424 405
59 340 432
60 311 441
61 282 438
62 276 424
63 279 384
64 265 412
65 238 418
66 208 413
67 205 350
68 119 299
69 140 356
70 113 363
71 149 391
72 160 409
73 138 416
74 84 407
75 39 385
76 75 360
77 31 321
