Duration[s]: 3602.86 Porcentaje: 0.904184 TerminoTodo: 0
Convexos: 11 VerticesConvexos: 94
0 1 2 3 4 70 71 72 73
14 15 16 17 18 19 20 21 22 23 24 25
30 31 32 33 34 35
37 38 39 40 41 42 43 44
35 36 37 44 45 46 47
27 28 29 30 35 47 48 49 50
61 62 63 64 65 66
51 52 53 54 55 56 57 58 59 60 61 66
26 27 50 51 66 67
7 8 9 10 11 12 13 14 25 26 67 68
4 5 6 7 68 69 70
0 29 132
1 56 45
2 63 34
3 110 49
4 125 69
5 163 52
6 191 44
7 213 67
8 298 43
9 315 39
10 333 36
11 362 36
12 395 51
13 406 75
14 420 121
15 444 62
16 457 58
17 481 58
18 530.912 71.8055
19 569 124
20 571 150
21 567 170
22 541 188
23 501 193
24 439 187
25 428 168
26 396 198
27 443 230
28 476 194
29 503 199
30 519 216
31 570 216
32 589 229
33 593 242
34 559 259
35 504 256
36 525 279
37 526 291
38 547 293
39 586 315
40 606 362.368
41 606 385.889
42 593 396
43 583 397
44 528 367
45 521 408
46 450 404
47 464 354
48 406 386
49 363 381
50 377 348
51 335 327
52 327 414
53 305 419
54 275 425
55 223 433
56 197 435
57 166 424
58 121.182 390.707
59 70 315
60 69 300
61 80 247
62 70 224
63 78 182
64 93 149
65 139 147
66 159 201
67 205 166
68 185 142
69 150 133
70 106 115
71 62 179
72 50 181
73 28 156
