Duration[s]: 3603.13 Porcentaje: 0.80327 TerminoTodo: 0
Convexos: 8 VerticesConvexos: 63
0 1 2 3 46 47 48
12 13 14 15 16 17 18 19 20 21
7 8 9 10 11 12 21 22
30 31 32 33 34 35 36 37
24 25 26 27 28 29 30 37 38 39 40 41 42
23 24 42 43
7 22 23 43 44
3 4 5 6 7 44 45 46
0 60 41
1 188 29
2 221 28
3 253 50
4 332 40
5 407 44
6 440 74
7 464 134
8 507 71
9 550 100
10 589 180
11 609 236
12 600 296
13 627 331
14 592.99 396.959
15 566 408
16 541 411
17 512 406
18 484 386
19 474 350
20 504 319
21 532 291
22 465 256
23 426 276
24 403 331
25 431 390
26 429 407
27 363 426
28 321 426
29 286 407
30 177 342
31 202 380
32 204 389
33 110 412
34 63 391
35 54 349
36 66 308
37 133 314
38 89 184
39 138 147
40 194 130
41 246 169
42 333 252
43 360 228
44 424 166
45 297 144
46 195 83
47 65 142
48 42 93
