Duration[s]: 3601.48 Porcentaje: 0.901258 TerminoTodo: 0
Convexos: 10 VerticesConvexos: 78
0 55 56 57 58 59
13 14 15 16 17 18 19 20 21 22 23 24 25 26 27
29 30 31 32 33 34 35
28 29 35 36
37 38 39 40 41
43 44 45 46 47 48 49
8 9 10 11 12 13 27 28 36 37 41 42 43 49 50
5 6 7 8 50 51
2 3 4 5 51 52 53 54
0 1 2 54 55
0 18 110
1 54 62
2 146 36
3 192 15
4 222 35
5 254 64
6 334 28
7 379 23
8 381 60
9 490 78
10 505 89
11 589.968 189.703
12 590 190
13 563 266
14 592 320
15 602 348
16 607 369
17 611 391
18 613 405
19 613 424
20 571 438
21 515 443
22 486 432
23 465 419
24 432 396
25 427 383
26 439 364
27 457 349
28 349 355
29 369 409
30 447 422
31 472 432
32 472 459
33 439 469
34 371 467
35 332 447
36 276 359
37 242 355
38 227 416
39 141 414
40 127 362
41 191 339
42 176 313
43 180 275
44 131 244
45 125 237
46 116 195
47 128 157
48 174 147
49 214 164
50 240 134
51 205 109
52 155 96
53 135 72
54 127 60
55 33 125
56 107 294
57 97 318
58 55 331
59 27.7281 234.033
