Duration[s]: 3602.24 Porcentaje: 0.801193 TerminoTodo: 0
Convexos: 12 VerticesConvexos: 89
0 28 29 64 65 66
22 23 24 25 26
12 13 14 15 16 17 18 19 20
5 6 7 8 9 10 11 12 20 21 22
4 5 22 26 27
0 1 2 3 4 27 28
37 38 39 40 41 42 43 44 45 46 47 48 49 50 51 52
32 33 34 35 36 37
32 37 52 53 54 55
30 31 32 55 56 57 58
59 60 61 62 63 64
29 30 58 59 64
0 25 223
1 33.9251 66.8116
2 85.2936 24.616
3 121 59
4 132 71
5 164 105
6 189 57
7 209 47
8 244 32
9 288 23
10 342 13
11 409 13
12 618.3 53.5096
13 639 96
14 639 240
15 638 255
16 600 278
17 552 290
18 511 287
19 448 260
20 524 107
21 381 186
22 246 213
23 351 255
24 335 310
25 253 318
26 126 264
27 102 139
28 70 209
29 137 343
30 239 332
31 316 366
32 365 413
33 375 322
34 383 289
35 418 282
36 428 281
37 439 331
38 514 302
39 540 293
40 552 291
41 568 291
42 580 293
43 597 296
44 617 303
45 636 331
46 639 350.5
47 639 350.875
48 625.29 410.855
49 607 420
50 582 422
51 581 422
52 475 398
53 488 436
54 487 440
55 380 479
56 253.167 479
57 210 442
58 217 392
59 170 390
60 169 430
61 161 445
62 155 450
63 106 425
64 100 368
65 52 375
66 25 364.875
