Duration[s]: 3600.52 Porcentaje: 0.904601 TerminoTodo: 0
Convexos: 9 VerticesConvexos: 82
0 1 2 62 63 64 65
37 38 39 40 41 42 43 44 45 46 47 48 49 50 51
29 30 31 32 33 34 35 36 37 51 52 53
23 24 25 26 27 28 29 53 54 55 56
13 14 15 16 17 18 19 20 21 22 23 56 57
12 13 57 58 59 60
7 8 9 10 11 12
3 4 5 6 7 12 60 61
2 3 61 62
0 0 258
1 24 215
2 64 200
3 46 148
4 10 121
5 17 90
6 58 88
7 107 87
8 110 66
9 142 24
10 160 18
11 182 43
12 182 86
13 252 99
14 260 53
15 295 38
16 343 35
17 381 35
18 486.545 58.4545
19 526 75
20 545 99
21 556 131
22 546 149
23 524 171
24 584 221
25 599 243
26 600 245.667
27 600 286
28 585 312
29 548 341
30 562 355
31 571 372
32 571 379
33 570 388
34 558.333 399.667
35 501 424.75
36 375 430
37 232.349 423.041
38 189 411
39 158 392
40 138 376
41 102 329
42 99 311
43 100 277
44 112 246
45 147 223
46 164 214
47 195 210
48 267 215
49 283 231
50 286 296
51 287 325
52 334 320
53 483 324
54 417 297
55 395 271
56 389 240
57 346 196
58 343 223
59 324 262
60 262 194
61 112 195
62 89 223
63 84 327
64 44 336
65 31.4679 329.518
