Duration[s]: 3600.02 Porcentaje: 0.610894 TerminoTodo: 0
Convexos: 5 VerticesConvexos: 39
0 1 2 3 25 26 27 28 29 30
4 5 6 7 8
10 11 12 13 14 15 16 17 18 19 20
9 10 20 21 22 23 24
3 4 8 9 24 25
0 9 257.645
1 49 117
2 77 98
3 111 121
4 271 117
5 260 74
6 317 95
7 352 148
8 312 192
9 347 264
10 393 247
11 369 195
12 364 133
13 367 107
14 377 79
15 417 61
16 516 30
17 577.014 36.7793
18 613 290.12
19 613 333.333
20 487.357 417.095
21 270 400
22 227 387
23 223 375
24 230 334
25 164 233
26 214 343
27 212 416
28 176 447
29 138 425
30 9 299.455
