Duration[s]: 3600.34 Porcentaje: 0.703802 TerminoTodo: 0
Convexos: 4 VerticesConvexos: 35
0 1 2 3 15 16 27 28
5 6 7 8 9 10 11 12 13 14
3 4 5 14 15
16 17 18 19 20 21 22 23 24 25 26 27
0 51.6296 98.5926
1 162.172 7
2 207.922 7
3 290 86
4 393 49
5 440.297 41.6099
6 587 231.704
7 587 355
8 549.749 452.784
9 479 456
10 456 456
11 423 455
12 389 443
13 359 401
14 375 279
15 335 217
16 285 316
17 296 314
18 304 315
19 315 331
20 338 412
21 342 431
22 342 451
23 328 469
24 310.889 480
25 261.227 480
26 95.7484 453.427
27 49.973 401.112
28 45 145
