Duration[s]: 3603.55 Porcentaje: 0.802102 TerminoTodo: 0
Convexos: 14 VerticesConvexos: 100
0 1 70 71 72 73
14 15 16 17 18 19 20 21 22 23
14 23 24 25 26
11 12 13 14 26 27
27 28 29 30 31 32 33 34 35
37 38 39 40 41 42 43 44
45 46 47 48 49 50 51 52 53
45 53 54 55 56 57 58
44 45 58
36 37 44 58 59 60 61 62
8 9 10 11 27 35 36 62 63
4 5 6 7 8 63
66 67 68 69 70
1 2 3 4 63 64 65 66 70
0 111 324
1 132 317
2 57 215
3 52 173
4 109 163
5 67 86
6 61 52
7 115 67
8 157 137
9 180 69
10 190 57
11 253 55
12 322 24
13 385 11
14 492.548 27.0178
15 567.532 54.7897
16 636.285 101.443
17 635 131
18 609 159
19 607 159
20 573 158
21 544 143
22 526 132
23 508 114
24 460 103
25 428 87
26 410 53
27 282 61
28 344 63
29 408 71
30 412 92
31 404 112
32 373 127
33 359 130
34 330 132
35 309 126
36 323 187
37 370 180
38 403 138
39 465 124
40 510 130
41 522 153
42 524 169
43 502 199
44 443 235
45 544 303
46 531 210
47 547 169
48 569 163
49 585 168
50 621 191
51 632 221
52 639 367
53 639 389.324
54 460 399
55 378 400
56 377 367
57 395 341
58 454 266
59 389 300
60 332 320
61 309 296
62 295 216
63 209 244
64 258 303
65 281 331
66 302 401
67 347 418
68 328 451
69 277 439
70 203 373
71 167 401
72 107 401
73 65 355
