Duration[s]: 3602.44 Porcentaje: 0.902942 TerminoTodo: 0
Convexos: 13 VerticesConvexos: 92
0 1 2 63 64 67
13 14 15 16 17 18 19
12 13 19 20 21 22 23 24 25 26 27 28 29
11 12 29 30
46 47 48 49 50 51
38 39 40 41 42 43 44 45 46 51
32 33 34 35 36 37 38 51
10 11 30 31 32 51 52
53 54 55 56 57 58
9 10 52 53 58 59 60
8 9 60 61 62
2 3 4 5 6 7 8 62 63
64 65 66 67
0 0 188
1 26 146
2 74 126
3 79 103
4 102 55
5 228 128
6 246 156
7 232 173
8 214 191
9 228 285
10 243 295
11 241 231
12 267 120
13 261 94
14 229 93
15 151 73
16 136 47
17 138 24
18 261 33
19 297 57
20 336 37
21 353 29
22 367 26
23 412.337 24.5375
24 511.475 61.1754
25 513 171
26 484 184
27 455 196
28 418 197
29 363 195
30 282 229
31 304 251
32 319 312
33 368 241
34 391 231
35 424 228
36 453 245
37 518 306
38 528 391
39 549 395
40 559 397
41 578 410
42 582 430
43 582 479
44 473 479
45 429 471
46 313 442
47 315 459
48 299 468
49 269 455
50 263 427
51 290 407
52 268 368
53 237 432
54 138.457 438.94
55 104 391
56 112 366
57 144 351
58 198 362
59 187 338
60 176 284
61 176 244
62 177 192
63 84 158
64 34 253
65 96 297
66 56 340
67 0 303.833
