Duration[s]: 3602.92 Porcentaje: 0.802341 TerminoTodo: 0
Convexos: 13 VerticesConvexos: 105
0 36 37 38 39 78 79 80
17 18 19 20 21 22 23
12 13 14 15 16 17 23 24 25 26 27
9 10 11 12 27 28 29 30 31 32
4 5 6 7 8 9 32
0 1 2 3 4 32 33 34 35 36
40 41 42 43 44 45 46 47 48 49
54 55 56 57 58 59 60 61 62
53 54 62 63 64 65 66 67 68 69
53 69 70
52 53 70 71 72 73 74
51 52 74 75 76
39 40 49 50 51 76 77 78
0 41 280
1 0 223
2 1 196
3 25 163
4 68 111
5 36 67
6 43 39
7 49.7891 13.6216
8 83 24
9 183 80
10 235 29
11 277 24
12 310 65
13 430 23
14 460 16
15 479 13
16 500 11
17 547.96 15.9614
18 631 95.8077
19 631 209
20 603 292
21 547 318
22 501 327
23 507 193
24 468 213
25 401 210
26 372 201
27 307 115
28 294 169
29 285 173
30 264 173
31 229 163
32 151 135
33 194 167
34 230 196
35 232 208
36 227 233
37 224 258
38 218 278
39 176 303
40 246 341
41 296 301
42 335 296
43 352 305
44 362 316
45 366 336
46 368 355
47 360 405
48 323 430
49 251 395
50 246 429
51 184 445
52 370 433
53 385 334
54 320 274
55 258 313
56 238 290
57 241 259
58 259 236
59 282 223
60 326 206
61 337 204
62 340 235
63 409 224
64 432 230
65 454 242
66 479 256
67 494 278
68 492 299
69 449 320
70 429 339
71 517 387
72 518 406
73 478 450
74 375.586 480
75 184.308 480
76 88.0477 458.046
77 60 431
78 64 352
79 34 353
80 0 323
