Duration[s]: 3601.9 Porcentaje: 0.802304 TerminoTodo: 0
Convexos: 6 VerticesConvexos: 50
0 1 2 3 36 37 38 39
4 5 6 7 8 9 10
21 22 23 24 25 26 27 28
4 10 11 12 13 14 15 16 17 18 19 20 21 28 29
30 31 32 33 34
3 4 29 30 34 35 36
0 50 53
1 80 45
2 149 52
3 249 184
4 286 187
5 236 121
6 233 92
7 239 39
8 264 31
9 300 64
10 314 109
11 339 47
12 361 29
13 371 23
14 375 21
15 417 12
16 444 10
17 475 26
18 538.181 69.9518
19 553 107
20 553 126
21 519 218
22 571 244
23 601 301
24 596 331
25 523 426
26 446 382
27 452 346
28 470 307
29 411 301
30 388 324
31 412 429
32 368 434
33 300 401
34 340 357
35 247 361
36 216 291
37 176 293
38 148 274
39 55.002 125.53
