Duration[s]: 3600.37 Porcentaje: 0.806686 TerminoTodo: 0
Convexos: 4 VerticesConvexos: 44
0 1 27 28 29 30 31 32 33 34 35 36 37
9 10 11 12 13 14
14 15 16 17 18 19 20 21 22 23 24 25 26
1 2 3 4 5 6 7 8 9 14 26 27
0 80 57.6154
1 185 77
2 281 30
3 310.935 22.7742
4 373 18
5 592.125 36.2604
6 624 102.667
7 624 228
8 618 237
9 541 279
10 610.158 340.614
11 522 370
12 511 366
13 480 347
14 402 249
15 407 308
16 408 365
17 393 372
18 377 378
19 334.694 373.165
20 302 349
21 295 322
22 293 291
23 292 275
24 293 259
25 303 247
26 332 230
27 250 145
28 266 172
29 267 177
30 268 187
31 267 201
32 258 210
33 211 226
34 192 228
35 141 230
36 130.509 225.804
37 80 127.19
