Duration[s]: 3606.38 Porcentaje: 0.701064 TerminoTodo: 0
Convexos: 8 VerticesConvexos: 69
0 1 2 3 4 5 6 7 8 9 10 11 12 52 53 54
14 15 16 17
19 20 21 22 23 24 25 26
18 19 26 27 28 29
14 17 18 29 30
13 14 30 31 32 33 34 35
42 43 44 45 46 47 48
12 13 35 36 37 38 39 40 41 42 48 49 50 51 52
0 12 123
1 44.0753 77.56
2 179.303 45.3038
3 281 44
4 341 49
5 417 60
6 462 73
7 471 79
8 511 108
9 526 132
10 528 168
11 504 216
12 414 266
13 425 328
14 460 329
15 461 275
16 476 265
17 500 323
18 544 325
19 546 173
20 549 142
21 583 90
22 633 56
23 636 65
24 636 107
25 605 146
26 562 167
27 594 215
28 613 246
29 580 391
30 572 440
31 599 472
32 552 479
33 496 479
34 452 468
35 424 422
36 380 455
37 358 467
38 331 471
39 245 461
40 209 444
41 194 434
42 92 326
43 175 453
44 170 470
45 143 479
46 47.8987 435.189
47 30 292
48 36 266
49 65 219
50 81 205
51 88 204
52 127 199
53 65 175
54 45 163
