Duration[s]: 3601.92 Porcentaje: 0.900158 TerminoTodo: 0
Convexos: 8 VerticesConvexos: 65
0 1 2 3 8 9 10 48 49 50
3 4 5 6 7 8
17 18 19 20 21 22 23 24
15 16 17 24 25 26 27 28 29
30 31 32 33 34 35 36
14 15 29 30 36 37 38
14 38 39 40 41 42 43
10 11 12 13 14 43 44 45 46 47 48
0 61 59
1 86 53
2 114 60
3 199 89
4 226 54
5 232 51
6 263 80
7 268 108
8 236 115
9 243 160
10 240 177
11 350 241
12 350 262
13 349 265
14 347 269
15 389 232
16 361 201
17 406 184
18 409 124
19 420 105
20 453 95
21 541 90
22 566 124
23 560 148
24 516 172
25 549 218
26 558 235
27 570 272
28 569 287
29 537 304
30 539 354
31 576 381
32 591 393
33 585.494 409.518
34 527 404
35 500 393
36 499 366
37 447 372
38 383 339
39 407 405
40 361 424
41 336 414
42 325 400
43 302 348
44 258 384
45 241 389
46 210.68 387.737
47 162 270
48 154 214
49 145 205
50 85 144
