Duration[s]: 3607.67 Porcentaje: 0.902755 TerminoTodo: 0
Convexos: 14 VerticesConvexos: 114
0 85 86 87
5 6 7 8 9 10 11 12 13 14
1 2 3 4 5 14
26 27 28 29 30 31 32 33 34 35 36 37 38 39 40 41 42 43
18 19 20 21 22 23 24 25 26 43 44
16 17 18 44 45
57 58 59 60 61 62 63 64
53 54 55 56 57 64 65 66 67 68 69
52 53 69 70 71 72 73 74 75
49 50 51 52 75 76
76 77 78 79 80 81
48 49 76 81 82 83
16 45 46 47 48 83 84
0 1 14 15 16 84 85
0 59 241
1 91 190
2 50 196
3 49 196
4 25 146
5 63 112
6 35 79
7 36.6542 69.4424
8 86 19
9 93 17
10 134 45
11 145 57
12 147 70
13 149 88
14 148 117
15 186 115
16 231 140
17 202 93
18 213 69
19 178 53
20 173 39
21 179 29
22 212 20
23 274 15
24 284 15
25 295 20
26 322 42
27 346 26
28 420 15
29 447.667 15
30 519.045 31.4719
31 605 109
32 609 128
33 610 162
34 608 188
35 560 259
36 530 285
37 511 292
38 489 296
39 443 285
40 392 267
41 361 246
42 327 186
43 309 80
44 289 88
45 274 108
46 277 151
47 276 182
48 259 218
49 250 261
50 297 232
51 333 274
52 316 322
53 390 319
54 385 301
55 398 300
56 431 303
57 487 313
58 520 300
59 592 298
60 631 318
61 639 367
62 639 384
63 629 397
64 610 410
65 605 447
66 600 461
67 575 472
68 553 479
69 501 476
70 274 479
71 207 479
72 170 477
73 154 458
74 153 434
75 153 413
76 130 394
77 127 400
78 112 428
79 71 434
80 57 412
81 97 387
82 73 339
83 104 317
84 119 264
85 92 255
86 42 300
87 8 235
