Duration[s]: 3603.89 Porcentaje: 0.803629 TerminoTodo: 0
Convexos: 9 VerticesConvexos: 77
0 1 2 3 58 59 60
5 6 7 8 9 10 11 12 13 14 15 16 17 18
22 23 24 25 26 27 28
31 32 33 34 35 36 37 38 39 40
30 31 40 41 42 43 44
4 5 18 19 20 21 22 28 29 30 44 45
47 48 49 50 51 52
52 53 54 55 56 57
3 4 45 46 47 52 57 58
0 20 288.48
1 28 268
2 66 180
3 96 200
4 232 247
5 186 191
6 178 198
7 157 197
8 138 193
9 113 177
10 106 167
11 102 157
12 98 145
13 94 130
14 103 76
15 103.045 75.8845
16 150.413 50.0476
17 172 46
18 185 80
19 226 63
20 349 38
21 359 39
22 438 47
23 492 24
24 512 22
25 604.749 55.9326
26 612 94
27 601 135
28 551 160
29 593 212
30 552 239
31 552 292
32 571 312
33 605 359
34 620 391
35 615 416
36 589 444
37 521 461
38 495 441
39 482 416
40 480 371
41 415 410
42 353 397
43 338 373
44 362 307
45 321 311
46 330 406
47 322 426
48 391 449
49 372 466
50 328 471
51 265 448
52 257 431
53 166 472
54 75 425
55 73 413
56 83 399
57 163 307
58 131 260
59 67 323
60 20 304
