Duration[s]: 3601.27 Porcentaje: 0.803982 TerminoTodo: 0
Convexos: 10 VerticesConvexos: 73
0 49 50 51 52 53
17 18 19 20 21 22
28 29 30 31 32 33 34
25 26 27 28 34 35
22 23 24 25 35 36 37 38 39
40 41 42 43 44 45 46 47 48
11 12 13 14 15 16 49
6 7 8 9 10 11 49
3 4 5 6 49
0 1 2 3 16 17 22 39 40 48 49
0 70 257
1 43 223
2 29 204
3 70 184
4 70 114.118
5 158 52
6 201 105
7 221 67
8 252 51
9 284 44
10 310 84
11 315 103
12 362 64
13 507 49
14 517 72
15 487 115
16 463 129
17 495 153
18 542 109
19 579.758 84.8347
20 564 161
21 559 174
22 505 200
23 564 222
24 602 283
25 563 317
26 596 364
27 582 394
28 512 416
29 521 433
30 511 442
31 388 438
32 390 425
33 401 420
34 426 417
35 472 343
36 430 317
37 420 294
38 418 260
39 436 238
40 331 291
41 418 327
42 423 349
43 424 405
44 340 432
45 307.778 442
46 293.84 442
47 208 413
48 205 350
49 119 299
50 160 409
51 116.441 422.86
52 39 385
53 31 321
