Duration[s]: 3610.54 Porcentaje: 0.803531 TerminoTodo: 0
Convexos: 7 VerticesConvexos: 67
0 1 9 10 11 12 13 53 54
1 2 3 4 5 6 7 8 9
30 31 32 33 34 35 36
25 26 27 28 29 30 36 37
18 19 20 21 22 23 24 25 37 38 39 40 41 42
43 44 45 46 47 48 49 50 51 52 53
13 14 15 16 17 18 42 43 53
0 61 301
1 102 186
2 97 180
3 80 151
4 110.896 24.22
5 193 18
6 224 19
7 276 34
8 284 38
9 298 50
10 421 16
11 433 14
12 436 23
13 427 48
14 511 21
15 522 20
16 543 20
17 544.264 20.069
18 571.513 39.3035
19 577 96
20 579 136
21 579 154
22 577 166
23 573 176
24 567 190
25 554 216
26 589 274
27 593 292
28 588 340
29 583 346
30 559 372
31 596 428
32 597 442
33 596 461
34 581 475
35 534 470
36 448 424
37 419 418
38 414 423
39 374 417
40 361 402
41 362 338
42 389 299
43 298 310
44 372 430
45 377 453
46 378 463
47 377 479
48 225 479
49 149.957 441.478
50 138 423
51 134 407
52 130 386
53 131 312
54 87 344
