Duration[s]: 3600.19 Porcentaje: 0.703616 TerminoTodo: 0
Convexos: 5 VerticesConvexos: 46
0 1 2 35 36 37
2 3 4 5 6 7 8 9 10 11 12 13 14 15
16 17 18 19 20 21 22 23 24 25 26
28 29 30 31 32 33 34
2 15 16 26 27 28 34 35
0 52 386
1 69 349
2 135 225
3 70 239
4 61 221
5 60 209
6 55.936 80.3081
7 106.412 43
8 140 43
9 150 44
10 160 50
11 164 53
12 177 64
13 180 70
14 183 77
15 222 206
16 372 236
17 319 224
18 246 187
19 241 157
20 248 128
21 281 112
22 304 106
23 540 57
24 567.422 57
25 595 242
26 600 286
27 570 319
28 541 340
29 596 332
30 614 355
31 594.769 480
32 256.8 480
33 237 469
34 215 452
35 141 390
36 139 457
37 54.4421 453.156
