Duration[s]: 3600.39 Porcentaje: 0.704727 TerminoTodo: 0
Convexos: 4 VerticesConvexos: 37
0 1 2 3 4 5 19 28 29 30
9 10 11 12 13 14 15 16 17 18
5 6 7 8 9 18 19
19 20 21 22 23 24 25 26 27 28
0 14 103
1 75.0149 60.5998
2 296 44
3 428.736 65.5696
4 483 111
5 389 142
6 455 153
7 579 179
8 574 202
9 539 248
10 547 282
11 554.895 417.539
12 479 446
13 435 435
14 378 417
15 341 386
16 332 356
17 353 331
18 416 280
19 237 192
20 318 411
21 321 425
22 276.191 479
23 182.64 479
24 88 427
25 78 349
26 77 322
27 85 247
28 118 219
29 41 202
30 9 112
