Duration[s]: 3600.42 Porcentaje: 0.601494 TerminoTodo: 0
Convexos: 4 VerticesConvexos: 50
0 1 38 39 40 41 42 43
13 14 15 16 17 18 19 20 21 22 23 24 25 26 27 28 29 30 31 32 33 34
7 8 9 10 11 12 13 34 35 36 37
1 2 3 4 5 6 7 37 38
0 57 146
1 106 150
2 33 43
3 43 28
4 87 22
5 225 33
6 282 56
7 298 86
8 404 35
9 422 33
10 504 51
11 525 80
12 534 134
13 543 193
14 569 219
15 585 249
16 612 368
17 612 428.571
18 564.5 448.929
19 501.667 463.889
20 425 469
21 339.725 463.439
22 273 452
23 240 436
24 211 415
25 188 385
26 184 377
27 183 363
28 182 345
29 183 321
30 187 305
31 220 264
32 225 260
33 242 254
34 347 226
35 198 243
36 163 245
37 150 199
38 129 183
39 159 342
40 149 394
41 100 407
42 67 391
43 30 146
