Duration[s]: 3601.81 Porcentaje: 0.702259 TerminoTodo: 0
Convexos: 9 VerticesConvexos: 70
0 1 27 28 29 48 53
14 15 16 17 18 19 20 21 22 23 24 25
9 10 11 12 13 14 25
7 8 9 25 26
1 2 3 4 5 6 7 26 27
33 34 35 36 37 38 39 40
32 33 40 41
29 30 31 32 41 42 43 44 45 46 47 48
48 49 50 51 52 53
0 23 337
1 61 269
2 28 170
3 20 131
4 15 88
5 52 60
6 184 23
7 218 45
8 301 18
9 361 73
10 410 38
11 431 32
12 524.389 22.6611
13 593.079 49.2959
14 582 148
15 599 166
16 631 202
17 640 216.625
18 640 243.381
19 555 296
20 448 319
21 428 317
22 285 259
23 258 178
24 256 165
25 315 140
26 182 133
27 160 172
28 241 228
29 301 282
30 319 279
31 334 285
32 370 346
33 499 364
34 540 333
35 568 329
36 612 342
37 622 453
38 555 473
39 470 450
40 430 435
41 385 402
42 387 462
43 339 471
44 318 473
45 289 457
46 258 439
47 236 417
48 194 362
49 211 429
50 211 458
51 144.458 468.864
52 68 432
53 15.1627 381.411
