Duration[s]: 3600.95 Porcentaje: 0.801458 TerminoTodo: 0
Convexos: 5 VerticesConvexos: 62
0 1 2 3 4 5 6 52 53
7 8 9 10 11 12 13 14 15 16 17 18 19
7 19 20 21 22 23 24 25 26 27 28 29 30 31 32 33
34 35 36 37 38 39 40 41 42 43 44 45 46
6 7 33 34 46 47 48 49 50 51 52
0 33 259
1 57 247
2 63 247
3 109 265
4 123 271
5 148 283
6 188 307
7 248 259
8 218 270
9 195 268
10 170 259
11 148 245
12 142 240
13 130 226
14 117 181
15 116 161
16 115 60
17 140 64
18 179 73
19 303 108
20 314 97
21 341 80
22 364 70
23 410 55
24 437 48
25 461 44
26 494 40
27 611.783 40
28 599 82
29 587 110
30 574 125
31 550 145
32 420 212
33 345 245
34 362 247
35 494 203
36 512 202
37 531 207
38 564 222
39 605 268
40 631 372
41 624.17 394.197
42 531 408
43 390 404
44 363 385
45 313 333
46 300 319
47 267 348
48 253 359
49 240 368
50 191 376
51 116 382
52 95 383
53 33 351.279
