Duration[s]: 3602.67 Porcentaje: 0.901715 TerminoTodo: 0
Convexos: 16 VerticesConvexos: 106
0 1 39 40 70 75
4 5 6 7 8 9 10 11 12 13
14 15 16 17 18 19 20 21 22
27 28 29 30 31 32 33 34
24 25 26 27 34 35 36
23 24 36 37 38 39
1 2 3 4 13 14 22 23 39
48 49 50 51
48 51 52 53 54 55 56
45 46 47 48 56 57
43 44 45 57 58
59 60 61 62
42 43 58 59 62 63
64 65 66 67 68 69
40 41 42 63 64 69 70
70 71 72 73 74 75
0 90 328
1 147 288
2 68 236
3 73 197
4 91 134
5 71 117
6 67 84
7 93 49
8 127.344 35.5076
9 196 41
10 244 45
11 256 56
12 257 85
13 250 126
14 295 127
15 303 59
16 331 36
17 336 35
18 365 45
19 370 49
20 373 63
21 354 123
22 309 164
23 320 204
24 379 182
25 379 130
26 386 114
27 414 83
28 409 50
29 428 37
30 461.357 37
31 471 64
32 472 70
33 467 92
34 437 137
35 443 189
36 434 199
37 280 260
38 241 262
39 219 263
40 242 306
41 311 279
42 337 274
43 420 261
44 427 253
45 484 224
46 507 193
47 531 248
48 528 352
49 584 323
50 584 355.125
51 541 382
52 527.764 423.598
53 505 424
54 476 410
55 452 371
56 502 340
57 464 307
58 414 338
59 404 394
60 335 427
61 333 383
62 365 375
63 340 312
64 275 386
65 281 409
66 283 426
67 226 442
68 213 435
69 217 388
70 180 352
71 163 408
72 156 419
73 154 421
74 106.531 419.751
75 80 354
