Duration[s]: 3602.08 Porcentaje: 0.901759 TerminoTodo: 0
Convexos: 9 VerticesConvexos: 79
0 1 59 60 61 62
5 6 7 8 9 10 11
17 18 19 20 21
16 17 21 22 23 24 25 26 27
31 32 33 34 35 36 37 38 39
15 16 27 28 29 30 31 39 40 41
12 13 14 15 41 42
11 12 42 43 44 45 46 47 48 49 50 51 52 53 54 55 56 57 58
1 2 3 4 5 11 58 59
0 35 183
1 67 155
2 49 92
3 76 60
4 146 20
5 171 27
6 297 28
7 328 33
8 323 50
9 307 54
10 239 64
11 163 75
12 191 107
13 301 90
14 327 97
15 399 178
16 441 147
17 446 125
18 431 87
19 446 40
20 473 45
21 476 106
22 578 49.3333
23 578 88
24 554 117
25 547 124
26 501 140
27 467 148
28 543 260
29 521 282
30 503 291
31 445 319
32 472 374
33 455 408
34 421 418
35 385 414
36 378 409
37 370 364
38 370 348
39 385 314
40 354 297
41 348 274
42 302 291
43 325 346
44 330 401
45 330 408
46 327 413
47 308 420
48 298 423
49 256 431
50 219.568 422.326
51 185 398
52 181 395
53 154 364
54 150 359
55 129 331
56 118 299
57 120 255
58 125 184
59 84 196
60 93 234
61 85 301
62 28 320
