Duration[s]: 3603.87 Porcentaje: 0.903128 TerminoTodo: 0
Convexos: 13 VerticesConvexos: 107
0 1 2 3 4 82
14 15 16 17 18 19 20 21 22 23 24 25 26 27 28
29 30 31 32
33 34 35 36 37 38 39
29 32 33 39 40 41 42 43 44 45 46 47 48 49 50
51 52 53 54 55 56 57
29 50 51 57 58 59 60
28 29 60 61
5 6 7 8 9 10 11 12 13 14 28 61
64 65 66 67 68 69 70 71 72 73 74 75
76 77 78 79 80
63 64 75 76 80
4 5 61 62 63 80 81 82
0 25.0146 16.6337
1 67 9
2 107 20
3 114 30
4 70 68
5 131 117
6 124 100
7 121 77
8 125 62
9 146 51
10 171 43
11 202 41
12 228 46
13 246 58
14 281 130
15 271 77
16 273 51
17 296 33
18 325 20
19 362 14
20 452.19 10.89
21 540.343 31.2329
22 567 117
23 558 144
24 527 173
25 493 201
26 455 212
27 361 216
28 303 210
29 446 279
30 474 226
31 504 224
32 529 255
33 564 246
34 578 217
35 630 187
36 639 191
37 639 232
38 628 268
39 607 300
40 623 323
41 639 365
42 640 382
43 639 413
44 576 450
45 533 446
46 506 438
47 481 427
48 465 415
49 442 393
50 398 324
51 345 361
52 408 431
53 393 451
54 322 442
55 270 409
56 250 386
57 282 347
58 272 322
59 255 277
60 282 257
61 236 233
62 214 262
63 160 288
64 174 331
65 201 354
66 227 408
67 230 426
68 230 430
69 214 448
70 172 464
71 108.333 464
72 72 429.579
73 72 386
74 81 374
75 124 328
76 104 302
77 93 335
78 41 315
79 40 295
80 90 262
81 38 210
82 17 108
