Duration[s]: 3601.06 Porcentaje: 0.702316 TerminoTodo: 0
Convexos: 8 VerticesConvexos: 66
0 1 9 10 38 39 40 48 49
1 2 3 4 5 6 7 8 9
24 25 26 27 28 29 30 31 32 33
34 35 36 37
20 21 22 24 33 34 37
10 11 12 17 18 19 20 37 38
40 41 42 43 44 45 46 47 48
12 13 14 15 16 17 22 23 24
0 34 187
1 40 98
2 87 45
3 106 29
4 155 28
5 224 67
6 242 84
7 229 120
8 204 127
9 93 120
10 214 201
11 279 155
12 313 136
13 276 102
14 284 81
15 303 37
16 365 30
17 430 81
18 502 57
19 523 78
20 493 114
21 581 147
22 553 199
23 575 253
24 514 270
25 577 311
26 584 331
27 591 408
28 549 445
29 528 459
30 476 444
31 438 405
32 438 381
33 444 349
34 379 333
35 390 387
36 301 374
37 342 260
38 294 263
39 294 345
40 284 383
41 347 400
42 363 418
43 376 452
44 331 460
45 287 459
46 235 450
47 99 414
48 89 387
49 61 288
