Duration[s]: 3600.09 Porcentaje: 0.70536 TerminoTodo: 0
Convexos: 10 VerticesConvexos: 69
0 1 2 44 45 50
2 3 4 5 6 7 8 9
10 11 12 13 14 15 16 17
24 25 26 27 28 29 30 31 32 33 34
21 22 23 24 34 35
17 18 19 20 21 35 36
37 38 39 40 41 42
10 17 36 37 42 43
2 9 10 43 44
45 46 47 48 49 50
0 29 306
1 45 222
2 131 203
3 61 163
4 43 115
5 74.4866 10.9572
6 111 14
7 157 36
8 199 109
9 187 175
10 245 190
11 223 99
12 217 66
13 242 45
14 282 23
15 322 8
16 362.178 8
17 307 160
18 358 85
19 404 53
20 466.902 80.9564
21 409 230
22 454 238
23 549 282
24 582 317
25 608 353
26 616 367
27 613 401
28 553 451
29 447.222 479
30 210 479
31 188 446
32 252 328
33 311 290
34 370 292
35 361 260
36 236 277
37 155 377
38 168 471
39 135 479
40 128 479
41 111 446
42 125 323
43 172 252
44 124 239
45 65 369
46 104 386
47 80 457
48 67 479
49 42.7584 461.888
50 41 381
