Duration[s]: 3600.15 Porcentaje: 0.802641 TerminoTodo: 0
Convexos: 7 VerticesConvexos: 59
0 1 2 3 44 45 46
15 16 17 18 19 20 21 22 23 24
10 11 12 13 14 15 24 25 26 27
7 8 9 10 27 28
36 37 38 39 40 41 42
31 32 33 34 35 36 42 43 44
3 4 5 6 7 28 29 30 31 44
0 48 254
1 65 129
2 77 78
3 200 89
4 208 70
5 240 54
6 275 49
7 288 98
8 380 50
9 392 94
10 385 149
11 431 150
12 441 153
13 470 177
14 485 190
15 474 218
16 512 250
17 559 376.696
18 559 399.978
19 417 454
20 371 452
21 363 441
22 339 397
23 348 318
24 369 264
25 306 257
26 304 233
27 342 157
28 299 159
29 296 192
30 288 202
31 241 214
32 269 242
33 282 262
34 328 359
35 323 400
36 271 438
37 257 472
38 203 479
39 201 476
40 189 441
41 188 423
42 220 418
43 197 368
44 195 202
45 137 341
46 58 342
