Duration[s]: 3604.62 Porcentaje: 0.906211 TerminoTodo: 0
Convexos: 4 VerticesConvexos: 39
0 1 2 3 4 5 21 32
6 7 8 9 10 11 12 13
5 6 13 14 15 16 17 18 19 20 21
21 22 23 24 25 26 27 28 29 30 31 32
0 188 357
1 191 345
2 194 335
3 231 246
4 240 227
5 256 203
6 239 91
7 223 75
8 227.375 57.5
9 287.75 23
10 375.552 23
11 380 66
12 378 68
13 346 97
14 351 102
15 380 157
16 387 179
17 389 187
18 390 199
19 386 214
20 384 221
21 357 291
22 407 282
23 413 281
24 424 281
25 431 282
26 473 294
27 484 301
28 511 331.6
29 511 403.667
30 384.125 452
31 281.333 452
32 188 412
