Duration[s]: 3600.15 Porcentaje: 0.805808 TerminoTodo: 0
Convexos: 11 VerticesConvexos: 86
0 1 2 3 4 65
9 10 11 12 13 14 15 16 17 18 19 20
7 8 9 20 21 22 23 24 25 26 27
34 35 36 37 38 39 40 41 42 43 44
46 47 48 49 50
45 46 50 51 52 53
6 7 27 28 29 30 31 32 33 34 44 45 53
56 57 58 59 60
55 56 60 61
54 55 61 62 63
4 5 6 53 54 63 64 65
0 62.9474 16.1053
1 114 11
2 138 23
3 135 52
4 122 80
5 156 91
6 187 191
7 229 179
8 219 137
9 258 110
10 201 95
11 176 65
12 181 52
13 216 30
14 225 26
15 230 25
16 255 25
17 353.16 33.18
18 464 56
19 469 71
20 462 83
21 567.917 69.3333
22 571 94
23 571 128
24 556 140
25 528 149
26 509 154
27 436 170
28 481 182
29 504 190
30 607 258
31 621 276
32 622 305
33 616 332
34 579 341
35 610.781 427.262
36 556.429 478.595
37 489 480
38 452 479
39 414 475
40 393 462
41 387 445
42 384 404
43 384 379
44 387 350
45 277 306
46 287 382
47 322 331
48 328 367
49 307 411
50 264 423
51 220 386
52 214 365
53 211 271
54 117 277
55 129 335
56 213 437
57 340 472
58 342 479
59 244.419 479
60 111 435
61 100 374
62 66 338
63 111 275
64 75 206
65 58 120
