Duration[s]: 3601.05 Porcentaje: 0.711607 TerminoTodo: 0
Convexos: 5 VerticesConvexos: 40
0 1 29 30 31
7 8 9 10 11 12 13 14 15
6 7 15 16 17 18 19
6 19 20 21 22 23 24 25 26 27 28 29
1 2 3 4 5 6 29
0 35 183
1 67 155
2 44.9298 77.7544
3 146 20
4 297 28
5 328 33
6 349 176
7 441 147
8 431 87
9 446 40
10 575 51
11 578 88
12 554 117
13 547 124
14 501 140
15 467 148
16 543 260
17 521 282
18 503 291
19 445 319
20 472 374
21 451.189 415.621
22 256 431
23 219.568 422.326
24 185 398
25 181 395
26 154 364
27 150 359
28 129 331
29 93 234
30 85 301
31 28 320
