Duration[s]: 3601.21 Porcentaje: 0.801214 TerminoTodo: 0
Convexos: 11 VerticesConvexos: 91
0 68 69 70
11 12 13 14 15 16 17 18 19
21 22 23 24 25
21 25 26 27
8 9 10 11 19 20 21 27
4 5 6 7 8 27 28
0 1 2 3 4 28 29
38 39 40 41 42 43 44 45 46 47 48 49 50 51 52 53 54 55 56 57
33 34 35 36 37 38 57 58 59 60
30 31 32 33 60 61 62 63 64
0 29 30 64 65 66 67 68
0 25 223
1 33.9251 66.8116
2 85.2936 24.616
3 121 59
4 164 105
5 189 57
6 209 47
7 244 32
8 288 23
9 342 13
10 409 13
11 618.3 53.5096
12 639 96
13 639 240
14 638 255
15 600 278
16 552 290
17 511 287
18 448 260
19 524 107
20 381 186
21 246 213
22 351 255
23 335 310
24 253 318
25 126 264
26 162 174
27 265 120
28 184 148
29 70 209
30 137 343
31 239 332
32 316 366
33 365 413
34 375 322
35 383 289
36 418 282
37 428 281
38 472 338
39 476 323
40 483 318
41 488 315
42 514 302
43 540 293
44 552 291
45 568 291
46 580 293
47 597 296
48 617 303
49 636 331
50 638 344
51 633.066 393.338
52 609.381 419.81
53 582 422
54 581 422
55 555 416
56 521 403
57 483 367
58 488 436
59 487 440
60 400 468
61 380 479
62 253.167 479
63 210 442
64 163 395
65 169 430
66 161 445
67 131.34 469.717
68 72 365
69 52 375
70 25 364.875
