Duration[s]: 3606 Porcentaje: 0.900526 TerminoTodo: 0
Convexos: 9 VerticesConvexos: 83
0 1 2 57 62 63 64 65 66
29 30 31 32 33 34 35 36 37 38 39 40 41
24 25 26 27 28 29 41 42
12 13 14 15 16 17 18 19 20 21 22 23 24 42 43
46 47 48 49 50 51 52 53
44 45 46 53 54 55
8 9 10 11 12 43 44 55 56
2 3 4 5 6 7 8 56 57
57 58 59 60 61 62
0 52 216
1 56 208
2 79 195
3 65 161
4 62 131
5 66.0971 66.8123
6 100 53
7 119 68
8 164 108
9 182 64
10 201 53
11 224 52
12 276 105
13 277 78
14 279 62
15 286 56
16 303 49
17 323 41
18 350 35
19 377.818 35
20 416 49
21 442 64
22 472 85
23 477 91
24 476 148
25 522 111
26 544.589 97.4467
27 542 201
28 540 211
29 529 239
30 552 240
31 564 241
32 586 255.235
33 586 297.375
34 553 329
35 524 343
36 508 346
37 458 319
38 445 310
39 443 292
40 443 273
41 455 258
42 427 230
43 370 248
44 348 326
45 439 338
46 446 375
47 494 370
48 513 387
49 460.553 440.667
50 332 445
51 321 445
52 269 425
53 245 402
54 232 377
55 229 324
56 201 293
57 178 337
58 177 377
59 172 386
60 98 439
61 74 418
62 104 354
63 84 340
64 69 328
65 67 324
66 52 237
