Duration[s]: 3600.46 Porcentaje: 0.600841 TerminoTodo: 0
Convexos: 5 VerticesConvexos: 42
0 1 2 32 33
10 11 12 13 14 15 16 17
6 7 8 9 10 17 18 19 20 21 22 23 24
25 26 27 28 29 30
2 3 4 5 6 24 25 30 31 32
0 20.066 122.411
1 67 72
2 141 91
3 204 45
4 216 38
5 281 47
6 324 94
7 343 72
8 438 16
9 476 5
10 525 117
11 580 62
12 601 145
13 603 343
14 586.696 468
15 516 468
16 494 442
17 494 418
18 396 439
19 345 441
20 279 424
21 243 393
22 206 335
23 208 295
24 239 239
25 134 315
26 212 454
27 159 453
28 49 382
29 49 348
30 61 303
31 62 236
32 66 219
33 17 173
