Duration[s]: 3610.13 Porcentaje: 0.801773 TerminoTodo: 0
Convexos: 10 VerticesConvexos: 84
0 1 2 59 60 61 62 63 64 65
16 17 18 19 20 21 22 23 24
15 16 24 25 26 27
14 15 27 28 29 30 31 32 33
34 35 36 37 38 39 40 41 42 43 44 45
33 34 45 46 47 48
7 8 9 10 11 12 13 14 33 48
53 54 55 56 57 58
50 51 52 53 58 59
2 3 4 5 6 7 48 49 50 59
0 83 357
1 102 349
2 134 349
3 99 307
4 91 293
5 86 279
6 120 241
7 136 234
8 89 202
9 89 180
10 90 159
11 125 140
12 158 130
13 202 133
14 241 147
15 219 70
16 152 79
17 121 109
18 116 111
19 95 118
20 92 118
21 81 88
22 84 58
23 98 53
24 171 50
25 207 23
26 282 21
27 304 43
28 372 40
29 408 41
30 415 44
31 409 89
32 393 163
33 370 202
34 429 159
35 435 93
36 449 52
37 460 41
38 466 38
39 484 30
40 490 29
41 504 28
42 583.535 45.7907
43 596 105
44 592 191
45 549 208
46 583 241
47 541 280
48 432 281
49 534 315
50 473 344
51 520 357
52 585 385
53 492 415
54 505 424
55 445 461
56 404 459
57 359 421
58 356 398
59 321 380
60 308 444
61 251 456
62 222 461
63 135 447
64 119 444
65 85.8671 415.776
