Duration[s]: 507.797 Porcentaje: 0.603693 TerminoTodo: 1
Convexos: 4 VerticesConvexos: 38
0 1 2 19 20 30 31
2 3 4 5 6 7 8 9 10 11 12 13 14 15 16 17 18 19
23 24 25 26 27 28 29 30
20 21 22 23 30
0 29 45
1 77 41
2 198 34
3 245 8
4 380 11
5 550.942 28.5969
6 611.077 75.8462
7 631 147
8 632 166
9 607 300
10 578.815 367.107
11 505.95 409.292
12 428 428
13 408 427
14 387 423
15 349 411
16 316 396
17 290 378
18 270 352
19 189 147
20 131 228
21 168 230
22 191 291
23 166 324
24 269 417
25 287 455
26 232 472
27 197 470
28 47.9193 445.349
29 25 312
30 34 266
31 4 84
