Duration[s]: 3601.55 Porcentaje: 0.606295 TerminoTodo: 0
Convexos: 6 VerticesConvexos: 46
0 1 2 3 4 25 26 35
8 9 10 11 12 13 14 15 16 17
20 21 22 23 24 25
4 5 6 7 8 17 18 19 20 25
28 29 30 31 32 33 34
26 27 28 34 35
0 77.9756 45.5366
1 141 19
2 384 45
3 389 63
4 393 94
5 461 65
6 530.866 48.4528
7 537 142
8 517 204
9 586 278
10 629 405.346
11 629 479
12 476 479
13 308 465
14 283 455
15 242 436
16 230 426
17 225 405
18 221 393
19 221 359
20 227 265
21 130 254
22 96 211
23 105 184
24 155 184
25 285 199
26 75 140
27 75 180
28 74 239
29 136 285
30 157 305
31 167 384
32 148 402
33 116 393
34 45.5357 264.99
35 27 122
