Duration[s]: 3600.7 Porcentaje: 0.801747 TerminoTodo: 0
Convexos: 6 VerticesConvexos: 54
0 1 2 3 4 5 38 39 40 41 42 43
22 23 24 25 26
14 15 16 17 18 19 20 21 22 26
12 13 14 26 27
29 30 31 32 33 34 35 36 37 38
5 6 7 8 9 10 11 12 27 28 29 38
0 35 119.429
1 53.7333 92.6667
2 102.327 62.2959
3 133 64
4 146 66
5 177 125
6 204 86
7 210 79
8 222 72
9 232 70
10 341 54
11 358 57
12 369 88
13 403 98
14 424 159
15 450 176
16 472 192
17 480 304
18 474.634 407.749
19 409 414
20 399 409
21 369 351
22 362 336
23 293 304
24 288 282
25 317 243
26 365 233
27 325 179
28 302 222
29 234 251
30 271 336
31 271 351
32 180 409
33 128 429
34 102 406
35 103 393
36 129 325
37 153 265
38 164 239
39 102 292
40 84 278
41 73 258
42 43 161
43 35 130
