Duration[s]: 3600.95 Porcentaje: 0.601586 TerminoTodo: 0
Convexos: 4 VerticesConvexos: 44
0 1 12 13 22 23 24 25 26 27 36 37
1 2 3 4 5 6 7 8 9 10 11 12
13 14 15 16 17 18 19 20 21 22
27 28 29 30 31 32 33 34 35 36
0 48 200
1 93 175
2 75 143
3 60.2041 87.5153
4 149 77
5 163 76
6 182 78
7 210 93
8 219 107
9 219 131
10 211 150
11 197 157
12 164 164
13 260 159
14 231 111
15 228 97
16 258 72
17 307 57
18 452 48
19 556.462 48
20 568 153
21 524 177
22 454 193
23 543 209
24 574 222
25 608 239
26 563 267
27 436 302
28 581 288
29 599 317
30 613 358
31 600 386
32 514.58 421.388
33 295 449
34 210 442
35 128 413
36 146 358
37 53.1951 335.072
