Duration[s]: 3601.07 Porcentaje: 0.700256 TerminoTodo: 0
Convexos: 5 VerticesConvexos: 42
0 1 2 3 4 5 6 7 8 9 10 11 32 33
14 15 16 17 18 19 20 21 22 23
23 24 25 26 27 28
12 13 14 23 28
11 12 28 29 30 31 32
0 59 217
1 81 163
2 122 147
3 158 133
4 169 131
5 194 133
6 236 152
7 262 170
8 280 192
9 280 215
10 271 295
11 246 354
12 332 300
13 306 291
14 293 160
15 171 108
16 158 100
17 155.648 52.9568
18 230 48
19 465.993 71.9779
20 485 129
21 484 143
22 476 171
23 459 211
24 522 156
25 559 175
26 580 191
27 585 215
28 572.982 345.011
29 458 414
30 333 439
31 253.2 439
32 151.842 414.279
33 64.3051 299.23
