Duration[s]: 3600.36 Porcentaje: 0.901313 TerminoTodo: 0
Convexos: 8 VerticesConvexos: 94
0 1 77 78 79
2 3 4 5 6 7 8 9 10 11 12
20 21 22 23 24 25 26 27 28 29 30 31 32 33 34 35 36 37 38 39 40 41 42 43 44 45 46 47 48 49 50 51 52 53
19 20 53 54 55 56 57 58 59 60
17 18 19 60 61 62 63
16 17 63 64 65 66 67 68 69 70
14 15 16 70 71 72 73 74 75 76
1 2 12 13 14 76 77
0 36 384
1 72 332
2 59 242
3 41 229
4 39.5394 186.642
5 53.0593 106.649
6 92 64
7 180.421 22
8 191 22
9 206 46
10 207 192
11 163 230
12 114 246
13 206 328
14 211 365
15 272 376
16 344 405
17 516 368
18 517 341
19 525 303
20 513 301
21 514 324
22 506 333
23 496 344
24 482 357
25 464 369
26 439 378
27 409 383
28 384 386
29 373 386
30 342 380
31 313 372
32 293 364
33 274 352
34 266 343
35 257 332
36 252 323
37 246 312
38 244 302
39 241 265
40 240 251
41 245 242
42 261 226
43 303 185
44 320 171
45 342 161
46 355 157
47 370 155
48 415 150
49 433 153
50 450 160
51 481 177
52 493 186
53 509 212
54 516 173
55 519 157
56 536 142
57 545 140
58 551.662 139.488
59 553 189
60 553 236
61 565 279
62 567 298
63 565 379
64 573 398
65 576 406
66 576 425
67 522.758 447.818
68 457 451
69 437 450
70 358 425
71 331 453
72 326 456
73 189 467
74 161 469
75 139 463
76 132 437
77 105 419
78 99 430
79 46.0951 439.523
