Duration[s]: 3600.64 Porcentaje: 0.703511 TerminoTodo: 0
Convexos: 7 VerticesConvexos: 64
0 1 2 42 43 44 45 46 47 48 49 50 51
6 7 8 9 10 11 12 13 14 15 16 17 18 19 20
4 5 6 20 21
4 21 22 23
33 34 35 36 37 38 39 40 41
24 25 26 27 28 29 30 31 32 33 41
2 3 4 23 24 41 42
0 59 329
1 67 318
2 124 262
3 85 248
4 90 233
5 52 177
6 66 122
7 40 113
8 31 105
9 29 94
10 65.0981 44.3651
11 127 36
12 179 55
13 200 68
14 227 90
15 245 116
16 236 140
17 231 148
18 197 152
19 173 149
20 105 134
21 105 186
22 186 201
23 247 218
24 309 234
25 275 143
26 269 92
27 272 52
28 418 44
29 460.102 42.0622
30 544 93
31 570 198
32 529 236
33 473 271
34 547 277
35 578 292
36 580 346
37 566 421
38 475 443
39 400 418
40 365 341
41 379 303
42 316 312
43 341 356
44 361 393
45 350 406
46 314 423
47 291 430
48 257 433
49 125 429
50 115.222 424.111
51 67.5008 382.839
