Duration[s]: 3601 Porcentaje: 0.804096 TerminoTodo: 0
Convexos: 5 VerticesConvexos: 43
0 1 2 3 32 33 34
11 12 13 14 15 16 17 18
4 5 6 7 8 9 10 11 18 19
22 23 24 25 26 27 28
3 4 19 20 21 22 28 29 30 31 32
0 120.207 42.6322
1 214 27
2 227 42
3 237 100
4 301 99
5 295 57
6 311 45
7 359 35
8 409 32
9 491.578 34.4288
10 577 230.9
11 577 311.571
12 518.313 371.935
13 470 410
14 359.936 472.894
15 331 478
16 326 449
17 328 423
18 389 389
19 362 338
20 337 404
21 304 422
22 240 434
23 259 475
24 193 479
25 70.75 479
26 63 448
27 68 424
28 132 422
29 59 374
30 58 343
31 73 287
32 89 246
33 48 204
34 8 158
