Duration[s]: 3600.25 Porcentaje: 0.606453 TerminoTodo: 0
Convexos: 5 VerticesConvexos: 54
0 34 35 36 37 38 44 45
12 13 14 15 16 17 18 19 20 21 22 23 24 25 26 27 28 29 30 31 32
9 10 11 12 32 33
0 1 2 3 4 5 6 7 8 9 33 34
38 39 40 41 42 43 44
0 128 127
1 90 116
2 64 88
3 33 43
4 43 28
5 87 22
6 422 33
7 520.781 54.6835
8 534 134
9 543 193
10 569 219
11 585 249
12 612 368
13 612 437.619
14 480.2 469
15 308.062 469
16 240 436
17 211 415
18 188 385
19 184 377
20 183 363
21 182 345
22 183 321
23 187 305
24 220 264
25 225 260
26 242 254
27 265 251
28 311 251
29 346 253
30 386 257
31 443 276
32 459 283
33 430 182
34 337 170
35 412 213
36 417 228
37 401 237
38 91 251
39 109 274
40 159 342
41 149 394
42 70.3416 414.869
43 53 291
44 52 206
45 30 146
