Duration[s]: 3600.95 Porcentaje: 0.805949 TerminoTodo: 0
Convexos: 11 VerticesConvexos: 81
0 1 55 56 57 58 59 60
8 9 10 11 12 13 14 15 16
18 19 20 21 22 23 24 25 26 27
17 18 27 28 29 30
1 2 3 4 5 6 7 8 16 17 30
39 40 41 42 43
39 43 44 45
35 36 37 38 39 45 46
34 35 46 47 48 49 50
31 32 33 34 50 51 52 53 54
1 30 31 54 55
0 90 328
1 147 288
2 67 235.342
3 67 59.2143
4 127.344 35.5076
5 196 41
6 244 45
7 256 56
8 295 127
9 303 59
10 331 36
11 336 35
12 365 45
13 370 49
14 373 63
15 354 123
16 309 164
17 320 204
18 379 182
19 379 130
20 409 50
21 428 37
22 461.357 37
23 471 64
24 472 70
25 467 92
26 443 189
27 434 199
28 280 260
29 241 262
30 219 263
31 242 306
32 311 279
33 337 274
34 345 274
35 420 261
36 427 253
37 507 193
38 531 248
39 528 352
40 584 323
41 579.63 372.531
42 505 424
43 476 410
44 452 371
45 502 340
46 464 307
47 404 394
48 335 427
49 333 383
50 340 312
51 283 426
52 226 442
53 213 435
54 217 388
55 180 352
56 163 408
57 156 419
58 154 421
59 106.531 419.751
60 80 354
