Duration[s]: 3604.29 Porcentaje: 0.900688 TerminoTodo: 0
Convexos: 12 VerticesConvexos: 95
0 24 25 26 27 70 71 72
10 11 12 13 14 15 16 17
6 7 8 9 10 17 18
3 4 5 6 18 19 20 21
0 1 2 3 21 22 23 24
29 30 31 32 33
35 36 37 38 39 40 41 42 43
44 45 46 47 48 49
28 29 33 34 35 43 44 49 50
50 51 52 53 54 55 56 57 58
58 59 60 61 62 63 64 65 66 67
27 28 50 58 67 68 69 70
0 48 116
1 87 78
2 124 70
3 130 72
4 173 37
5 214 44
6 274 62
7 300 47
8 322 37
9 345 33
10 429 59
11 481 84
12 466 130
13 457 154
14 450 155
15 432 144
16 417 117
17 416 95
18 370 96
19 328 115
20 299 118
21 229 112
22 235 153
23 232 161
24 92 131
25 165 186
26 165 210
27 138 227
28 264 277
29 300 224
30 247 189
31 292 144
32 409 111
33 406 141
34 448 169
35 474 199
36 479 180
37 498 169
38 511 174
39 535 189
40 567 223
41 545 246
42 523 263
43 481 269
44 479 303
45 518 298
46 531 309
47 544 337
48 472 381
49 403 364
50 373 368
51 452 391
52 489 402
53 494 405
54 498 418
55 484.367 437.475
56 446 435
57 430 428
58 354 380
59 350 390
60 328 412
61 225 439
62 185 440
63 165 432
64 121.482 397.807
65 105 374
66 101 363
67 110 316
68 74 281
69 61 265
70 59 237
71 47 199
72 38 133
