Duration[s]: 3603.11 Porcentaje: 0.900921 TerminoTodo: 0
Convexos: 9 VerticesConvexos: 74
0 1 2 3 4 5 49 55 56 57
23 24 25 26 27 28 29
20 21 22 23 29 30 31 32 33
16 17 18 19 20 33 34
10 11 12 13 14 15 16 34
40 41 42 43 44 45
36 37 38 39 40 45 46 47 48
5 6 7 8 9 10 34 35 36 48 49
49 50 51 52 53 54 55
0 35 119.429
1 53.7333 92.6667
2 102.327 62.2959
3 133 64
4 146 66
5 177 125
6 204 86
7 210 79
8 222 72
9 232 70
10 295 76
11 303 69
12 310 65
13 341 54
14 358 57
15 403 98
16 413 142
17 472 192
18 472 213
19 469 238
20 452 268
21 478 293
22 480 304
23 440 334
24 479.077 363.572
25 466.987 408.477
26 409 414
27 399 409
28 369 351
29 362 336
30 293 304
31 288 282
32 317 243
33 365 233
34 325 179
35 302 222
36 234 251
37 271 336
38 271 351
39 248 363
40 178 374
41 180 409
42 128 429
43 102 406
44 103 393
45 121 380
46 129 325
47 153 265
48 164 239
49 135 215
50 128 261
51 102 292
52 84 278
53 73 258
54 73 238
55 104 197
56 43 161
57 35 130
