Duration[s]: 3600.56 Porcentaje: 0.606178 TerminoTodo: 0
Convexos: 6 VerticesConvexos: 43
0 1 27 31 32
7 8 9 10 11 12 13 14 15 16 17 18 19
20 21 22 23 24
4 5 6 7 19 20 24 25 26
1 2 3 4 26 27
27 28 29 30 31
0 26 427
1 54 383
2 28 347
3 32 128
4 94 104
5 112 60
6 150 56
7 207 90
8 238 53
9 253 39
10 397 23
11 530.121 67.8004
12 574 306
13 516.039 431.953
14 445 454
15 399 460
16 375 460
17 359 437
18 328 391
19 310 359
20 297 374
21 293 414
22 245 435
23 182 400
24 234 366
25 184 341
26 89 286
27 86 394
28 266 469
29 226 479
30 172 473
31 102 417
32 84 468
