Duration[s]: 3600.11 Porcentaje: 0.600087 TerminoTodo: 0
Convexos: 3 VerticesConvexos: 36
0 1 2 3 4 22 23 24 25 26 27 28 29 30 31
7 8 9 10 11 12 13 14 15 16 17 18 19 20 21
4 5 6 7 21 22
0 66 341
1 69 321
2 75 305
3 85 287
4 150 221
5 96.5941 47
6 145 47
7 257 123
8 506 50
9 527 48
10 558 58
11 581.164 90.2285
12 615 350
13 600.305 375.192
14 516 424
15 409.364 447
16 368 447
17 332 435
18 313 421
19 303 410
20 289 392
21 232 153
22 181 210
23 210 366
24 212 387
25 211 403
26 209 412
27 201 418
28 194 422
29 161 428
30 103.138 421.711
31 73.6119 398.09
