Duration[s]: 3600.92 Porcentaje: 0.812147 TerminoTodo: 0
Convexos: 7 VerticesConvexos: 54
0 1 2 34 40 41
3 4 5 6 7 8 9 10 11
2 3 11 12 13 14
16 17 18 19 20 21 22 23 24 25
15 16 25 26 27 28 29 30 31 32 33
2 14 15 33 34
34 35 36 37 38 39 40
0 40 94
1 148 48
2 196 41
3 493.911 77.9671
4 581 225
5 630 385.553
6 630 397
7 606 415
8 558 417
9 522 408
10 507 363
11 502 330
12 487 328
13 381 266
14 288 168
15 328 311
16 407 350
17 459 328
18 500 351
19 503 370
20 504 377
21 505 391
22 476 419
23 463 430
24 451 437
25 381 416
26 337 459
27 316 466
28 222 415
29 184 392
30 181 373
31 183 356
32 217 275
33 228 272
34 172 94
35 147 301
36 134 305
37 84 292
38 72 275
39 65 263
40 63 150
41 34 120
