Duration[s]: 3601.01 Porcentaje: 0.801036 TerminoTodo: 0
Convexos: 4 VerticesConvexos: 44
0 1 9 10 29 30 31 32 33 34 35 36 37
1 2 3 4 5 6 7 8 9
15 16 17 18 19 20 21 22 23 24
10 11 12 13 14 15 24 25 26 27 28 29
0 27 195
1 43 177
2 44 145
3 51 92
4 63.4068 31
5 75 31
6 100 40
7 122 50
8 124 59
9 98 130
10 134 123
11 184 89
12 349 66
13 434 82
14 449 87
15 472 112
16 489 78
17 570 63
18 635.864 97.6066
19 639 176
20 632.86 233.713
21 593 247
22 563 248
23 545 242
24 469 188
25 437 255
26 331 267
27 234 251
28 213 238
29 161 165
30 184 293
31 185 303
32 174 333
33 157 347
34 104 352
35 52 338
36 30 299
37 21 259
