Duration[s]: 3600.43 Porcentaje: 0.605829 TerminoTodo: 0
Convexos: 4 VerticesConvexos: 35
0 25 26 27 28
20 21 22 23 24
7 8 9 10 11 12 13 14 15 16 17 18 19 20 24 25
0 1 2 3 4 5 6 7 25
0 111 255
1 85 193
2 75.6472 72.9718
3 151 79
4 162 85
5 170 93
6 173 97
7 189 136
8 202 91
9 214 80
10 229 70
11 264 53
12 279 48
13 345.706 30
14 535.478 30
15 584 92
16 591 259
17 588.284 305.171
18 511.077 376.783
19 445 382
20 376 374
21 326 394
22 149.255 384.969
23 115 327
24 181 313
25 160 277
26 112 287
27 92 289
28 57 264
