Duration[s]: 3600.13 Porcentaje: 0.801044 TerminoTodo: 0
Convexos: 16 VerticesConvexos: 111
0 1 2 28 29 79 80
13 14 15 16 17 18
7 8 9 10 11 12 13 18 19
6 7 19 20
21 22 23 24 25 26 27
2 3 4 5 6 20 21 27 28
40 41 42 43 44 45
39 40 45 46
48 49 50 51 52 53 54
47 48 54 55 56 57 58
39 46 47 58 59 60 61
38 39 61 62 63 64 65 66 67
35 36 37 38 67 68
33 34 35 68 69 70 71 72
33 72 73 74 75 76 77
29 30 31 32 33 77 78 79
0 76.8987 8.94937
1 121 31
2 158 65
3 192 23
4 260 9
5 444 5
6 502 48
7 533 48
8 569 22
9 596.636 22
10 598 67
11 593 89
12 591 94
13 554 133
14 593 157
15 591 178
16 583 192
17 527 186
18 529 137
19 524 106
20 451 74
21 334 93
22 449 117
23 404 135
24 340 139
25 320 138
26 255 125
27 215 111
28 152 113
29 146 122
30 201 155
31 225 181
32 215 192
33 87 263
34 109 289
35 147 362
36 213 250
37 239 228
38 348 300
39 417 289
40 462 254
41 343 287
42 313 254
43 420 170
44 500 192
45 500 242
46 440 299
47 502 379
48 553 312
49 532 290
50 528 252
51 538 243
52 561 244
53 586 254
54 585 316
55 595 350
56 569 390
57 519 424
58 512 425
59 443 434
60 423 418
61 411 376
62 375 439
63 347 479
64 293 479
65 230 466
66 217 435
67 221 416
68 170 434
69 164 453
70 136 466
71 105 457
72 66 416
73 58 453
74 21.2174 453
75 14 204
76 18 178
77 47 168
78 33 133
79 24 96
80 0 38
