Duration[s]: 3601.29 Porcentaje: 0.80055 TerminoTodo: 0
Convexos: 5 VerticesConvexos: 52
0 1 2 39 40 41 42 43
19 20 21 22 23 24 25 26 27 28 29 30 31 32
7 8 9 10 11 12 13 14 15 16 17 18 19 32 33 34 35
3 4 5 6 7 35 36
2 3 36 37 38 39
0 25 315
1 30 294
2 58 276
3 38 197
4 44 61
5 48.4444 41
6 214.787 41
7 335 91
8 347 80
9 399 72
10 523 96
11 571 146
12 621 322.19
13 621 404.185
14 550.248 453.974
15 447 476
16 428 472
17 398 453
18 377 439
19 317 390
20 310 448
21 285 458
22 269 463
23 215 464
24 201 464
25 159 455
26 133 423
27 122 383
28 120 353
29 128 340
30 143 326
31 170 316
32 250 298
33 244 260
34 242 245
35 273 183
36 186 198
37 207 250
38 192 270
39 96 293
40 102 328
41 81 367
42 78 367
43 39 341
