Duration[s]: 3600.41 Porcentaje: 0.701002 TerminoTodo: 0
Convexos: 6 VerticesConvexos: 49
0 1 2 3 4 5 12 13 38
5 6 7 8 9 10 11 12
16 17 18 19 20 21 22 23
15 16 23 24 25 26 27
14 15 27 28 29 30 31
13 14 31 32 33 34 35 36 37 38
0 51 31.9327
1 495.125 16
2 510.8 16
3 601.109 79.5981
4 595 130
5 557 165
6 559 241
7 525 262
8 477 264
9 420 217
10 402 186
11 405 168
12 454 153
13 329 136
14 397 261
15 446 325
16 526 343
17 550 268
18 594 288
19 608 413
20 605 434
21 581 448
22 542 448
23 508 402
24 465 475
25 361 463
26 327 417
27 352 383
28 263 424
29 253 408
30 231 355
31 263 317
32 183 300
33 172 296
34 141 282
35 130 275
36 109 257
37 80.7419 200.484
38 51 72.7037
