Duration[s]: 3600.43 Porcentaje: 0.801755 TerminoTodo: 0
Convexos: 7 VerticesConvexos: 56
0 41 42 43
15 16 17 18 19 20 21 22 23 24 25 26 27 28
13 14 15 28 29
7 8 9 10 11 12 13 29 30
1 2 3 4 5 6 7 30 31
34 35 36 37 38 39 40
0 1 31 32 33 34 40 41
0 108 260
1 160 241
2 95 227
3 68 219
4 62 23
5 259.967 34.5481
6 289 45
7 341 136
8 360 88
9 368 82
10 391 78
11 478 73
12 504.813 75.0625
13 524 171
14 544 189
15 588 347.632
16 588 462.091
17 526 479
18 477 476
19 406 463
20 390 458
21 383 453
22 352 422
23 304 367
24 296 355
25 289 334
26 291 317
27 311 302
28 329 296
29 357 270
30 339 207
31 203 245
32 233 279
33 239 293
34 203 327
35 230 353
36 299 440
37 292 474
38 226 474
39 119 392
40 158 337
41 113 313
42 96 354
43 36 338
