Duration[s]: 3607.49 Porcentaje: 0.500129 TerminoTodo: 0
Convexos: 4 VerticesConvexos: 38
0 1 26 27 28 29 30 31
15 16 17 18 19 20 21 22
7 8 9 10 11 12 13 14 15 22 23 24 25
1 2 3 4 5 6 7 25 26
0 15 261
1 53 246
2 18.0282 103.993
3 82 49
4 108 39
5 159 40
6 173 45
7 205 85
8 232 52
9 243 49
10 256 46
11 273 43
12 397 42
13 509 79
14 560 109
15 513 177
16 579 324
17 563 419
18 465 420
19 343 419
20 315 406
21 292 375
22 288 359
23 226 336
24 204 313
25 201 191
26 127 293
27 208 375
28 124 400
29 91 386
30 63 363
31 16.4899 296.758
