Duration[s]: 3600.63 Porcentaje: 0.903461 TerminoTodo: 0
Convexos: 15 VerticesConvexos: 114
0 1 2 3 77 78 79 85
79 80 81 82 83 84 85
13 14 15 16 17 18
8 9 10 11 12 13 18 19 20 21 22 23 24 25
6 7 8 25 26
4 5 6 26
34 35 36 37
33 34 37 38 39 40 41
32 33 41 42 43 44 45
46 47 48 49 50 51 52 53 54
28 29 30 31 32 45 46 54
60 61 62 63 64 65 66 67 68 69 70 71 72 73 74 75
57 58 59 60 75
55 56 57 75 76
3 4 26 27 28 54 55 76 77
0 67 318
1 78 310
2 119 286
3 183 278
4 152 245
5 124 262
6 85 248
7 52 177
8 66 122
9 40 113
10 31 105
11 29 94
12 37 83
13 117 75
14 91 73
15 69.3621 43.7889
16 127 36
17 179 55
18 200 68
19 227 90
20 245 116
21 236 140
22 231 148
23 197 152
24 173 149
25 105 134
26 105 186
27 186 201
28 309 234
29 275 143
30 275 116
31 388 128
32 431 180
33 468 142
34 367 96
35 269 92
36 272 52
37 399 56
38 418 44
39 488 59
40 544 93
41 542 135
42 560 173
43 570 198
44 529 236
45 482 254
46 473 271
47 547 277
48 578 292
49 580 346
50 566 421
51 475 443
52 400 418
53 365 341
54 379 303
55 316 312
56 341 356
57 347 376
58 361 393
59 350 406
60 314 423
61 291 430
62 257 433
63 239 426
64 215 411
65 203 399
66 200 391
67 197 369
68 197 365
69 201 356
70 209 351
71 219 346
72 230 342
73 238 340
74 269 338
75 291 357
76 253 316
77 210 306
78 199 321
79 136 363
80 181 412
81 181 419
82 168 430
83 120.761 428.901
84 70 385
85 58.1458 330.174
