Duration[s]: 3601.01 Porcentaje: 0.709056 TerminoTodo: 0
Convexos: 8 VerticesConvexos: 79
0 1 2 3 4 57 58 63 64
24 25 26 27 28 29 30
23 24 30 31 32 33
20 21 22 23 33 34 35 36 37
19 20 37 38 39 40 41 42 43 44 45 46 47 48 49 50 51 52 53
12 13 14 15 16 17 18 19 53 54
4 5 6 7 8 9 10 11 12 54 55 56 57
58 59 60 61 62 63
0 36 266
1 65 219
2 81 205
3 88 204
4 117 204
5 65 175
6 45 163
7 12 123
8 44.0753 77.56
9 179.303 45.3038
10 281 44
11 341 49
12 417 60
13 462 73
14 471 79
15 511 108
16 526 132
17 528 168
18 504 216
19 414 266
20 425 328
21 461 275
22 476 265
23 544 325
24 546 173
25 549 142
26 583 90
27 636 53.96
28 636 107
29 605 146
30 562 167
31 594 215
32 613 246
33 580 391
34 599 472
35 598.566 479
36 496 479
37 331 471
38 245 461
39 209 444
40 194 434
41 155 390
42 148 366
43 146 331
44 145 309
45 159 275
46 170 261
47 195 243
48 218 229
49 244 217
50 270 212
51 295 212
52 336 221
53 377 238
54 372 158
55 351 177
56 328 192
57 180 230
58 100 390
59 165 441
60 175 453
61 170 470
62 143 479
63 47.8987 435.189
64 30 292
