Duration[s]: 3612.65 Porcentaje: 0.806935 TerminoTodo: 0
Convexos: 12 VerticesConvexos: 87
0 1 59 60 61 62 63 64
8 9 10 11 12 13 14
24 25 26 27 28 29
32 33 34 35
29 30 31 32 35 36 37 38
42 43 44 45 46 47 48 49 50
39 40 41 42 50 51 52 53 54 55
23 24 29 38 39 55 56
15 16 17 18 19 20 21 22
7 8 14 15 22 23 56
2 3 4 5 6 7 56 57
1 2 57 58 59
0 15 261
1 53 246
2 109 204
3 40 174
4 20 112
5 18.0282 103.993
6 25 98
7 96 115
8 126 88
9 101 67
10 82 49
11 108 39
12 159 40
13 173 45
14 168 83
15 205 85
16 232 52
17 243 49
18 256 46
19 273 43
20 397 42
21 433 67
22 382 95
23 411 158
24 462 159
25 443 87
26 509 79
27 560 109
28 513 177
29 482 198
30 532 255
31 579 324
32 530 400
33 563 419
34 465 420
35 447 378
36 403 334
37 378 303
38 421 232
39 309 238
40 362 311
41 369 323
42 381 346
43 406 369
44 414 386
45 413 399
46 384 413
47 343 419
48 315 406
49 292 375
50 288 359
51 226 336
52 204 313
53 206 284
54 213 270
55 247 225
56 201 191
57 166 211
58 151 253
59 127 293
60 208 375
61 124 400
62 91 386
63 63 363
64 16.4899 296.758
