Duration[s]: 3603.5 Porcentaje: 0.803441 TerminoTodo: 0
Convexos: 8 VerticesConvexos: 68
0 27 28 50 51 52 53
16 17 18 19 20 21 22
10 11 12 13 14 15 16 22 23
10 23 24 25 26 27
0 1 2 3 4 5 6 7 8 9 10 27
30 31 32 33
33 34 35 36 37 38 39 40 41 42 43 44
28 29 30 33 44 45 46 47 48 49 50
0 78 110.474
1 130.905 52
2 171 52
3 203 57
4 218 60
5 244 68
6 268 83
7 276 92
8 283 100
9 287 113
10 289 122
11 295 41
12 309 30
13 412.062 13
14 483.75 13
15 565.64 49.3957
16 615.389 101.057
17 602 168
18 558 213
19 531 222
20 438 220
21 430 167
22 458 144
23 394 153
24 386 198
25 364 207
26 317 197
27 284 168
28 328 247
29 349 231
30 397 195
31 393 164
32 407 152
33 438 238
34 505 226
35 512 225
36 559 225
37 567 228
38 591 242
39 594 247
40 607 281
41 619 329
42 624 359
43 624 386.857
44 562 378
45 554 386
46 549 390
47 530 404
48 524 408
49 511 414
50 422.769 451
51 220.385 451
52 130 376
53 78 304.842
