Duration[s]: 3600.7 Porcentaje: 0.808226 TerminoTodo: 0
Convexos: 5 VerticesConvexos: 43
0 1 2 3 4 5 23 24 32 33 34
8 9 10 11 12 13 14
6 7 8 14 15 16 17 18 19 20 21 22
5 6 22 23
24 25 26 27 28 29 30 31 32
0 25.7497 279.355
1 50 245
2 72 230
3 101 213
4 140 198
5 201 233
6 279 246
7 316 188
8 410 114
9 235 114
10 219 74
11 242 64
12 369 41
13 394.216 41
14 505.213 80.8728
15 544 216
16 540.645 373.677
17 530 379
18 510 383
19 493 385
20 465 385
21 444 380
22 323 333
23 228 325
24 250 414
25 346 383
26 358 383
27 370 400
28 370 422
29 359 440
30 323 455
31 268 470
32 243 473
33 37.5353 465.437
34 19 386
