Duration[s]: 3604.19 Porcentaje: 0.904339 TerminoTodo: 0
Convexos: 12 VerticesConvexos: 82
0 1 56 57 58 59
36 37 38 39 40
32 33 34 35 36 40
29 30 31 32 40 41
29 41 42 43 44 45
47 48 49 50 51 52 53 54
46 47 54 55
12 13 14 15 16 17 18 19 20 21
11 12 21 22 23 24 25
7 8 9 10 11 25 26
4 5 6 7 26 27 28
1 2 3 4 28 29 45 46 55 56
0 44 209
1 92 214
2 72 185
3 65 173
4 65 150
5 53 124
6 106.8 69.079
7 297 16
8 336 11
9 366 11
10 409 33
11 381 85
12 432 116
13 450 105
14 481 95
15 499 113
16 547 164
17 544 195
18 522 207
19 480 221
20 441 219
21 372 192
22 296 248
23 256 197
24 245 144
25 294 118
26 261 76
27 223 137
28 171 204
29 326 288
30 366 241
31 419 248
32 422 312
33 481 253
34 542 244
35 567 261
36 516 303
37 541 388
38 512 414
39 418 411
40 390 351
41 337 343
42 339 413
43 318 421
44 257 374
45 283 330
46 245 314
47 190 326
48 200 371
49 148 377
50 140.291 375.005
51 138 373
52 127 347
53 148 326
54 177 305
55 156 270
56 117 243
57 74 317
58 50 293
59 31 224
