Duration[s]: 3600.62 Porcentaje: 0.70458 TerminoTodo: 0
Convexos: 5 VerticesConvexos: 47
0 1 2 34 35 36 37 38
7 8 9 10 11 12 13 14 15 16 17
18 19 20 21 22 23 24 25 26 27 28 29 30 31 32 33
6 7 17 18 33
2 3 4 5 6 33 34
0 31 361
1 50 228
2 85 211
3 73.6032 91.9664
4 162 46
5 280 154
6 287 167
7 391 133
8 499 86
9 568.946 59.9416
10 614 158
11 601.607 398.425
12 503.917 417.538
13 476 415
14 451 404
15 427 390
16 399 366
17 363 277
18 285 289
19 343 390
20 344 414
21 328 424
22 262 435
23 228 424
24 208 405
25 181 373
26 164 350
27 161 330
28 160 311
29 160 294
30 164 272
31 171 262
32 179 253
33 211 238
34 108 243
35 148 385
36 132 411
37 97.0988 430.727
38 45 393
