Duration[s]: 3604.81 Porcentaje: 0.901153 TerminoTodo: 0
Convexos: 20 VerticesConvexos: 134
0 1 37 38 39 40 95
7 8 9 10 11 12 13
6 7 13 14
6 14 15
20 21 22 23 24 25
18 19 20 25 26 27 28 29
16 17 18 29 30 31 32
15 16 32 33 34 35
1 2 3 4 5 6 15 35 36 37
42 43 44 45 46 47
50 51 52 53 54 55 56 57
59 60 61 62 63 64 65 66 67
69 70 71 72 73 74 75 76
59 67 68 69 76 77
59 77 78 79
58 59 79 80 81 82
50 57 58 82 83 84 85 86
48 49 50 86 87 88 89 90 91
41 42 47 48 91 92
40 41 92 93 94 95
0 66 293
1 119 235
2 60 164
3 59 129
4 64.3889 84.5417
5 108 78
6 165 86
7 196.795 26.2256
8 313 22
9 338 23
10 348 51
11 331 84
12 277 92
13 224 51
14 207 77
15 208 133
16 270 134
17 320 122
18 380 132
19 394 53
20 500 26
21 566 7
22 590 33
23 587 56
24 576 86
25 523 61
26 521 94
27 517 122
28 493 146
29 440 157
30 407 181
31 370 207
32 317 170
33 305 189
34 256 200
35 225 173
36 198 214
37 165 237
38 172 264
39 167 293
40 149 321
41 198 333
42 226 298
43 221 258
44 224 210
45 265 222
46 286 254
47 267 278
48 263 322
49 309 326
50 356 361
51 336 299
52 329 274
53 339 241
54 389 230
55 411 253
56 414 319
57 404 349
58 477 359
59 447 265
60 446 216
61 478 189
62 552 128
63 575 116
64 588 133
65 583 161
66 569 182
67 487 253
68 626 244
69 631 277
70 633 298
71 624.312 420.877
72 594 422
73 577 391
74 576 355
75 578 345
76 599 303
77 563 302
78 580 315
79 545 321
80 546 376
81 531 409
82 517 432
83 478 445
84 432 446
85 410 435
86 384 411
87 347 434
88 317 444
89 301 443
90 279 431
91 245 387
92 124.393 434.016
93 89 410
94 75 387
95 64 319
