Duration[s]: 3600.26 Porcentaje: 0.604739 TerminoTodo: 0
Convexos: 4 VerticesConvexos: 35
0 1 2 3 4 25 26 27 28
7 8 9 10 11 12
5 6 7 12 13 14 15 16
4 5 16 17 18 19 20 21 22 23 24 25
0 89 184
1 138 147
2 194 130
3 246 169
4 333 252
5 424 166
6 297 144
7 195 83
8 65 142
9 42 93
10 62.841 32.7927
11 221 28
12 253 50
13 332 40
14 472.115 47.4728
15 550 100
16 467 152
17 569 157
18 601.005 193.806
19 627 331
20 587.783 407.058
21 363 426
22 321 426
23 286 407
24 260 391
25 243 373
26 204 389
27 110 412
28 46.6413 383.691
