Duration[s]: 3603.31 Porcentaje: 0.900518 TerminoTodo: 0
Convexos: 8 VerticesConvexos: 78
0 1 2 61 62 63
13 14 15 16 17 18 19 20 21 22
36 37 38 39 40 41 42 43 44 45 46 47 48 49 50
28 29 30 31 32 33 34 35 36 50 51 52
13 22 23 24 25 26 27 28 52 53 54 55
12 13 55 56 57 58
6 7 8 9 10 11 12 58 59 60
2 3 4 5 6 60 61
0 0 258
1 24 215
2 64 200
3 0 106.37
4 -0 90.8293
5 58 88
6 115 135
7 107 87
8 110 66
9 146.571 18
10 160 18
11 182 43
12 232 106
13 260 53
14 295 38
15 343 35
16 381 35
17 486.545 58.4545
18 538.561 80.2674
19 556 131
20 546 149
21 522 153
22 440 133
23 524 171
24 584 221
25 600 244.467
26 600 286
27 585 312
28 548 341
29 562 355
30 571 372
31 571 379
32 569.575 391.827
33 520.5 418
34 403.5 430
35 350.571 430
36 276 421
37 205.316 421
38 158 392
39 138 376
40 102 329
41 99 311
42 100 277
43 112 246
44 147 223
45 164 214
46 195 210
47 267 215
48 283 231
49 286 296
50 287 325
51 334 320
52 483 324
53 417 297
54 395 271
55 346 196
56 343 223
57 324 262
58 262 194
59 204 191
60 155 186
61 89 223
62 84 327
63 35.192 337.982
