Duration[s]: 3600.08 Porcentaje: 0.901169 TerminoTodo: 0
Convexos: 13 VerticesConvexos: 97
0 67 68 69 70 71 72
8 9 10 11 12 13 14
7 8 14 15 16 17 18
6 7 18 19 20 21 22
5 6 22 23
26 27 28 29 30 31 32 33 34 35 36 37 38 39
40 41 42 43 44 45 46 47
25 26 39 40 47 48 49 50
4 5 23 24 25 50 51
55 56 57 58 59 60
52 53 54 55 60 61 62 63
2 3 4 51 52 63 64
0 1 2 64 65 66 67
0 48.6148 175.479
1 110 105
2 190 55
3 258 64
4 347 192
5 436 202
6 472 179
7 424 87
8 357 57
9 361 104
10 359 140
11 346 140
12 236 18
13 259 6
14 339 31
15 352 20
16 467 32
17 492.161 37.2419
18 550 124
19 558 169
20 558 204
21 555 226
22 540 245
23 485 237
24 481 247
25 448 280
26 495 327
27 520 291
28 552 278
29 592 282
30 629 316
31 631 320
32 634 338
33 621.038 419.01
34 604 444
35 565.456 477.919
36 528 480
37 521 479
38 499 474
39 474 412
40 443 416
41 440 436
42 429 463
43 310 443
44 300 422
45 309 399
46 360 377
47 391 389
48 373 336
49 372 320
50 379 294
51 338 270
52 313 275
53 311 307
54 302 322
55 273 351
56 252 449
57 215.904 444.946
58 147 406
59 129 383
60 206 315
61 184 278
62 243 224
63 274 220
64 238 162
65 195 208
66 156 223
67 104 224
68 117 240
69 124 271
70 125 303
71 61 303
72 39 254
