Duration[s]: 3600.83 Porcentaje: 0.607777 TerminoTodo: 0
Convexos: 5 VerticesConvexos: 51
0 1 2 3 34 35 36 37 38 39 40 41 42
7 8 9 10 11 12 13 14 15 16 17 18 19
27 28 29 30 31 32 33
20 21 22 23 24 25 26 27 33
3 4 5 6 7 19 20 33 34
0 67 318
1 78 310
2 119 286
3 183 278
4 124 262
5 85 248
6 52 177
7 31 105
8 29 94
9 65.0981 44.3651
10 127 36
11 179 55
12 200 68
13 227 90
14 245 116
15 236 140
16 231 148
17 197 152
18 173 149
19 105 134
20 309 234
21 275 143
22 269 92
23 272 52
24 459.545 41.7236
25 544 93
26 570 198
27 529 236
28 580 294.286
29 580 417.615
30 475 443
31 400 418
32 365 341
33 379 303
34 316 312
35 341 356
36 361 393
37 350 406
38 314 423
39 291 430
40 257 433
41 120.725 428.87
42 38.2459 357.537
