Duration[s]: 3600.23 Porcentaje: 0.804668 TerminoTodo: 0
Convexos: 12 VerticesConvexos: 90
0 1 2 3 60 61 67
7 8 9 10 11 12 13 14 15 16 17 18 19
5 6 7 19 20
3 4 5 20 21 22
22 23 24 25 26
27 28 29 30 31 32
36 37 38 39 40 41 42 43
46 47 48 49 50 51 52 53 54 55 56 57 58 59
44 45 46 59
22 26 27 32 33 34 35 36 43 44 59
3 22 59 60
61 62 63 64 65 66 67
0 67 318
1 78 310
2 119 286
3 183 278
4 124 262
5 85 248
6 52 177
7 31 105
8 29 94
9 65.0981 44.3651
10 127 36
11 179 55
12 200 68
13 227 90
14 245 116
15 236 140
16 231 148
17 197 152
18 173 149
19 105 134
20 105 186
21 186 201
22 309 234
23 275 143
24 275 116
25 388 128
26 382 165
27 468 142
28 269 92
29 272 52
30 459.545 41.7236
31 544 93
32 542 135
33 560 173
34 570 198
35 529 236
36 473 271
37 547 277
38 580 292.968
39 580 417.615
40 475 443
41 400 418
42 365 341
43 379 303
44 316 312
45 341 356
46 347 376
47 361 393
48 350 406
49 314 423
50 291 430
51 257 433
52 239 426
53 215 411
54 203 399
55 200 391
56 197 369
57 197 365
58 201 356
59 253 316
60 177 328
61 136 363
62 181 412
63 181 419
64 168 430
65 125 429
66 74 403.5
67 58.1458 330.174
