Duration[s]: 3600.1 Porcentaje: 0.705238 TerminoTodo: 0
Convexos: 5 VerticesConvexos: 39
0 1 25 26 27 28 29 30
15 16 17 18 19 20 21
14 15 21 22 23
11 12 13 14 23 24 25
1 2 3 4 5 6 7 8 9 10 11 25
0 71.1427 99.6337
1 160 119
2 162 100
3 168 83
4 172 82
5 214 72
6 426 61
7 446 61
8 530.537 92.0544
9 534 144
10 523 173
11 472 248
12 509 259
13 523 276
14 450 325
15 504.684 396.772
16 408 429
17 310 441
18 260 441
19 74 434
20 79 406
21 300 393
22 377 356
23 401 345
24 383 314
25 365 272
26 354 336
27 257 376
28 214 378
29 66 313
30 53 237
