Duration[s]: 3600.86 Porcentaje: 0.500154 TerminoTodo: 0
Convexos: 4 VerticesConvexos: 40
0 1 2 3 4 5 6 7 8 9 10 31 32 33
10 11 12 13 14 15 16
19 20 21 22 23
10 16 17 18 19 23 24 25 26 27 28 29 30 31
0 12 123
1 44.0753 77.56
2 179.303 45.3038
3 281 44
4 341 49
5 417 60
6 462 73
7 471 79
8 511 108
9 526 132
10 528 168
11 583 90
12 633 56
13 636 65
14 636 107
15 605 146
16 562 167
17 594 215
18 613 246
19 572 440
20 599 472
21 552 479
22 496 479
23 452 468
24 143 479
25 47.8987 435.189
26 30 292
27 36 266
28 65 219
29 81 205
30 88 204
31 127 199
32 65 175
33 45 163
