Duration[s]: 3601.06 Porcentaje: 0.904647 TerminoTodo: 0
Convexos: 21 VerticesConvexos: 131
0 1 2 83 84 85 90
85 86 87 88 89 90
6 7 8 9 10 11 12
2 3 4 5 6 12
75 76 77 78 79 80 81
74 75 81 82
16 17 18 19 20 21 22
25 26 27 28 29 30
37 38 39 40 41 42 43
34 35 36 37 43 44
50 51 52 53 54 55
49 50 55 56 57
58 59 60 61 62
48 49 57 58 62
62 63 64 65 66
45 46 47 48 62 66 67 68 69
44 45 69 70 71
31 32 33 34 44 71 72
24 25 30 31 72 73
13 14 15 16 22 23 24 73
2 12 13 73 74 82 83
0 29 306
1 45 222
2 131 203
3 61 163
4 43 115
5 76 88
6 129 110
7 38.493 8
8 39 8
9 111 14
10 157 36
11 199 109
12 187 175
13 245 190
14 223 99
15 217 66
16 242 45
17 282 23
18 322 8
19 362.178 8
20 360 14
21 351 35
22 288 64
23 307 102
24 307 160
25 353 123
26 358 85
27 404 53
28 431 65
29 463 91
30 419 148
31 409 230
32 454 238
33 476 264
34 487 294
35 536 282
36 549 282
37 582 317
38 564 342
39 471 408
40 425 415
41 415 410
42 413 380
43 465 346
44 417 316
45 333 372
46 347 390
47 354 401
48 357 409
49 442 432
50 502 422
51 592 353
52 608 353
53 616 367
54 613 401
55 581 422
56 549.068 455.072
57 439 479
58 347 440
59 347 466
60 285 479
61 276 464
62 273 403
63 231 479
64 210 479
65 188 446
66 239 391
67 246 348
68 252 328
69 294 350
70 311 290
71 370 292
72 361 260
73 297 260
74 236 277
75 152 362
76 155 377
77 168 471
78 135 479
79 128 479
80 111 446
81 125 323
82 188 277
83 124 239
84 86 319
85 65 359
86 104 386
87 80 457
88 67 479
89 44.0578 462.805
90 37 340
