Duration[s]: 3605.12 Porcentaje: 0.90408 TerminoTodo: 0
Convexos: 13 VerticesConvexos: 106
0 1 70 71 80 81
2 3 4 5 6 7 8 9
24 25 26 27 28 29 30 31 32 33 34 35 36 37 38 39 40 41 42 43 44 45 46 47 48
21 22 23 24 48 49
18 19 20 21 49 50
15 16 17 18 50 51 52
53 54 55 56 57 58 59 60 61 62
12 13 14 15 52 53 62
2 9 10 11 12 62 63
64 65 66 67 68 69 70
1 2 63 64 70
73 74 75 76 77 78
71 72 73 78 79 80
0 57 146
1 106 150
2 160 67
3 110 118
4 90 116
5 64 88
6 33 43
7 43 28
8 87 22
9 175 36
10 225 33
11 282 56
12 298 86
13 404 35
14 422 33
15 445 60
16 519.766 48.595
17 534 134
18 543 193
19 569 219
20 585 249
21 612 368
22 612 429.6
23 531.2 461.92
24 425 469
25 289.889 460.188
26 240 436
27 211 415
28 188 385
29 184 377
30 183 363
31 182 345
32 183 321
33 187 305
34 220 264
35 225 260
36 242 254
37 265 251
38 311 251
39 346 253
40 386 257
41 443 276
42 459 283
43 472 291
44 487 310
45 490 318
46 491 341
47 488 363
48 484 375
49 587 355
50 521 275
51 470 257
52 430 182
53 337 170
54 412 213
55 417 228
56 401 237
57 390 236
58 375 233
59 347 226
60 334 215
61 312 189
62 284 149
63 200 131
64 180 160
65 241 202
66 255 213
67 256 229
68 198 243
69 163 245
70 129 183
71 91 251
72 109 274
73 127 319
74 159 342
75 149 394
76 59.0639 417.861
77 80 347
78 93 328
79 53 291
80 63 273
81 30 146
