Duration[s]: 3600.1 Porcentaje: 0.402252 TerminoTodo: 0
Convexos: 4 VerticesConvexos: 39
0 1 2 3 4 12 13 14 28 29 30 31 32
4 5 6 7 8 9 10 11 12
18 19 20 21 22 23 24 25 26 27 28
14 15 16 17 18 28
0 53.8345 12.6177
1 194 5
2 294 15
3 318 32
4 388 124
5 361 48
6 379 18
7 417 15
8 600 23.774
9 600 119
10 595 153
11 583 188
12 405 150
13 402 184
14 370 234
15 522 203
16 583 241
17 584 304
18 536 368
19 584 389
20 555 412
21 249 473
22 207 479
23 91 471
24 63 438
25 67 319
26 77 292
27 111 283
28 177 275
29 77 234
30 63 203
31 38 89
32 29 41
