Duration[s]: 3600.94 Porcentaje: 0.701119 TerminoTodo: 0
Convexos: 5 VerticesConvexos: 40
0 1 2 28 29 30 31
6 7 8 9 10 11 12
5 6 12 13 14 15
2 3 4 5 15 16
2 16 17 18 19 20 21 22 23 24 25 26 27 28
0 75 169
1 101 151
2 142 172
3 94.2031 84.1872
4 344.929 48
5 405.792 48
6 565 168
7 626 289
8 559 355
9 537 355
10 498 297
11 455 227
12 508 185
13 393 175
14 313 156
15 348 103
16 248 175
17 319 198
18 328 206
19 470 337
20 485 364
21 455.887 398.936
22 310.421 445
23 299 445
24 274 437
25 253 427
26 222 395
27 202 365
28 178 314
29 163 374
30 144 398
31 83 385
