Duration[s]: 3608.95 Porcentaje: 0.901868 TerminoTodo: 0
Convexos: 14 VerticesConvexos: 102
0 1 71 72 73 74 75
57 58 59 60 61 62 63
63 64 65 66 67 68
54 55 56 57 63 68 69
8 9 10 11 12 13
33 34 35 36 37 38 39 40 41
31 32 33 41 42
26 27 28 29 30 31 42
20 21 22 23 24 25 26 42 43
45 46 47 48 49 50 51 52 53
15 16 17 18 19 20 43 44 45 53 54
6 7 8 13 14 15 54
5 6 54 69 70
1 2 3 4 5 70 71
0 38 215
1 61 186
2 13 112
3 47 92
4 70 103
5 92 116
6 150 102
7 144 62
8 167 30
9 257 12
10 324 41
11 324 47
12 266 75
13 201 51
14 257 92
15 262 137
16 287 99
17 312 75
18 362 64
19 378 82
20 392 138
21 453 68
22 485 55
23 509 47
24 521 49
25 523 62
26 526 208
27 564 171
28 577 167
29 590 193
30 579 260
31 535 281
32 550 325
33 495 348
34 584 417
35 585 445
36 571 455
37 535 451
38 495 434
39 439 380
40 417 357
41 412 337
42 461 301
43 387 271
44 354 315
45 336 337
46 391 391
47 387 410
48 324 439
49 290 429
50 273 397
51 271 386
52 272 354
53 288 346
54 235 303
55 241 336
56 243 353
57 216 364
58 247 405
59 226 432
60 168 434
61 160 425
62 160 413
63 173 353
64 133 377
65 119 381
66 68 350
67 75 328
68 117 298
69 149 274
70 104 203
71 81 204
72 133 261
73 100 272
74 51 264
75 41 236
