Duration[s]: 3600.08 Porcentaje: 0.702758 TerminoTodo: 0
Convexos: 5 VerticesConvexos: 48
0 1 2 3 11 12 13 36 37 38 39
3 4 5 6 7 8 9 10 11
14 15 16 17 18 19 20 21
14 21 22 23 24 25 26 27 28 29
13 14 29 30 31 32 33 34 35 36
0 121 182.5
1 156 160
2 167 156
3 201 147
4 195.078 62.9046
5 265 30
6 287 33
7 323 45
8 351 57
9 348 109
10 317 148
11 279 185
12 283 232
13 268 284
14 337 295
15 323 288
16 323 258
17 344 151
18 391 129
19 522 79
20 575.121 59.6834
21 554 185
22 583 250
23 592 277
24 592 299
25 566 457
26 522 469
27 514 468
28 439 427
29 397 385
30 398 409
31 398 434
32 380 442
33 345 450
34 195 463
35 161.843 433.527
36 172 385
37 155 371
38 144 361
39 121 338
