Duration[s]: 3602.81 Porcentaje: 0.507995 TerminoTodo: 0
Convexos: 8 VerticesConvexos: 62
0 1 2 13 14 47
2 3 4 5 6 7 8 9 10 11 12 13
14 15 16 17 18 19 20 21 22
24 25 26 27 28 29 30 31 32
36 37 38 39 40 41
32 33 34 35 36 41 42
23 24 32 42 43 44 45
14 22 23 45 46 47
0 -0 25.7143
1 72 0
2 191 41
3 205 19
4 247 12
5 291 10
6 556.721 6.6576
7 595 34
8 598 60
9 589 74
10 524 84
11 359 83
12 310 75
13 219 55
14 180 160
15 254 96
16 562 103
17 606 116
18 598 133
19 561 158
20 344 198
21 280 203
22 198 185
23 246 355
24 278 282
25 253 250
26 281 221
27 444 197
28 486 191
29 553 185
30 605 183
31 550 211
32 328 279
33 436 265
34 598 255
35 632 289
36 616 354
37 609.532 420.301
38 392 443
39 404 358
40 426 348
41 458 349
42 366 331
43 336 433
44 300 455
45 248 468
46 49.3953 468
47 0 371.455
