Duration[s]: 3600.88 Porcentaje: 0.602058 TerminoTodo: 0
Convexos: 3 VerticesConvexos: 40
14 15 16 17 18 19 20 21
4 5 6 7 8 9 10 21 22 23 24 25 26 27 28 29
0 1 2 3 4 10 11 12 13 14 21 29 30 31 32 33
0 48 116
1 87 78
2 173 37
3 214 44
4 274 62
5 300 47
6 322 37
7 345 33
8 429 59
9 481 84
10 466 130
11 535 189
12 567 223
13 545 246
14 479 303
15 518 298
16 531 309
17 544 337
18 486.849 437.635
19 446 435
20 430 428
21 350 390
22 328 412
23 225 439
24 185 440
25 165 432
26 121.482 397.807
27 105 374
28 101 363
29 110 316
30 74 281
31 61 265
32 47 199
33 38 133
