Duration[s]: 3605.26 Porcentaje: 0.605583 TerminoTodo: 0
Convexos: 8 VerticesConvexos: 65
0 1 2 10 11 12 13 14 15 50
2 3 4 5 6 7 8 9 10
30 31 32 33 34 35
29 30 35 36 37 38 39 40 41 42
24 25 26 27 28 29 42
21 22 23 24 42 43 44 45 46
20 21 46 47 48 49
15 16 17 18 19 20 49 50
0 76.7577 9.00264
1 444 5
2 502 48
3 569 22
4 596.636 22
5 598 67
6 593 157
7 591 178
8 583 192
9 527 186
10 495 83
11 449 117
12 404 135
13 340 139
14 320 138
15 152 113
16 201 155
17 225 181
18 215 192
19 171 215
20 129 229
21 123 350
22 213 250
23 239 228
24 348 300
25 313 254
26 420 170
27 500 192
28 500 242
29 439 334
30 532 290
31 528 252
32 538 243
33 561 244
34 586 254
35 585 316
36 595 350
37 569 390
38 519 424
39 512 425
40 443 434
41 423 418
42 411 376
43 375 439
44 347 479
45 293 479
46 36.7065 457.778
47 20 411
48 14 204
49 24 96
50 0 38
