Duration[s]: 3600.08 Porcentaje: 0.51193 TerminoTodo: 0
Convexos: 5 VerticesConvexos: 40
0 1 2 3 4 5 6 7 29 30 31
9 10 11 12 13 14 15
8 9 15 16 17 18 19 20
7 8 20 21 22 23 24 25
7 25 26 27 28 29
0 79 225
1 101 199
2 140 183
3 195 174
4 253 194
5 299 220
6 306 250
7 285 326
8 369 224
9 153 113
10 140 137
11 98 167
12 62 151
13 38 102
14 79 76
15 138 96
16 211 54
17 560.662 60.3002
18 610 104
19 613 149
20 579 249
21 612 301
22 617 368
23 599.952 403.232
24 539 423
25 355 408
26 175 422
27 80.627 412.066
28 76 355
29 106 330
30 65 295
31 60 269
