Duration[s]: 3600.48 Porcentaje: 0.900711 TerminoTodo: 0
Convexos: 16 VerticesConvexos: 106
0 69 70 71 72 73 74 75
6 7 8 9 10 11 12 13
29 30 31 32 33 34 35 36 37
25 26 27 28 29 37 38 39 40
24 25 40 41
41 42 43
23 24 41 43 44 45 46 47
19 20 21 22 23 47
16 17 18 19 47 48 49
15 16 49 50 51 52 53
14 15 53 54
59 60 61 62 63 64
55 56 57 58 59 64 65
13 14 54 55 65 66
3 4 5 6 13 66
0 1 2 3 66 67 68 69
0 37 276
1 38 235
2 53 199
3 79 162
4 62 49
5 170 49
6 216 105
7 235 74
8 240 66
9 271 66
10 286 93
11 268 123
12 250 140
13 210 164
14 270 192
15 315 191
16 341 150
17 330 118
18 337 100
19 407 91
20 396 60
21 435 52
22 445 61
23 462 132
24 477 144
25 508 84
26 530 81
27 545.2 92.4
28 597 159
29 616 271
30 616 293
31 599 344
32 573 379
33 544 371
34 550 343
35 559 321
36 583 299
37 593 290
38 550 264
39 542 259
40 534 219
41 521 261
42 579 294
43 541 337
44 519 378
45 461 333
46 451 278
47 449 199
48 436 229
49 389 287
50 409 376
51 409 401
52 364 409
53 326 338
54 301 312
55 251 322
56 305 364
57 322 379
58 230 409
59 200 383
60 192 440
61 132 409
62 120 388
63 115 304
64 129 295
65 134 249
66 94 216
67 93 227
68 82 257
69 65 288
70 96 340
71 98 347
72 100 356
73 90 362
74 69 364
75 37 352.364
