Duration[s]: 3600.89 Porcentaje: 0.802856 TerminoTodo: 0
Convexos: 10 VerticesConvexos: 77
0 1 55 56 57 58
5 6 7 8 9 10 11 12 13
1 2 3 4 5 13 14
44 45 46 47 48 49 50 51 52 53 54
17 18 19 20 21 22 23 24
24 25 26 27 28 29 30 31 32
15 16 17 24 32 33
34 35 36 37 38
15 33 34 38 39 40 41 42 43
1 14 15 43 44 54 55
0 75 191
1 154 184
2 50 133
3 12 107
4 70 103
5 140 127
6 160 95
7 164 90
8 199 95
9 236 111
10 265 134
11 260 151
12 180 167
13 166 162
14 168 187
15 262 209
16 262 167
17 271 69
18 219 70
19 188 69
20 158 62
21 157 36
22 175 23
23 320 31
24 352 48
25 399 29
26 451 38
27 547.923 78.6838
28 568 146
29 525 176
30 488 184
31 396 174
32 388 157
33 338 185
34 386 199
35 548 183
36 582 180
37 596 196
38 590 280
39 622 377.032
40 622 421.746
41 429 434
42 402 413
43 315 303
44 311 327
45 348 384
46 353 403
47 323 425
48 256 428
49 143.792 403.065
50 121 359
51 126 310
52 159 289
53 206 272
54 223 280
55 152 227
56 129 269
57 48 263
58 0 201
