Duration[s]: 3603.2 Porcentaje: 0.900349 TerminoTodo: 0
Convexos: 6 VerticesConvexos: 55
0 1 2 3 4 5 44
23 24 25 26 27 28
18 19 20 21 22 23 28 29 30 31
10 11 12 13 14 15 16 17 18 31 32
6 7 8 9 10 32 33
5 6 33 34 35 36 37 38 39 40 41 42 43 44
0 48 305
1 66.0465 214.767
2 140 145
3 165 143
4 177 165
5 180 189
6 215 185
7 214 143
8 229 121
9 264 109
10 312 142
11 313 121
12 325 112
13 356 100
14 393 91
15 413 92
16 427 96
17 439 116
18 443 173
19 460 175
20 502 182
21 515 192
22 536 250
23 549 354
24 525 376
25 503 388
26 468 385
27 447 365
28 493 344
29 436 277
30 429 263
31 424 230
32 364 256
33 374 298
34 402 330
35 402 352
36 388 377
37 384 380
38 304 409
39 222 425
40 205 428
41 173.5 431
42 145.5 431
43 89.9335 399.248
44 52.5057 320.77
