Duration[s]: 3604.92 Porcentaje: 0.800859 TerminoTodo: 0
Convexos: 7 VerticesConvexos: 71
0 55 56 57 58
25 26 27 28 29 30 31 32 33 34 35
23 24 25 35 36 37 38 39 40
12 13 14 15 16 17 18 19 20 21 22 23 40 41
46 47 48 49 50 51 52 53
10 11 12 41 42 43 44 45 46 53 54
0 1 2 3 4 5 6 7 8 9 10 54 55
0 111 255
1 85 193
2 79 116
3 85 97
4 100.364 82.9159
5 126 77
6 151 79
7 162 85
8 170 93
9 173 97
10 189 136
11 202 91
12 214 80
13 229 70
14 264 53
15 279 48
16 342 31
17 357 30
18 479.488 31.6779
19 521 37
20 548 46
21 584 92
22 573 117
23 535 172
24 569 218
25 589 248
26 591 259
27 588.284 305.171
28 513 375
29 483 379
30 445 382
31 409 364
32 408 358
33 411 342
34 421 335
35 499 290
36 479 276
37 472 262
38 469 246
39 467 228
40 473 182
41 362 144
42 412 168
43 433 197
44 467 268
45 427 318
46 372 339
47 381 357
48 376 374
49 326 394
50 162.49 385.645
51 128 349
52 115 327
53 181 313
54 160 277
55 139 273
56 112 287
57 92 289
58 57 264
