Duration[s]: 3600.18 Porcentaje: 0.800163 TerminoTodo: 0
Convexos: 6 VerticesConvexos: 53
0 1 2 3 38 39 40 41 42
4 5 6 7 8 9 10
15 16 17 18 19 20 21 22 23 24 25 26 27
28 29 30 31 32 33 34 35 36 37
14 15 27 28 37
3 4 10 11 12 13 14 37 38
0 138 58
1 348 51
2 382 80
3 337 118
4 400 111
5 393 99
6 390 83
7 438 16
8 557.353 67.1512
9 569 158
10 557 174
11 595 208
12 592 246
13 580 260
14 528 261
15 502 275
16 540 308
17 544 324
18 546 336
19 546 373.522
20 498.778 392
21 444 392
22 422 387
23 400 374
24 388 358
25 381 344
26 380 318
27 380 295
28 333 256
29 311 359
30 284 380
31 266 384
32 221.231 384
33 152 324
34 146 280
35 147 238
36 202 220
37 293 215
38 247 172
39 204 195
40 193 192
41 105 99
42 93 85
