Duration[s]: 3604.58 Porcentaje: 0.901888 TerminoTodo: 0
Convexos: 16 VerticesConvexos: 121
0 1 2 85 86 87 88
20 21 22 23 24 25 26
14 15 16 17 18 19 20 26 27
27 28 29 30 31
9 10 11 12 13 14 27 31 32
59 60 61 62 63 64
48 49 50 51 52 53 54
46 47 48 54 55 56 57
41 42 43 44 45 46 57 58 59
37 38 39 40 41 59 64 65
35 36 37 65 68 69 70 71 72
73 74 75 76 77
73 77 78 79 80 81 82
8 9 32 33 34 83 84
2 3 4 5 6 7 8 84 85
34 35 65 66 67 68 72 73 82 83
0 58 192
1 63 178
2 113 164
3 126 120
4 139.636 107.447
5 189 88
6 209 86
7 223 117
8 208 177
9 249 178
10 254 126
11 303 76
12 318 69
13 329 67
14 388 97
15 388 66
16 406 53
17 524.462 53
18 560.395 67.1557
19 571 102
20 544 124
21 567 176
22 567 189
23 522 206
24 497 207
25 465 181
26 462 159
27 396 172
28 408 212
29 398 238
30 361 239
31 347 218
32 311 219
33 312 236
34 303 258
35 357 278
36 379 263
37 426 263
38 440 221
39 448 215
40 460 222
41 484 248
42 538 222
43 553 221
44 574 238
45 595 285
46 589 315
47 601 333
48 612 400
49 586 422
50 528 444
51 485 444
52 495 423
53 533 403
54 560 401
55 543 368
56 539 355
57 569 330
58 548 332
59 513 334
60 538 382
61 509 405
62 486 409
63 465 392
64 453 347
65 428 338
66 433 369
67 434 387
68 394 404
69 347 437
70 323 451
71 256 431
72 273 392
73 213 339
74 203 417
75 134 424
76 124 408
77 157 348
78 107 325
79 86 301
80 100 253
81 113 251
82 166 279
83 184 262
84 173 236
85 159 221
86 111 226
87 77 221
88 60 210
