Duration[s]: 3601.13 Porcentaje: 0.80001 TerminoTodo: 0
Convexos: 6 VerticesConvexos: 44
0 1 2 30 31 32 33
19 20 21 22 23 24 25
18 19 25 26 27 28
12 13 14 15 16 17 18 28
5 6 7 8 9 10 11 12 28 29
2 3 4 5 29 30
0 21 248.282
1 71.4438 76.2556
2 164 67
3 184 39
4 205 15
5 332 36
6 394 22.2222
7 505.248 71.6658
8 588 249.66
9 588 368.875
10 554 388
11 522 387
12 489 362
13 449 383
14 404 390
15 390 390
16 367 378
17 305 326
18 290 276
19 228 365
20 248 367
21 331 397
22 337 414
23 264 432
24 196 425
25 145 384
26 146 322
27 206 183
28 322 215
29 309 131
30 175 90
31 170 174
32 105 276
33 21 284
