Duration[s]: 3600.06 Porcentaje: 0.603164 TerminoTodo: 0
Convexos: 6 VerticesConvexos: 55
0 1 2 39 40 41 42 43 44
6 7 8 9 10 11 12 13
5 6 13 14 15 16 17 18
18 19 20 21 22 23 24 25 26 27 28 29 30 31
31 32 33 34 35
2 3 4 5 18 31 35 36 37 38 39
0 89 180
1 90 159
2 125 140
3 158 130
4 202 133
5 241 147
6 152 79
7 121 109
8 116 111
9 95 118
10 92 118
11 81 88
12 81 53.6986
13 171 50
14 207 23
15 282 21
16 408 41
17 415 44
18 401 211
19 435 93
20 449 52
21 460 41
22 466 38
23 484 30
24 490 29
25 504 28
26 583.535 45.7907
27 596 105
28 592 191
29 583 241
30 534 315
31 473 344
32 520 357
33 585 385
34 505 424
35 448 450
36 445 461
37 404 459
38 359 421
39 321 380
40 308 444
41 251 456
42 222 461
43 119.616 444.524
44 81.144 411.752
