Duration[s]: 3601.64 Porcentaje: 0.900512 TerminoTodo: 0
Convexos: 19 VerticesConvexos: 136
0 1 25 26 97 98 99
2 3 4 5 6
12 13 14 15 16 17 18
8 9 10 11 12 18 19 20
7 8 20 21
1 2 6 7 21 22 23 24 25
37 38 39 40 41 42
34 35 36 37 42 43 44
31 32 33 34 44 45
53 54 55 56 57 58 59 60 61
50 51 52 53 61 62 63 64 65
49 50 65 66 67
48 49 67 68 69 70
71 72 73 74 75 76 77 78
48 70 71 78 79
30 31 45 46 47 48 79 80 81 82 83
29 30 83 84 85 86 87 88
27 28 29 88 89 90 91 92
26 27 92 93 94 95 96 97
0 18 307
1 47 296
2 40 251
3 0 211
4 2 184
5 57 154
6 74 176
7 104 167
8 94 126
9 9 133
10 0 94
11 11 69
12 84 65
13 9 25
14 61 2
15 98 14
16 150 47
17 155 52
18 145 80
19 171 106
20 180 117
21 143 174
22 203 196
23 197 223
24 187 239
25 149 269
26 152 283
27 192 294
28 251 288
29 274 309
30 308 303
31 309 245
32 276 236
33 261 200
34 266 178
35 207 129
36 225 82
37 237 63
38 189 22
39 235 9
40 273 16
41 300 79
42 287 102
43 324 161
44 319 185
45 344 196
46 416 188
47 475 200
48 494 255
49 560 253
50 557 211
51 515 214
52 490 198
53 445 143
54 378 158
55 358 137
56 358 97
57 379 86
58 394 81
59 512 64
60 520 69
61 531 108
62 559 111
63 573 128
64 578 147
65 588 201
66 593 245
67 568 260
68 590 294
69 591 305
70 553 327
71 557 368
72 585 365
73 590 414
74 591 434
75 589 453
76 556 457
77 540 444
78 543 415
79 517 401
80 497 467
81 470 468
82 454 458
83 403 419
84 400 460
85 373 463
86 357 464
87 329 443
88 294 416
89 258 452
90 228 463
91 201 462
92 161 402
93 143 446
94 127 454
95 106 452
96 85 433
97 68 382
98 39 366
99 0 337
