Duration[s]: 3600.07 Porcentaje: 0.801136 TerminoTodo: 0
Convexos: 7 VerticesConvexos: 56
0 1 9 42 43
13 14 15 16 17 18 19 20 21 22
24 25 26 27 28 29 30 31 32
23 24 32 33 34 35 36 37 38
12 13 22 23 38
9 10 11 12 38 39 40 41 42
1 2 3 4 5 6 7 8 9
0 15 282.897
1 81 292
2 74 264
3 74 242
4 80 223
5 143.673 149.776
6 227 122
7 226 136
8 211 314
9 206 349
10 245 342
11 319 330
12 386 322
13 289 266
14 247 237
15 268 116
16 280.84 70.3484
17 388 51
18 448 61
19 494 97
20 497 165
21 457 211
22 405 259
23 514 271
24 535 236
25 525 197
26 525 131
27 582.238 101.745
28 636 157
29 639 191
30 616 220
31 585 242
32 561 252
33 619 317
34 620 373
35 620 393
36 582.655 415.889
37 527 386
38 480 337
39 484 401
40 486 439
41 425.2 455
42 99.5263 455
43 15 309
