Duration[s]: 3600.33 Porcentaje: 0.900046 TerminoTodo: 0
Convexos: 15 VerticesConvexos: 123
0 1 2 3 4 25 26 91 92 93 94
5 6 7 8 9 10 11 12 13 14
4 5 14 15 16 17 18 19 20 21 22 23 24 25
32 33 34 35 36 37 38 39 40 41
46 47 48 49 50 51 52
31 32 41 42 43 44 45 46 52 53 54 55 56
65 66 67 68
64 65 68 69 70 71 72 73
63 64 73 74 75
57 58 59 60 61 62 63 75 76
29 30 31 56 57 76
28 29 76 77
27 28 77 78
27 78 79 80 81 82 83 84
26 27 84 85 86 87 88 89 90 91
0 22 191.98
1 25 185
2 38 178
3 87 181
4 146 186
5 140 151
6 116 133
7 80 100
8 74 71
9 140 13
10 166 9
11 208 12
12 213 20
13 214 39
14 193 142
15 254 168
16 256 175
17 257 186
18 258 199
19 256 212
20 242 255
21 239 264
22 227 274
23 199 280
24 186 280
25 165 265
26 168 304
27 268 341
28 313 306
29 269 268
30 305 229
31 394 222
32 343 160
33 237 144
34 225 138
35 222 120
36 221 96
37 226 79
38 260 61
39 275 56
40 293 55
41 323 102
42 386 68
43 391 66
44 409 65
45 434 65
46 528 78
47 610 62
48 639 81
49 639 187
50 596 197
51 571 190
52 521 159
53 517 180
54 511 205
55 466 220
56 414 228
57 452 243
58 556 235
59 574 254
60 564 269
61 543 288
62 506 312
63 492 317
64 535 335
65 560 332
66 572 300
67 623 302
68 614 348
69 629 363
70 618.169 398.742
71 543 445
72 469 427
73 486 389
74 379 335
75 378 301
76 348 268
77 329 295
78 323 337
79 346 345
80 390 362
81 427 377
82 420 418
83 413 431
84 324 405
85 316 419
86 304 431
87 281 431
88 247 423
89 185 402
90 125 355
91 119 330
92 74 327
93 50 288
94 22 212
