Duration[s]: 3602.08 Porcentaje: 0.80596 TerminoTodo: 0
Convexos: 6 VerticesConvexos: 43
0 1 2 3 4 5 6 31 32
14 15 16 17 18 19 20 21
13 14 21 22
7 8 9 10 11 12 13 22 23 24
7 24 25 26 27 28 29 30 31
6 7 31
0 24 137
1 89.28 35
2 114 35
3 164 52
4 172 65
5 191 202
6 194 284
7 279 281
8 213 205
9 198 128
10 203 77
11 230 53
12 254 48
13 345 77
14 429 78
15 468 93
16 519 195
17 536 310
18 498 380
19 428 392
20 408 257
21 411 185
22 379 174
23 352 237
24 317 276
25 327 315
26 330 358
27 298 407
28 250 417
29 120.228 413.145
30 84 362
31 129 332
32 33 173
