Duration[s]: 3602.27 Porcentaje: 0.800592 TerminoTodo: 0
Convexos: 8 VerticesConvexos: 56
0 1 2 3 9 10 11 12 13 14 41
25 26 27 28 29 30 31
16 17 18 19 20 21 22
15 16 22 23 24 25 31
32 33 34 35 36 37
14 15 31 32 37 38 39 40 41
3 4 5 6 7 8
3 8 9
0 36 249
1 58 123
2 94 74
3 172 102
4 247.104 34
5 266 34
6 278 46
7 270 72
8 231 88
9 193 130
10 205 171
11 207 221
12 207 245
13 205 264
14 169 283
15 267 270
16 271 238
17 255 209
18 238 170
19 243 141
20 256 125
21 287 114
22 329 161
23 402 80
24 454 65
25 486 112
26 510 97
27 527 99
28 573 168
29 573 352.179
30 491 369
31 391 256
32 382 333
33 513 419
34 522 431
35 487 457
36 446 458
37 294 403
38 229 431
39 155.364 458
40 147.045 458
41 59.2405 334.699
