Duration[s]: 3602.46 Porcentaje: 0.800292 TerminoTodo: 0
Convexos: 10 VerticesConvexos: 75
0 49 54 55 56
12 13 14 15 16 17 18 19 20 21
8 9 10 11 12 21 22 23 24
3 4 5 6 7 8 24
27 28 29 30 31 32 33 34 35 36 37
26 27 37 38 39 40
25 26 40 41 42 43 44 45
2 3 24 25 45 46 47
0 1 2 47 48 49
49 50 51 52 53 54
0 27 122
1 77.9756 45.5366
2 141 19
3 234 61
4 260 44
5 384 45
6 531.565 59.1149
7 537 142
8 517 211
9 555 246
10 586 278
11 582 305
12 578 331
13 612 355
14 629 440
15 629 479
16 470 479
17 440 474
18 422 455
19 410 427
20 402 404
21 473 323
22 420 285
23 394 249
24 357 139
25 331 240
26 287 261
27 290 295
28 371 312
29 382 323
30 382 354
31 351 452
32 329 464
33 308 465
34 283 455
35 242 436
36 230 426
37 225 405
38 221 393
39 221 359
40 227 265
41 130 254
42 96 211
43 105 184
44 155 184
45 287 222
46 215 157
47 150 75
48 134 136
49 74 211
50 157 305
51 167 384
52 148 402
53 116 393
54 94 323
55 82 312
56 46.702 273.987
