Duration[s]: 3605.32 Porcentaje: 0.800906 TerminoTodo: 0
Convexos: 18 VerticesConvexos: 127
0 1 29 30 92
14 15 16 17 18 19 20
9 10 11 12 13 14 20 21 22 23
8 9 23 24 25 26
3 4 5 6 7 8 26
1 2 3 26 27 28 29
42 43 44 45 46 47 48 49
39 40 41 42 49 50 51 52
35 36 37 38 39 52
33 34 35 52 53
56 57 58 59 60 61 62 63 64
65 66 67 68 69 70
72 73 74 75 76
71 72 76 77 78 79
65 70 71 79 80 81 82 83
55 56 64 65 83 84
32 33 53 54 55 84 85 86 87 88 89 90
30 31 32 90 91 92
0 0 323
1 16 266
2 0 152
3 17 89
4 9 37
5 30 15
6 72 0
7 104 16
8 144 53
9 191 41
10 205 19
11 247 12
12 291 10
13 450 8
14 491 28
15 574 19
16 595 34
17 598 60
18 589 74
19 524 84
20 480 61
21 359 83
22 310 75
23 219 55
24 193 82
25 138 104
26 49 89
27 62 124
28 77 257
29 64 281
30 62 344
31 119 356
32 166 406
33 133 332
34 104 284
35 110 197
36 88 159
37 98 118
38 145 128
39 180 160
40 254 96
41 317 111
42 390 146
43 447 118
44 485 106
45 562 103
46 606 116
47 598 133
48 561 158
49 364 184
50 344 198
51 280 203
52 155 189
53 152 222
54 222 273
55 277 337
56 278 282
57 253 250
58 281 221
59 444 197
60 486 191
61 553 185
62 605 183
63 550 211
64 369 260
65 436 265
66 527 272
67 574 300
68 576 334
69 562 366
70 490 327
71 489 358
72 584 384
73 574 269
74 598 255
75 632 289
76 612 395
77 560 415
78 507 431
79 480 390
80 428 436
81 392 443
82 404 358
83 412 326
84 316 386
85 334 414
86 336 433
87 300 455
88 284 459
89 283.132 459.109
90 196 468
91 42.6402 454.797
92 10 391
