Duration[s]: 3601.27 Porcentaje: 0.805874 TerminoTodo: 0
Convexos: 9 VerticesConvexos: 67
0 16 17 18 47 48 49 50
4 5 6 7 8 9 10
2 3 4 10 11 12 13
0 1 2 13 14 15 16
20 21 22 23 24
30 31 32 33 34 35
35 36 37 38 39 40 41
19 20 24 25 26 27 28 29 30 35 41
18 19 41 42 43 44 45 46 47
0 38 101.36
1 173 37
2 214 44
3 345 33
4 483.638 75.9116
5 466 130
6 457 154
7 450 155
8 432 144
9 417 117
10 416 95
11 328 115
12 299 118
13 229 112
14 235 153
15 232 161
16 92 131
17 165 186
18 195 253
19 264 277
20 300 224
21 247 189
22 292 144
23 409 111
24 448 169
25 498 169
26 511 174
27 535 189
28 567 223
29 545 246
30 479 303
31 518 298
32 531 309
33 544 337
34 472 381
35 403 364
36 489 402
37 494 405
38 504.39 438.767
39 446 435
40 430 428
41 350 390
42 328 412
43 225 439
44 185 440
45 119.468 413.787
46 101 363
47 110 316
48 74 281
49 61 265
50 38 156.571
