Duration[s]: 3602.26 Porcentaje: 0.900972 TerminoTodo: 0
Convexos: 10 VerticesConvexos: 81
0 1 2 57 58 59 60 61 62
5 6 7 8 9 10 11
19 20 21 22 23 24 25 26
27 28 29
19 26 27 29 30 31 32 33 34 35
36 37 38 39 40 41 42 43 44 45 46 47 48 49 50 51 52 53 54
17 18 19 35 36 54 55
14 15 16 17 55
4 5 11 12 13 14 55 56
2 3 4 56 57
0 31 361
1 49 341
2 73 333
3 50 228
4 85 211
5 107 185
6 87 150
7 76 117
8 112 72
9 162 46
10 176 78
11 171 128
12 229 130
13 280 154
14 287 167
15 391 133
16 376 179
17 332 219
18 370 230
19 385 246
20 452 119
21 499 86
22 550 67
23 580.804 85.7504
24 614 158
25 604 259
26 527 318
27 584 371
28 602 308
29 606.071 397.551
30 503.917 417.538
31 476 415
32 451 404
33 427 390
34 399 366
35 363 277
36 285 289
37 343 390
38 344 414
39 328 424
40 262 435
41 228 424
42 208 405
43 181 373
44 164 350
45 161 330
46 160 311
47 160 294
48 164 272
49 171 262
50 179 253
51 211 238
52 219 236
53 228 235
54 238 237
55 288 210
56 108 243
57 133 351
58 148 385
59 132 411
60 109 424
61 74 414
62 45 393
