Duration[s]: 3602.58 Porcentaje: 0.839418 TerminoTodo: 0
Convexos: 7 VerticesConvexos: 55
0 1 2 3 4 27 28 42
9 10 11 12 13 14 15 16 17 18 19
8 9 19 20
4 5 6 7 8 20 21 22 23 24 25 26 27
29 30 31 32 33 34
34 35 36 37 38 39 40 41
28 29 34 41 42
0 47 176.286
1 81.6118 136.729
2 171.458 83.6386
3 223 72
4 279 73
5 311 79
6 347 92
7 362 107
8 368 144
9 402 171
10 395 73
11 422 59
12 445 50
13 479 46
14 504 46
15 552.168 84.027
16 595 237
17 586 331
18 540 369
19 517 363
20 365 405
21 353 416
22 334 429
23 301 435
24 260 430
25 239 399
26 232 380
27 238 187
28 163 332
29 239 442
30 346 460
31 351 479
32 270 479
33 196 457
34 165 430
35 151 455
36 142 471
37 87 438
38 65 404
39 55 358
40 55 327
41 81 312
42 47 220
