Duration[s]: 3600.24 Porcentaje: 0.804498 TerminoTodo: 0
Convexos: 8 VerticesConvexos: 71
0 1 2 53 54 55 56
6 7 8 9 10 11
12 13 14 15 16 17 18 19 20 21 22 23 24 25 26
5 6 11 12 26 27 28 29 30 31 32 33
45 46 47 48 49 50
36 37 38 39 40 41 42 43 44 45
34 35 36 45 50 51 52
2 3 4 5 33 34 52 53
0 29 45
1 77 41
2 81 71
3 139 47
4 245 8
5 380 11
6 448 49
7 539.611 16.6667
8 628.134 92.5433
9 632 166
10 616 166
11 425 128
12 408 173
13 415 161
14 432 159
15 504 159
16 594 180
17 608 203
18 611 235
19 611 274
20 598.168 357.407
21 466.908 429.945
22 408 427
23 387 423
24 349 411
25 316 396
26 290 378
27 270 352
28 248 292
29 243 238
30 243 187
31 263 131
32 304 76
33 336 43
34 203 91
35 189 147
36 131 228
37 168 230
38 269 417
39 287 455
40 232 472
41 197 470
42 152 457
43 128 429
44 114 397
45 80 289
46 82 420
47 70 449
48 47 440
49 25 312
50 37 197
51 87 133
52 107 119
53 63 97
54 46 113
55 15 133
56 4 84
