Duration[s]: 3604.4 Porcentaje: 0.901767 TerminoTodo: 0
Convexos: 16 VerticesConvexos: 112
0 1 2 3 34 35 77 78 79
14 15 16 17 18 19
12 13 14 19 20
11 12 20 21 22
9 10 11 22 23 24 25
5 6 7 8 9 25 26 27
3 4 5 27 28 29 30 31 32 33 34
56 57 58 59 60 61 62 63
47 48 49 50 51 52 53
46 47 53 54
43 44 45 46 56 63 64
42 43 64 65 66 67 68
70 71 72 73 74
69 70 74 75
35 36 37 38 39 40 41 42 68 69 75 77
46 54 55 56 75 76 77
0 41 165
1 51 130
2 146.857 60.2857
3 305.29 20.6774
4 396 17
5 482 21
6 562 35
7 600 64
8 602 82
9 601 120
10 614 198
11 608 237
12 627 247
13 627 332
14 594 337
15 606 386
16 609 423
17 583 395
18 575 324
19 581 296
20 607 263
21 588 253
22 574 230
23 574 215
24 575 189
25 586 145
26 556 118
27 536 92
28 515 132
29 484 148
30 453 162
31 432 165
32 387 149
33 350 134
34 294 99
35 270 160
36 329 170
37 349 175
38 359 183
39 366 198
40 365 216
41 361 222
42 337 250
43 365 265
44 419 242
45 431 238
46 522 257
47 477 207
48 482 187
49 498 168
50 539 153
51 577 156
52 567 203
53 546 222
54 578 258
55 597 274
56 563 297
57 568 315
58 578 404
59 578 421
60 548 433
61 504 428
62 469 400
63 486 364
64 412 352
65 380 424
66 347 445
67 260 444
68 256 343
69 170 380
70 164 398
71 208 447
72 163.825 447
73 116 389
74 121 379
75 168 356
76 138 317
77 170 289
78 93 301
79 43.4363 262.45
