Duration[s]: 3603.45 Porcentaje: 0.90075 TerminoTodo: 0
Convexos: 15 VerticesConvexos: 116
0 1 2 3 61 62 63 86 87
14 15 16 17
21 22 23 24 25 26 27 28 29 30
11 12 13 14 17 18 19 20 21 30
7 8 9 10 11 30 31
36 37 38 39 40 41 42
35 36 42 43
43 44 45 46 47
33 34 35 43 47 48 49
51 52 53 54 55 56 57
50 51 57 58 59
33 49 50 59 60 61
3 4 5 6 7 31 32 33 61
65 66 67 68 69 70 71 72 73 74 75 76 77 78 79 80 81
63 64 65 81 82 83 84 85 86
0 51 46.6
1 77 31
2 95 35
3 171 78
4 186 42
5 201 34
6 222 37
7 277 78
8 286 44
9 300 23
10 349 34
11 401 89
12 388 36
13 403 20
14 467 30
15 504 16
16 516.852 16
17 547 53
18 601.247 78.4628
19 595 130
20 557 165
21 523 175
22 543 194
23 555 218
24 559 241
25 525 262
26 477 264
27 420 217
28 402 186
29 405 168
30 454 153
31 329 136
32 350 188
33 327 209
34 397 261
35 446 325
36 526 343
37 550 268
38 594 288
39 608 413
40 603 448
41 542 448
42 508 402
43 433 385
44 465 475
45 369.87 475
46 327 417
47 352 383
48 319 308
49 311 260
50 268 262
51 310 330
52 306 357
53 292 391
54 263 424
55 253 408
56 231 355
57 268 340
58 263 317
59 252 249
60 243 212
61 275 178
62 253 188
63 187 206
64 186 224
65 171 247
66 228 239
67 240 256
68 244 274
69 244 279
70 243 285
71 241 293
72 238 296
73 232 299
74 221 304
75 216 306
76 208 305
77 183 300
78 172 296
79 141 282
80 130 275
81 108.846 256.868
82 79.5185 195.42
83 76 179
84 74 154
85 75 140
86 78 109
87 51 75.7692
