Duration[s]: 3603.01 Porcentaje: 0.802567 TerminoTodo: 0
Convexos: 7 VerticesConvexos: 69
0 1 2 3 4 5 6 53 54 55 56
18 19 20 21 22 23 24 25 26 27 28
14 15 16 17 18 28 29
6 7 8 9 10 11 12 13 14 29 30
40 41 42 43 44 45 46 47
33 34 35 36 37 38 39 40 47 48 49 50
6 30 31 32 33 50 51 52 53
0 14 103
1 73 62
2 83 60
3 112 61
4 134 68
5 140 71
6 166 124
7 182 68
8 190 63
9 202 60
10 296 44
11 424.926 64.9504
12 440 75
13 483 111
14 455 153
15 579 179
16 574 202
17 547 282
18 513 293
19 535 317
20 553 385
21 535 425
22 479 446
23 435 435
24 378 417
25 341 386
26 332 356
27 353 331
28 416 280
29 312 208
30 237 192
31 255 241
32 272 329
33 249 362
34 305 392
35 318 411
36 321 425
37 312 425
38 275 422
39 240 415
40 189 397
41 277 453
42 282 472
43 216 479
44 179 477
45 88 427
46 102 386
47 128 372
48 78 349
49 77 322
50 113 310
51 92 286
52 85 247
53 97 186
54 64 204
55 41 202
56 9 112
