Duration[s]: 3600.97 Porcentaje: 0.703151 TerminoTodo: 0
Convexos: 7 VerticesConvexos: 50
0 1 34 35 36 37
11 12 13 14 15 16 17
10 11 17 18 19
9 10 19 20 21 22 23 24 25
7 8 9 25 26 27 28 29
29 30 31 32 33 34
1 2 3 4 5 6 7 29 34
0 128.52 89.7809
1 181 133
2 212 75
3 294 84
4 355 104
5 387 146
6 383 168
7 354 242
8 391 216
9 478 249
10 500 225
11 451 160
12 429 198
13 403 165
14 365 92
15 355 52
16 386 44
17 513.534 44
18 536 126
19 544 180
20 580 252
21 580 457.5
22 520 468
23 500 462
24 480 448
25 423 407
26 396 442
27 367 451
28 342 450
29 284 378
30 229 429
31 204 431
32 113.791 399.348
33 116 364
34 230 316
35 122 308
36 53 200
37 30 136
