Duration[s]: 3600.71 Porcentaje: 0.90039 TerminoTodo: 0
Convexos: 8 VerticesConvexos: 85
0 1 2 3 4 5 6 7 8 9 10 31 32 33 68 69 70
19 20 21 22 23 24 25 26 27
13 14 15 16 17 18 19 27 28
10 11 12 13 28 29 30 31
36 37 38 39 40
35 36 40 41
41 42 43 44 45 46 47 48 49 50 51 52 53 54
33 34 35 41 54 55 56 57 58 59 60 61 62 63 64 65 66 67 68
0 78 246
1 80.312 137.336
2 87.2697 100.228
3 111 74
4 142.093 55.0741
5 159 52
6 171 52
7 203 57
8 218 60
9 244 68
10 296 88
11 295 41
12 309 30
13 375 57
14 372 34
15 406 14
16 412.5 13
17 453.476 13
18 545.074 38.9939
19 572 56
20 601.813 86.96
21 608 138
22 602 168
23 558 213
24 531 222
25 438 220
26 430 167
27 486 107
28 394 153
29 386 198
30 364 207
31 317 197
32 312 237
33 296 263
34 349 231
35 379 217
36 397 195
37 393 164
38 407 152
39 415 191
40 415 212
41 425 244
42 438 238
43 505 226
44 512 225
45 559 225
46 567 228
47 591 242
48 594 247
49 607 281
50 619 329
51 624 359
52 597 383
53 585 374
54 571 363
55 562 378
56 554 386
57 549 390
58 530 404
59 524 408
60 511 414
61 480 427
62 450.435 437.348
63 389 451
64 324.5 451
65 275 448
66 226 439
67 187.238 423.495
68 130 376
69 92 324
70 78 290.4
