Duration[s]: 3600.67 Porcentaje: 0.800981 TerminoTodo: 0
Convexos: 4 VerticesConvexos: 50
0 1 12 13 14 38 39 40 41 42 43
2 3 4 5 6 7 8 9 10 11
1 2 11 12
14 15 16 17 18 19 20 21 22 23 24 25 26 27 28 29 30 31 32 33 34 35 36 37 38
0 36 384
1 72 332
2 59 242
3 41 229
4 39.5394 186.642
5 57.4977 80.3886
6 180.421 22
7 191 22
8 206 46
9 207 192
10 163 230
11 114 246
12 151 302
13 170 300
14 344 405
15 274 352
16 266 343
17 257 332
18 252 323
19 246 312
20 244 302
21 241 265
22 240 251
23 245 242
24 261 226
25 303 185
26 320 171
27 342 161
28 355 157
29 370 155
30 415 150
31 545 140
32 552 152
33 576 385.6
34 576 429
35 519 448
36 457 451
37 437 450
38 372 425
39 331 453
40 326 456
41 189 467
42 161 469
43 45.8464 438.155
