Duration[s]: 3600.31 Porcentaje: 0.901216 TerminoTodo: 0
Convexos: 15 VerticesConvexos: 113
0 1 80 81 82 83 84
7 8 9 10 11 12 13 14
6 7 14 15
5 6 15 16 17 18 19
25 26 27 28 29 30 31 32
24 25 32 33 34 35 36
38 39 40 41 42 43 44 45 46 47 48 49 50
50 51 52 53 54 55 56 57
57 58 59 60 61 62 63 64
37 38 50 57 64 65 66 67
36 37 67 68
23 24 36 68 69 70 71 72 73 74
20 21 22 23 74 75 76 77 78 79
5 19 20 79
1 2 3 4 5 79 80
0 40 428
1 81 413
2 46 326
3 91 294
4 97 294
5 143 324
6 89 249
7 54 223
8 53 171
9 66 71
10 113 39
11 132 72
12 132 136
13 126 158
14 100 183
15 107 224
16 173 242
17 197 254
18 201 279
19 204 301
20 212 340
21 250 337
22 288 340
23 348 362
24 343 284
25 299 305
26 334 327
27 318 335
28 317 335
29 285 331
30 268 325
31 258 316
32 254 290
33 258 264
34 284 248
35 368 206
36 412 225
37 420 192
38 326 162
39 305 222
40 288 232
41 244 232
42 188 221
43 154 206
44 138 174
45 138 144
46 155 127
47 166 124
48 195 119
49 226 120
50 305 130
51 197 100
52 170 86
53 170 62
54 199 39
55 255 23
56 296 22
57 360 128
58 374 74
59 419 47
60 443 44
61 453 43
62 556.979 35.2978
63 605 77
64 618 132
65 636 149
66 614 178
67 586 201
68 536 239
69 585 295
70 607 321
71 610 333
72 614.778 432.153
73 557.381 459.485
74 405.276 474.034
75 330 472
76 292 464
77 270 452
78 221 423
79 162 370
80 164 426
81 202 433
82 208 445
83 209 466
84 160 475
