Duration[s]: 3600.62 Porcentaje: 0.801481 TerminoTodo: 0
Convexos: 8 VerticesConvexos: 63
0 1 2 37 45 46 47 48
10 11 12 13 14 15 16 17
25 26 27 28 29 30
18 19 20 21 22 23 24 25 30 31
17 18 31 32 33 34 35 36 37
2 3 4 5 6 7 8 9 10 17 37
38 39 40 41 42 43 44
37 38 44 45
0 48 126.844
1 85 128
2 147 152
3 110 99
4 108 85
5 130.5 40
6 201 40
7 226 44
8 250 54
9 273 70
10 315 124
11 357 69
12 430.5 56.75
13 473 108
14 473 128
15 443 151
16 382 181
17 339 187
18 445 184
19 465 158
20 500 139
21 537.727 132.712
22 560 231.083
23 560 261
24 548 293
25 518 336
26 538 355
27 499 395
28 436 391
29 404 359
30 436 330
31 411 294
32 390 346
33 341 394
34 280 394
35 267 378
36 247 296
37 257 278
38 214 342
39 227 410
40 154 398
41 100 359
42 93 324
43 132 282
44 184 294
45 187 258
46 122 238
47 81 217
48 48 192.25
