Duration[s]: 3601.96 Porcentaje: 0.900796 TerminoTodo: 0
Convexos: 14 VerticesConvexos: 115
0 1 73 74 75 85 86
17 18 19 20 21 22 23 24 25
26 27 28 29 30 31 32 33 34 35 36 37 38 39 40
13 14 15 16 17 41 42 43 44 45
8 9 10 11 12 45 46
5 6 7 8 46 47
49 50 51 52 53 54 55 56 57 58 59 60 61 62
63 64 65 66 67 68
48 49 62 63 68 69
4 5 47 48 69 70 71
1 2 3 4 71 72 73
76 77 78 79 80 81
75 76 81 82 83 84 85
12 13 17 25 26 40 41 45
0 27 122
1 54 91
2 65 65
3 103 35
4 141 19
5 234 61
6 260 44
7 271 45
8 314 82
9 349 52
10 369 45
11 384 45
12 431 93
13 461 65
14 499 56
15 533 81
16 537 142
17 517 204
18 586 278
19 612 355
20 629 440
21 629 462.6
22 605.571 479
23 586 479
24 578 465
25 558 395
26 527 409
27 549 447
28 548 452
29 536 464
30 526 469
31 515 473
32 496 476
33 464 478
34 440 474
35 422 455
36 410 427
37 402 404
38 418 386
39 450 366
40 476 350
41 449 295
42 420 285
43 394 249
44 402 205
45 415 163
46 357 139
47 328 177
48 331 240
49 290 295
50 371 312
51 382 323
52 382 354
53 351 452
54 329 464
55 308 465
56 283 455
57 242 436
58 230 426
59 221 393
60 221 359
61 226 342
62 243 302
63 181 241
64 156 250
65 130 254
66 96 211
67 105 184
68 155 184
69 287 222
70 215 157
71 150 75
72 134 136
73 75 140
74 75 180
75 74 211
76 136 285
77 157 305
78 167 384
79 148 402
80 116 393
81 94 323
82 82 312
83 56 284
84 49 239
85 53 213
86 34 176
