Duration[s]: 3603.48 Porcentaje: 0.80987 TerminoTodo: 0
Convexos: 10 VerticesConvexos: 91
0 1 2 3 55 56 57 58 59 60 71 72
23 24 25 26 27 28 29
22 23 29 30 31 32
19 20 21 22 32 33 34 35 36
18 19 36 37 38 39 40 41 42 43 44 45 46 47 48 49 50 51 52 53
8 9 10 11 12 13 14 15 16 17 18 53 54
6 7 8 54 55
3 4 5 6 55
65 66 67 68 69 70
60 61 62 63 64 65 70 71
0 36 266
1 65 219
2 81 205
3 126 175
4 65 175
5 45 163
6 12 123
7 44.0753 77.56
8 179.303 45.3038
9 281 44
10 341 49
11 417 60
12 462 73
13 471 79
14 511 108
15 526 132
16 528 168
17 504 216
18 414 266
19 425 328
20 461 275
21 476 265
22 544 325
23 546 173
24 549 142
25 583 90
26 636 53.96
27 636 107
28 605 146
29 562 167
30 594 215
31 613 246
32 580 391
33 599 472
34 598.566 479
35 496 479
36 380 455
37 358 467
38 331 471
39 245 461
40 209 444
41 194 434
42 155 390
43 148 366
44 146 331
45 145 309
46 159 275
47 170 261
48 195 243
49 218 229
50 244 217
51 270 212
52 295 212
53 336 221
54 235 152
55 164 153
56 184 182
57 191 198
58 186 222
59 180 230
60 74 307
61 92 326
62 98 338
63 106 362
64 105 376
65 100 390
66 165 441
67 175 453
68 170 470
69 143 479
70 46.0936 434.358
71 38 317
72 30 292
