Duration[s]: 3600.68 Porcentaje: 0.800256 TerminoTodo: 0
Convexos: 11 VerticesConvexos: 96
0 1 2 67 68 69 70 71 72 73
53 54 55 56 57 58 59
47 48 49 50 51 52 53 59
46 47 59 60 61 62 63 64 65 66
23 24 25 26 27 33 34 35 36
11 12 13 14 18 19 20 21 22 23 36 37 38
9 10 11 38 39
4 5 6 7 8 9 39 40
3 4 40 41 42 43
2 3 43 44 45 46 66 67
14 15 16 17 18 27 28 29 30 31 32 33
0 20 354
1 23 337
2 57 314
3 61 269
4 28 170
5 20 131
6 15 88
7 52 60
8 184 23
9 218 45
10 301 18
11 361 73
12 410 38
13 431 32
14 477 45
15 522.862 22.069
16 582 45
17 593 50
18 580 130
19 631 202
20 639 215
21 640 231
22 639 244
23 564 246
24 573 284
25 555 296
26 541 299
27 517 296
28 448 319
29 428 317
30 383 298
31 361 285
32 357 278
33 354 271
34 285 259
35 320 240
36 372 224
37 302 205
38 258 178
39 238 130
40 160 172
41 241 228
42 239 237
43 234 254
44 319 279
45 334 285
46 370 346
47 499 364
48 540 333
49 568 329
50 612 342
51 588 374
52 560 388
53 510 409
54 605 422
55 617 428
56 622 453
57 555 473
58 470 450
59 430 435
60 387 462
61 339 471
62 318 473
63 289 457
64 258 439
65 236 417
66 263 385
67 194 362
68 211 429
69 211 458
70 162 466
71 136.109 464.838
72 68 432
73 21 387
