Duration[s]: 3601.97 Porcentaje: 0.805022 TerminoTodo: 0
Convexos: 8 VerticesConvexos: 81
0 1 58 59 65 66
20 21 22 23 24 25 26 27 28 29 30 31 32 33 34 35 36 37 38 39 40 41 42 43 44 45
16 17 18 19 20 45 46
13 14 15 16 46 47
7 8 9 10 11 12 13 47 48 49 50 51
52 53 54 55 56 57
1 2 3 4 5 6 7 51 52 57 58
59 60 61 62 63 64 65
0 57 146
1 106 150
2 33 43
3 43 28
4 87 22
5 225 33
6 282 56
7 298 86
8 404 35
9 422 33
10 504 51
11 525 80
12 534 134
13 543 193
14 569 219
15 585 249
16 612 368
17 612 428.571
18 564.5 448.929
19 501.667 463.889
20 425 469
21 339.725 463.439
22 273 452
23 240 436
24 211 415
25 188 385
26 184 377
27 183 363
28 182 345
29 183 321
30 187 305
31 220 264
32 225 260
33 242 254
34 265 251
35 311 251
36 346 253
37 386 257
38 443 276
39 459 283
40 472 291
41 487 310
42 490 318
43 491 341
44 488 363
45 484 375
46 587 355
47 521 275
48 347 226
49 334 215
50 312 189
51 284 149
52 241 202
53 255 213
54 256 229
55 198 243
56 163 245
57 150 199
58 129 183
59 74 208
60 159 342
61 149 394
62 100 407
63 67 391
64 53 291
65 52 206
66 30 146
