Duration[s]: 3600.85 Porcentaje: 0.705313 TerminoTodo: 0
Convexos: 4 VerticesConvexos: 43
0 1 2 3 4 31 32 33 34 35 36
10 11 12 13 14 15 16 17 18 19 20
21 22 23 24 25 26 27 28 29 30
4 5 6 7 8 9 10 20 21 30 31
0 52 216
1 66.7176 66.5595
2 100 53
3 119 68
4 164 108
5 182 64
6 201 53
7 350 35
8 384.038 35
9 544.394 105.239
10 542 201
11 586 258.538
12 586 297.375
13 553 329
14 524 343
15 508 346
16 458 319
17 445 310
18 443 292
19 443 273
20 455 258
21 348 326
22 439 338
23 494 370
24 513 387
25 456.318 445
26 321 445
27 269 425
28 245 402
29 232 377
30 229 324
31 201 293
32 177 377
33 172 386
34 98 439
35 74 418
36 52 237
