Duration[s]: 3600.55 Porcentaje: 0.800075 TerminoTodo: 0
Convexos: 3 VerticesConvexos: 40
0 1 2 3 4 5 6 30 31 32 33 34 35
10 11 12 13 14 15 16 17 18 19 20 21 22 23 24 25 26 27
6 7 8 9 10 27 28 29 30
0 28 93.0909
1 51.7143 60.7532
2 100 41
3 145 28
4 213 11
5 239 15
6 251 65
7 256 76
8 272 128
9 275 139
10 295 227
11 299 182
12 321 86
13 324 74
14 337 65
15 351 58
16 360 56
17 375 54
18 380 54
19 399 56
20 442 69
21 539 133
22 588 264
23 589 286
24 562 321
25 418 412
26 403 412
27 329 385
28 326 404
29 304 420
30 246 396
31 164 429
32 136 427
33 82.8182 396.273
34 61 354
35 28 111.29
