Duration[s]: 3600.12 Porcentaje: 0.800879 TerminoTodo: 0
Convexos: 6 VerticesConvexos: 51
0 1 2 33 34 35 36 37 38 39 40
6 7 8 9 10 11 12 13 14 15
5 6 15 16 17 18 19
3 4 5 19 20 21 22 23 24
24 25 26 27 28
2 3 24 28 29 30 31 32 33
0 84 286
1 110 218
2 173 219
3 218 211
4 222 126
5 238 63
6 150 102
7 163 103
8 178 107
9 190 119
10 184 133
11 181 139
12 142 141
13 120 139
14 105 131
15 86 116
16 68 94
17 68 37.5946
18 231 42
19 252 45
20 399 31
21 422 31
22 484.125 52.6716
23 463 87
24 371 206
25 514 161
26 555 152.559
27 555 164
28 461 223
29 506 291
30 527.046 403.244
31 402 462
32 386 455
33 335 413
34 264 457
35 239 464
36 227 465
37 178 458
38 111.779 419.661
39 91 382
40 81 301
