Duration[s]: 3600.03 Porcentaje: 0.603004 TerminoTodo: 0
Convexos: 4 VerticesConvexos: 40
0 1 2 3 4 28 29 30 31 32 33
9 10 11 12 13 14 15 16 17 18 19 20
8 9 20 21 22 23 24
4 5 6 7 8 24 25 26 27 28
0 71 370
1 85 361
2 218 329
3 237 325
4 275 366
5 271 296
6 291 250
7 343 191
8 393 172
9 227 117
10 235 204
11 202 277
12 166 309
13 144 312
14 130 310
15 107 296
16 87 276
17 78 258
18 75 243
19 75 95.2581
20 146 38
21 291 14
22 461.954 33.6177
23 545 113
24 565 142
25 539.158 337.971
26 500.236 399.957
27 427 442
28 332 428
29 252 435
30 172 441
31 152 442
32 125.472 442
33 71 389
