Duration[s]: 3607.32 Porcentaje: 0.900117 TerminoTodo: 0
Convexos: 8 VerticesConvexos: 81
0 1 2 58 59 60 61 62 63 64
17 18 19 20 21
24 25 26 27 28 29 30 31 32 33 34
21 22 23 24 34 41 42
12 13 14 15 16 17 21 42 43 44 45 46 47 48 49
8 9 10 11 12 49 50 51 52 53 54 55 56
2 3 4 5 57 58
5 6 7 8 34 35 36 37 38 39 40 41 56 57
0 7 72.9286
1 38 53
2 55 43
3 75 19
4 85 10
5 102 10
6 155 25
7 190 41
8 198 47
9 224 44
10 319 40
11 342 43
12 413 74
13 431 64
14 473 50
15 502 42
16 517 50
17 555 100
18 598.77 79.7164
19 622 166
20 583 190
21 502 218
22 559 226
23 576 254
24 555 316
25 586 331
26 599 350
27 610 383
28 611.641 402.692
29 605.535 448.488
30 540.211 470.263
31 496 465
32 477 454
33 458 442
34 419 375
35 411 442
36 398 479
37 308.889 479
38 270 469
39 254 462
40 244 452
41 232 429
42 208 402
43 155 435
44 110.6 435
45 106 412
46 104 386
47 103 372
48 103 363
49 122 310
50 92 281
51 82 271
52 77 258
53 77 238
54 79 143
55 80 125
56 106 88
57 101 53
58 93 56
59 95 65
60 67 159
61 48 170
62 23 164
63 15 154
64 7 111
