Duration[s]: 3600.34 Porcentaje: 0.50298 TerminoTodo: 0
Convexos: 5 VerticesConvexos: 49
0 1 19 20 21 37 38 39 40
10 11 12 13 14 15 16 17 18 19
1 2 3 4 5 6 7 8 9 10 19
21 22 23 24 25 26 27
21 27 28 29 30 31 32 33 34 35 36 37
0 66 293
1 119 235
2 60 164
3 59 129
4 63.6004 91.0469
5 213.258 29.4233
6 258 24
7 313 22
8 338 23
9 348 51
10 331 84
11 394 53
12 566 7
13 585.564 7
14 590 33
15 587 56
16 576 86
17 493 146
18 370 207
19 256 200
20 286 254
21 309 326
22 339 241
23 552 128
24 575 116
25 588 133
26 583 161
27 532 261
28 626 244
29 633 290.2
30 633 298
31 624.343 420.439
32 478 445
33 432 446
34 317 444
35 301 443
36 279 431
37 245 387
38 127 433
39 79.3585 413.943
40 64 319
