Duration[s]: 3603.46 Porcentaje: 0.804279 TerminoTodo: 0
Convexos: 8 VerticesConvexos: 67
0 1 2 3 16 48 49 50 51 52
22 23 24 25 26 27 28 29 30
21 22 30 31 32 33
20 21 33 34 35 36 37 38 39 40 41 42
17 18 19 20 42
16 17 42 43 44 45 46 47 48
4 5 6 7 8 9 10 11 12 13
3 4 13 14 15 16
0 121 182.5
1 156 160
2 167 156
3 201 147
4 221 107
5 196 76
6 214 54
7 265 30
8 278 30
9 323 45
10 351 57
11 348 109
12 317 148
13 291 171
14 283 232
15 268 284
16 263 286
17 323 288
18 323 258
19 364 202
20 414 210
21 458 182
22 406 154
23 400 163
24 381 176
25 361 179
26 355 178
27 345 171
28 343 157
29 344 151
30 391 129
31 522 79
32 575.121 59.6834
33 554 185
34 583 250
35 592 277
36 592 299
37 566 457
38 522 469
39 514 468
40 439 427
41 436 423
42 402 361
43 398 434
44 380 442
45 345 450
46 292 450
47 290 447
48 267 370
49 214 456
50 195 463
51 167.655 438.693
52 121 331.514
