Duration[s]: 3602.55 Porcentaje: 0.804805 TerminoTodo: 0
Convexos: 21 VerticesConvexos: 131
0 1 20 21 22 90
7 8 9 10 11 12 13 14 15 16
5 6 7 16 17 18 19
1 2 3 4 5 19
1 19 20
35 36 37 38 39 40 41 42
32 33 34 35 42 43 44 45
28 29 30 31 32 45
25 26 27 28 45 46 47 48
53 54 55 56 57 58 59 60
49 50 51 52 53 60
62 63 64 65 66 67
69 70 71 72 73
68 69 73 74 75
75 76 77 78 79 80
67 68 75 80
67 80 81
49 60 61 62 67 81
24 25 48 49 81 82 83 84 85
22 23 24 85 86 87
22 87 88 89 90
0 0 152
1 19 119
2 7.30551 23.1052
3 72 0
4 104 16
5 144 53
6 205 19
7 247 12
8 291 10
9 450 8
10 593.469 20.727
11 598 60
12 589 74
13 524 84
14 359 83
15 310 75
16 267 46
17 193 82
18 138 104
19 88 87
20 50 149
21 77 257
22 54 315
23 119 356
24 166 406
25 176 358
26 133 332
27 104 284
28 110 197
29 88 159
30 98 118
31 145 128
32 180 160
33 254 96
34 317 111
35 390 146
36 447 118
37 485 106
38 562 103
39 606 116
40 598 133
41 561 158
42 364 184
43 344 198
44 280 203
45 155 189
46 222 273
47 224 310
48 224 342
49 277 337
50 253 250
51 281 221
52 331 229
53 378 238
54 391 215
55 444 197
56 486 191
57 553 185
58 605 183
59 550 211
60 369 260
61 436 265
62 527 272
63 574 300
64 576 334
65 562 366
66 520 338
67 470 293
68 524 378
69 584 384
70 574 269
71 598 255
72 632 289
73 611.139 399.562
74 507 431
75 480 390
76 428 436
77 392 443
78 404 358
79 426 348
80 458 349
81 366 331
82 336 433
83 300 455
84 283.862 459.034
85 196 468
86 149 449
87 123 415
88 85 454
89 42.7727 455.056
90 0 371.455
