Duration[s]: 3601.4 Porcentaje: 0.60465 TerminoTodo: 0
Convexos: 9 VerticesConvexos: 67
0 1 2 15 48 49 50
6 7 8 9 10 11 12 13 14
2 3 4 5 6 14 15
25 26 27 28 29
25 29 30 31 32 33 34 35 36
24 25 36 37 38 39 40
21 22 23 24 40 41 42 43
19 20 21 43 44 45 46
15 16 17 18 19 46 47 48
0 76.8987 8.94937
1 121 31
2 158 65
3 192 23
4 260 9
5 444 5
6 533 48
7 569 22
8 596.636 22
9 598 67
10 593 157
11 591 178
12 583 192
13 527 186
14 529 137
15 150 142
16 201 155
17 225 181
18 215 192
19 87 263
20 109 289
21 147 362
22 213 250
23 239 228
24 348 300
25 462 254
26 343 287
27 313 254
28 420 170
29 500 192
30 586 254
31 596.967 370.982
32 519 424
33 512 425
34 443 434
35 423 418
36 411 376
37 375 439
38 347 479
39 293 479
40 290 437
41 254 464
42 230 466
43 164 453
44 136 466
45 21.1658 451.219
46 14 204
47 18 178
48 47 168
49 33 133
50 0 38
