Duration[s]: 3600.31 Porcentaje: 0.500611 TerminoTodo: 0
Convexos: 4 VerticesConvexos: 36
0 1 2 3 4 5 6 7 8 9 10 11 28 29
14 15 16 17 18 19 20
12 13 14 20 21 22
11 12 22 23 24 25 26 27 28
0 44.0753 77.56
1 179.303 45.3038
2 281 44
3 341 49
4 417 60
5 462 73
6 471 79
7 511 108
8 526 132
9 528 168
10 504 216
11 389 303
12 460 329
13 461 275
14 549 209
15 546 173
16 549 142
17 583 90
18 636 53.96
19 636 107
20 594 215
21 613 246
22 572 440
23 604.906 479
24 143 479
25 47.8987 435.189
26 30 292
27 36 266
28 68 226
29 12 123
