Duration[s]: 3600.57 Porcentaje: 0.701439 TerminoTodo: 0
Convexos: 6 VerticesConvexos: 62
0 1 2 3 11 12 26 48 49 50 51
6 7 8 9 10 11
3 4 5 6 11
12 13 14 15 16 17 18 19 20 21 22 23 24 25 26
27 28 29 30 31 32 33 34 35 36 37 38 39 40
26 27 40 41 42 43 44 45 46 47 48
0 31 376
1 62 248
2 85 178
3 110 127
4 70 113
5 27 94
6 124 90
7 157 64
8 180 54
9 236 69
10 253 76
11 267 127
12 307 130
13 306 112
14 326 65
15 347 52
16 403 40
17 435 37
18 525.473 40.1198
19 578.817 91.2411
20 594 154.143
21 594 199
22 592 216
23 586 222
24 581 223
25 428 207
26 341 158
27 387 254
28 410 232
29 428 227
30 462 225
31 468 229
32 524 270
33 555 297
34 572 325
35 573 349
36 570 459
37 541 471
38 492 474
39 427 449
40 407 395
41 356 450
42 302 476
43 255.5 476
44 224 455
45 203 440
46 199 429
47 202 395
48 241 320
49 160 383
50 92 414
51 23 421
