Duration[s]: 3601.67 Porcentaje: 0.700026 TerminoTodo: 0
Convexos: 5 VerticesConvexos: 49
0 1 2 3 32 33 34 35 36 37 38 39 40
21 22 23 24 25 26 27 28 29
19 20 21 29 30
10 11 12 13 14 15 16 17 18 19 30 31
3 4 5 6 7 8 9 10 31 32
0 5 310
1 9 299
2 39 297
3 102 306
4 67 284
5 58 277
6 52 262
7 25 178
8 26 155
9 56.7627 95.9357
10 132 107
11 148 87
12 175 75
13 218 56
14 264.673 40.4423
15 454 37
16 493 46
17 533 63
18 517 102
19 502 122
20 551 161
21 578 218
22 568.227 271.055
23 524 363
24 498 383
25 436 404
26 404 394
27 391 352
28 427 296
29 462 273
30 385 231
31 353 252
32 317 352
33 361 365
34 382 401
35 382 414
36 333 426
37 308 432
38 89.7416 429.761
39 38.3059 382.282
40 8 326
