Duration[s]: 3601.7 Porcentaje: 0.905621 TerminoTodo: 0
Convexos: 6 VerticesConvexos: 60
0 1 2 3 4 45 46 47 48 49
17 18 19 20 21 22 23 24 25 26 27 28 29 30 31
9 10 11 12 13 14 15 16 17 31 32
8 9 32 33 34 35
5 6 7 8 35 36 37 38
4 5 38 39 40 41 42 43 44 45
0 48 162
1 67 155
2 85 154
3 107 158
4 121 210
5 155 213
6 118 107
7 128 99
8 190 127
9 237 122
10 237 105
11 245 89
12 271 63
13 312 42
14 359 25
15 423 24
16 466 30
17 529.346 69.1595
18 609 252.806
19 609 337.351
20 527.325 404.697
21 479 411
22 453 401
23 439 388
24 427 376
25 423 363
26 421 347
27 419 324
28 419 300
29 422 280
30 427 267
31 485 147
32 411 156
33 411 170
34 391 203
35 334 217
36 349 245
37 353 255
38 352 278
39 355 311
40 313 374
41 278 406
42 238 413
43 209 416
44 194 417
45 113 357
46 107 406
47 73 417
48 50 395
49 45 307
