Duration[s]: 3601.06 Porcentaje: 0.80077 TerminoTodo: 0
Convexos: 3 VerticesConvexos: 36
0 1 2 3 21 22 23 24 25 26 27 28 29 30 31
10 11 12 13 14 15 16 17 18 19 20
3 4 5 6 7 8 9 10 20 21
0 36 167.929
1 142.644 99.3717
2 202.143 80
3 260.241 80
4 507.622 122.958
5 569 162.24
6 569 205
7 563.2 339.56
8 552 353
9 539 361
10 516 369
11 488 424
12 447.731 441.258
13 375 447
14 289.392 440.796
15 221 412
16 206 399
17 197 383
18 197 373
19 218 351
20 313 270
21 268 190
22 271 245
23 270 262
24 256 275
25 239 287
26 206 307
27 150 319
28 122 323
29 114 318
30 83 295
31 36 246.321
