Duration[s]: 3601.19 Porcentaje: 0.704225 TerminoTodo: 0
Convexos: 6 VerticesConvexos: 41
0 29 30
5 6 7 8 9 10 11 12 13 14 15 16 17 18 19 20
21 22 23 24 25
26 27 28
3 4 5 20 21 25 26 28
0 1 2 3 28 29
0 172 51
1 244 44
2 349 68
3 377 155
4 428 156
5 596 200
6 612 412
7 603 443
8 487.444 463
9 284.4 463
10 243 454
11 223 444
12 204 434
13 182 413
14 168 390
15 165 379
16 165 357
17 170 327
18 189 314
19 221 300
20 316 260
21 137 274
22 126 404
23 48 400
24 78 267
25 125 229
26 178 200
27 104 172
28 247 181
29 113 98
30 29 77
