Duration[s]: 3600.53 Porcentaje: 0.701322 TerminoTodo: 0
Convexos: 10 VerticesConvexos: 82
0 1 2 10 22 23 24 25 59 60 61 62 63
3 4 5 6 7 8 9
2 3 9 10
12 13 14 15 16 17 18 19
10 11 12 19 20 21 22
33 34 35 36 37 38 39 40 41
42 43 44 45 46 47 48 49
32 33 41 42 49 50 51 52
26 27 28 29 30 31 32 52 53 54 55
25 26 55 56 57 58 59
0 64.3889 84.5417
1 108 78
2 165 86
3 196.795 26.2256
4 313 22
5 338 23
6 348 51
7 331 84
8 277 92
9 207 77
10 208 133
11 320 122
12 380 132
13 394 53
14 566 7
15 590 33
16 587 56
17 576 86
18 493 146
19 440 157
20 407 181
21 370 207
22 256 200
23 286 254
24 309 326
25 303 356
26 356 361
27 336 299
28 329 274
29 339 241
30 389 230
31 411 253
32 477 359
33 447 265
34 446 216
35 478 189
36 552 128
37 575 116
38 588 133
39 583 161
40 569 182
41 487 253
42 532 261
43 626 244
44 631 277
45 633 298
46 624.312 420.877
47 594 422
48 577 391
49 545 321
50 546 376
51 531 409
52 517 432
53 478 445
54 432 446
55 410 435
56 317 444
57 301 443
58 279 431
59 245 387
60 124.393 434.016
61 77.4531 402.165
62 64 319
63 59 129
