Duration[s]: 3605.94 Porcentaje: 0.905872 TerminoTodo: 0
Convexos: 7 VerticesConvexos: 85
0 1 2 3 4 5 6 69 70 71 72
14 15 16 17 18 19 20 21 22 23 24
24 25 26 27 28 29 30 31 32 33 34 35 36 37 38 39 40 41
8 9 10 11 12 13 14 24 41 42 43 44 45
46 47 48 49 50 51 52 53 54 55 56 57 58
8 45 46 58 59 60 61 62 63
6 7 8 63 64 65 66 67 68 69
0 33 259
1 57 247
2 63 247
3 109 265
4 123 271
5 148 283
6 188 307
7 217 292
8 263 274
9 195 268
10 170 259
11 148 245
12 142 240
13 130 226
14 126 212
15 117 181
16 116 161
17 115 60
18 140 64
19 179 73
20 214 83
21 228 88
22 234 93
23 261 117
24 269 134
25 314 97
26 341 80
27 364 70
28 410 55
29 437 48
30 461 44
31 494 40
32 550 40
33 582 49
34 606 59
35 599 82
36 587 110
37 574 125
38 550 145
39 513 163
40 482 170
41 404 167
42 427 188
43 432 204
44 420 212
45 345 245
46 402 248
47 477 210
48 494 203
49 512 202
50 531 207
51 564 222
52 605 268
53 631 372
54 624.17 394.197
55 531 408
56 511 405
57 483 379
58 447 322
59 435 384
60 390 404
61 363 385
62 313 333
63 300 319
64 267 348
65 253 359
66 240 368
67 191 376
68 166 378
69 154 350
70 116 382
71 95 383
72 33 351.279
