Duration[s]: 3611.86 Porcentaje: 0.901932 TerminoTodo: 0
Convexos: 13 VerticesConvexos: 112
0 1 83 84 85 86 87
4 5 6 7 8 9 10 11
19 20 21 22 23 24 25 26
18 19 26 27 28 29 30
32 33 34 35 36 37 38 39 40 41 42 43 44
45 46 47 48 49 50 51 52 53 54
31 32 44 45 54 55
56 57 58 59 60 61 62 63 64 65 66 67
30 31 55 56 67 68
17 18 30 68 69 70 71 72 73 74 75 76
14 15 16 17 76 77 78 79 80 81
3 4 11 12 13 14 81 82
1 2 3 82 83
0 40 428
1 81 413
2 46 326
3 91 294
4 89 249
5 54 223
6 53 171
7 66 71
8 113 39
9 132 72
10 132 136
11 113 228
12 173 242
13 197 254
14 212 340
15 250 337
16 288 340
17 348 362
18 343 284
19 299 305
20 334 327
21 318 335
22 317 335
23 285 331
24 268 325
25 258 316
26 254 290
27 258 264
28 284 248
29 368 206
30 420 192
31 388 171
32 326 162
33 305 222
34 288 232
35 244 232
36 188 221
37 154 206
38 138 174
39 138 144
40 155 127
41 166 124
42 195 119
43 226 120
44 305 130
45 305 114
46 229 107
47 197 100
48 170 86
49 170 62
50 199 39
51 255 23
52 296 22
53 328 80
54 336 113
55 360 128
56 373 120
57 374 74
58 419 47
59 443 44
60 453 43
61 534 37
62 567 44
63 605 77
64 636 149
65 614 178
66 586 201
67 538 219
68 538 259
69 585 295
70 607 321
71 610 333
72 614 416
73 609.716 434.564
74 557.381 459.485
75 437 471
76 367 473
77 330 472
78 292 464
79 270 452
80 221 423
81 188 390
82 162 370
83 164 426
84 202 433
85 208 445
86 209 466
87 160 475
