Duration[s]: 3601.23 Porcentaje: 0.907652 TerminoTodo: 0
Convexos: 10 VerticesConvexos: 72
0 5 6 52 53
0 1 2 3 4 5
13 14 15 16 17 18 19 20 21 22 23
6 7 8 9 10 11 12 13 23 24
28 29 30 31 32 33 34 35
36 37 38 39
26 27 28 35 36 39 40
24 25 26 40
41 42 43 44 45 46 47 48 49 50
6 24 40 41 50 51 52
0 38 57
1 61 30
2 110 24
3 224 33
4 246 39
5 99 60
6 157 209
7 148 149
8 158 116
9 180 85
10 211 74
11 242 72
12 255 85
13 279 143
14 346 76
15 387 61
16 416 73
17 459 115
18 462 138
19 449 174
20 422 195
21 365 222
22 348 217
23 289 172
24 289 264
25 355 239
26 408 226
27 474 195
28 543 164
29 594 224
30 639 310.897
31 639 373
32 626 405
33 556 394
34 520 336
35 522 275
36 408 348
37 472 412
38 311 364
39 337 328
40 318 299
41 292 380
42 309 394
43 211 429
44 206.364 429
45 150 409
46 92 373
47 90 371
48 93 336
49 101 328
50 190 344
51 124 277
52 92 238
53 34 100
