Duration[s]: 3601.24 Porcentaje: 0.800815 TerminoTodo: 0
Convexos: 7 VerticesConvexos: 57
0 1 2 38 39 40 41 42 43 44
11 12 13 14 15 16 17
25 26 27 28 29 30 31 32 33
19 20 21 22 23 24 25 33
10 11 17 18 19 33 34
6 7 8 9 10 34 35 36 37
2 3 4 5 6 37 38
0 82 65
1 109 59
2 173 84
3 206 48
4 231 38
5 262 44
6 276 75
7 396 4
8 417 19
9 459 83
10 455 178
11 478 141
12 481 57
13 500 49
14 593 76
15 594 106
16 563 130
17 547 137
18 608 187
19 596 258
20 626 296
21 619.445 395.424
22 573 423
23 553 423
24 540 418
25 492 394
26 466 410
27 395 412
28 342 354
29 341 333
30 347 311
31 365 303
32 419 290
33 527 317
34 443 241
35 377 257
36 345 261
37 316 251
38 297 352
39 308 376
40 273 407
41 231 409
42 150.343 385.734
43 108 254
44 65 89
