Duration[s]: 3601.77 Porcentaje: 0.901557 TerminoTodo: 0
Convexos: 5 VerticesConvexos: 51
0 1 2 3 38 39 40 41 42
12 13 14 15 16 17 18 19 20 21 22
9 10 11 12 22 23 24 25 26 27 28 29
6 7 8 9 29 30 31 32 33
3 4 5 6 33 34 35 36 37 38
0 74.2277 42.1287
1 105 37
2 112 42
3 136 71
4 192 49
5 202 50
6 231 73
7 269 52
8 279 49
9 324 74
10 338 64
11 359 67
12 407 78
13 434 67
14 442 67
15 525 80
16 568 104
17 591 128
18 590 140
19 581 159
20 545 174
21 533 177
22 444 172
23 453 236
24 398 258
25 361 258
26 332 247
27 316 232
28 297 203
29 293 157
30 236 191
31 216 198
32 213 193
33 199 159
34 161 186
35 156 184
36 123 160
37 112 139
38 109 127
39 75 162
40 62 163
41 59 155
42 49 107
