Duration[s]: 3604.52 Porcentaje: 0.802442 TerminoTodo: 0
Convexos: 12 VerticesConvexos: 89
0 1 61 62 63 64 65 66
18 19 20 21 22 23 24 25 26
17 18 26 27 28 29 30
12 13 14 15 16 17 30 31
10 11 12 31 32
6 7 8 9 10 32 33 34
40 41 42 43 44 45 46
46 47 48 49 50 51 52 53
39 40 46 53
36 37 38 39 53 54 55 56 57 58 59 60
34 35 36 60 61
1 2 3 4 5 6 34 61
0 23 337
1 61 269
2 28 170
3 20 131
4 15 88
5 52 60
6 92 63
7 133 40
8 149 34
9 184 23
10 243 40
11 301 18
12 361 73
13 410 38
14 431 32
15 524.389 22.6611
16 593.112 49.3089
17 580 130
18 631 202
19 640 216.625
20 640 243.381
21 555 296
22 448 319
23 428 317
24 285 259
25 320 240
26 372 224
27 302 205
28 258 178
29 256 165
30 307 158
31 315 140
32 264 82
33 238 130
34 160 172
35 241 228
36 301 282
37 319 279
38 334 285
39 370 346
40 499 364
41 540 333
42 568 329
43 612 342
44 588 374
45 560 388
46 510 409
47 605 422
48 617 428
49 622 453
50 555 473
51 470 450
52 430 435
53 385 402
54 387 462
55 339 471
56 318 473
57 289 457
58 258 439
59 236 417
60 233 369
61 191 369
62 211 429
63 211 458
64 144.458 468.864
65 68 432
66 15.1627 381.411
