Duration[s]: 3601.14 Porcentaje: 0.60081 TerminoTodo: 0
Convexos: 9 VerticesConvexos: 78
0 1 35 36 53 54 55 56 57 58 59 60 61
8 9 10 11 12 13 14 15 16 17 18 19 20
24 25 26 27 28 29 30 31
21 22 23 24 31 32 33 34
7 8 20 21 34
1 2 3 4 5 6 7 34 35
36 37 38 39 40 41 42 43
44 45 46 47 48 49 50 51 52
36 43 44 52 53
0 0 323
1 16 266
2 0 152
3 9 37
4 30 15
5 72 0
6 104 16
7 144 53
8 191 41
9 205 19
10 247 12
11 291 10
12 450 8
13 574 19
14 595 34
15 598 60
16 589 74
17 524 84
18 359 83
19 310 75
20 219 55
21 180 160
22 254 96
23 317 111
24 390 146
25 447 118
26 485 106
27 562 103
28 606 116
29 598 133
30 561 158
31 364 184
32 344 198
33 280 203
34 155 189
35 152 222
36 222 273
37 281 221
38 444 197
39 486 191
40 553 185
41 605 183
42 550 211
43 369 260
44 436 265
45 598 255
46 632 289
47 612 395
48 560 415
49 507 431
50 392 443
51 404 358
52 412 326
53 316 386
54 334 414
55 336 433
56 300 455
57 284 459
58 283.132 459.109
59 196 468
60 42.6402 454.797
61 10 391
