Duration[s]: 3600.23 Porcentaje: 0.705847 TerminoTodo: 0
Convexos: 5 VerticesConvexos: 54
0 1 2 3 39 40 41 42 43 44 45
17 18 19 20 21 22 23 24 25 26 27
16 17 27 28
12 13 14 15 16 28 29 30 31 32 33 34 35 36 37 38
3 4 5 6 7 8 9 10 11 12 38 39
0 66 333.06
1 119 120
2 145 47
3 227 118
4 506 50
5 527 48
6 584 66.3871
7 584 129
8 583 160
9 579 182
10 565 197
11 530 209
12 420 223
13 474 348
14 475 368
15 461 396
16 453 408
17 511 359
18 458 297
19 450 268
20 458 260
21 489 253
22 516 250
23 542 251
24 553 255
25 565 265
26 615 350
27 579.869 410.224
28 409.364 447
29 368 447
30 332 435
31 313 421
32 303 410
33 289 392
34 282 359
35 281 325
36 285 315
37 292 300
38 361 219
39 232 153
40 211 403
41 209 412
42 201 418
43 194 422
44 139.287 431.948
45 66 404.947
