Duration[s]: 3600.45 Porcentaje: 0.700545 TerminoTodo: 0
Convexos: 4 VerticesConvexos: 36
0 1 2 3 4 5 6 26 27 28 29
9 10 11 12 13 14 15 16 17
8 9 17 18 19 20 21 22 23 24 25
6 7 8 25 26
0 36 272
1 54 247
2 82 231
3 119 222
4 162 233
5 207 263
6 225 286
7 323 330
8 337 358
9 338 264
10 260 261
11 132 164
12 97 137
13 98 101
14 234.504 38.9525
15 406 32
16 434 53
17 426 133
18 497 86
19 536.311 98.2848
20 616 350
21 605 373
22 524.839 443
23 410 443
24 385 438
25 344 427
26 226 347
27 143 378
28 77.1393 383.376
29 36 331.267
