Duration[s]: 3600.06 Porcentaje: 0.706077 TerminoTodo: 0
Convexos: 5 VerticesConvexos: 40
0 1 2 3 4 5 30 31
9 10 11 12 13 14 15 16 17
18 19 20 21 22 23 24 25
8 9 17 18 25 26 27 28
5 6 7 8 28 29 30
0 23 284
1 147.08 148.64
2 227 122
3 226 136
4 211 314
5 206 349
6 245 342
7 319 330
8 386 322
9 289 266
10 247 237
11 268 116
12 286.281 51
13 435.222 51
14 494 97
15 497 165
16 457 211
17 418 243
18 535 236
19 525 197
20 525 131
21 582.238 101.745
22 636 157
23 639 191
24 616 220
25 585 242
26 619 317
27 620 373
28 620 405.03
29 424.529 455
30 99.5263 455
31 15 309
