Duration[s]: 3600.02 Porcentaje: 0.80195 TerminoTodo: 0
Convexos: 7 VerticesConvexos: 44
0 1 2 28 29 30 31
15 16 17 18 19 20
14 15 20 21 22
13 14 22 23 24 25
4 5 6 7 8 9 10 11 12 13 25
3 4 25 26
2 3 26 27 28
0 62.5677 90.9251
1 94 74
2 126 83
3 205 15
4 418.769 32.049
5 506.381 74.103
6 588 249.66
7 588 368.875
8 554 388
9 404 390
10 390 390
11 367 378
12 305 326
13 290 276
14 233 282
15 248 367
16 331 397
17 337 414
18 264 432
19 196 425
20 145 384
21 146 322
22 207 284
23 194 224
24 206 183
25 322 215
26 227 66
27 170 174
28 160 169
29 105 276
30 42 282
31 21 252
