Duration[s]: 3600.56 Porcentaje: 0.710032 TerminoTodo: 0
Convexos: 7 VerticesConvexos: 63
0 1 46 47 48 49 50
4 5 6 7 8 9 10 11 12 13 14 15 16 17
22 23 24 25 26 27 28 29
32 33 34 35 36 37 38 39 40 41 42 43 44
21 22 29 30 31 32 44
4 17 18 19 20 21 44 45
1 2 3 4 45 46
0 78 61
1 208 46
2 233 42
3 336.693 45.5756
4 593.646 153.076
5 620 339.75
6 620 430.075
7 483 443
8 466 444
9 446 440
10 427 436
11 418 433
12 406 428
13 392 420
14 373 400
15 372 386
16 377 359
17 436 287
18 348 320
19 305 328
20 286 329
21 221 328
22 170 402
23 264 371
24 368 439
25 381 451
26 383 466
27 358.3 479
28 121.158 479
29 102 427
30 102 405
31 140 321
32 192 253
33 168 257
34 129 261
35 82 228
36 180 132
37 199 116
38 224 112
39 249 115
40 291 136
41 296 149
42 296 170
43 280 202
44 252 235
45 358 140
46 209 58
47 180 90
48 118 132
49 47 159
50 38 140
