Duration[s]: 3605.2 Porcentaje: 0.903227 TerminoTodo: 0
Convexos: 12 VerticesConvexos: 87
0 1 2 60 61 62 63 64
3 4 5 6 7 8 9 10 11 12 13 14
15 16 17 18 19 20 21
14 15 21 22 23
33 34 35 36 37 38
26 27 28 29 30 31 32 33 38 39
24 25 26 39 40
45 46 47 48 49
42 43 44 45 49 50 51
52 53 54 55 56 57 58
51 52 58 59
2 3 14 23 24 40 41 42 51 59 60
0 48 126.844
1 85 128
2 147 152
3 149 138
4 110 99
5 108 85
6 130.5 40
7 201 40
8 226 44
9 250 54
10 273 70
11 283 90
12 286 107
13 278 123
14 250 128
15 343 112
16 357 69
17 430.5 56.75
18 473 108
19 473 128
20 443 151
21 384 156
22 382 181
23 339 187
24 345 204
25 367 197
26 445 184
27 465 158
28 500 139
29 537.727 132.712
30 560 231.083
31 560 261
32 548 293
33 518 336
34 538 355
35 499 395
36 436 391
37 404 359
38 436 330
39 386 288
40 357 243
41 361 272
42 326 295
43 387 319
44 390 346
45 345 367
46 341 394
47 280 394
48 267 378
49 284 333
50 247 296
51 257 278
52 214 342
53 227 410
54 154 398
55 100 359
56 93 324
57 132 282
58 184 294
59 187 258
60 168 220
61 138 236
62 122 238
63 81 217
64 48 192.25
