Duration[s]: 3602.11 Porcentaje: 0.900946 TerminoTodo: 0
Convexos: 9 VerticesConvexos: 81
0 1 2 3 41 42 43 44 45 46 63 64
12 13 14 15 16 17 18 19 20
11 12 20 21 22 23 24
7 8 9 10 11 24 25
26 27 28 29 30 31 32 33 34 35 36 37 38 39 40
5 6 7 25 26 40 41
3 4 5 41
47 48 49 50 51 52 53 54 55 56 57
46 47 57 58 59 60 61 62 63
0 60 179
1 71 155
2 78 141
3 95 127
4 100.49 74.3003
5 179.11 28.0527
6 372 15
7 446.559 24.4678
8 561 92.6923
9 561 142
10 545 183
11 485 207
12 472 277
13 562 337
14 567 368
15 554.412 479
16 450 479
17 429 463
18 409 439
19 400 426
20 413 363
21 385 352
22 368 327
23 344 267
24 414 213
25 428 106
26 398 109
27 400 124
28 401 139
29 400 151
30 397 160
31 393 167
32 369 183
33 360 187
34 321 191
35 303 190
36 259 173
37 247 162
38 243 148
39 241 128
40 249 89
41 198 78
42 211 110
43 217 131
44 223 197
45 218 229
46 171 305
47 197 335
48 273 368
49 307 384
50 326 414
51 317 427
52 290 445
53 263 460
54 239 453
55 220 444
56 195 426
57 172 380
58 153 412
59 129 432
60 89.1503 410.415
61 82 355
62 92 333
63 120 300
64 61 257
