Duration[s]: 3605.76 Porcentaje: 0.706605 TerminoTodo: 0
Convexos: 6 VerticesConvexos: 56
0 1 2 31 32 33 43 44 45
14 15 16 17 18 19 20 21 22 23 24
24 25 26 27 28 29 30
13 14 24 30 31
2 3 4 5 6 7 8 9 10 11 12 13 31
33 34 35 36 37 38 39 40 41 42 43
0 25.0146 16.6337
1 67 9
2 228 46
3 325 20
4 362 14
5 420 12
6 513.637 20.9178
7 544 43
8 567 117
9 558 144
10 527 173
11 493 201
12 455 212
13 349 236
14 410 289
15 474 226
16 630 187
17 639 191
18 640 382
19 640 412.413
20 576 450
21 533 446
22 506 438
23 481 427
24 345 361
25 408 431
26 393 451
27 322 442
28 270 409
29 250 386
30 282 347
31 236 233
32 214 262
33 160 288
34 201 354
35 227 408
36 230 426
37 230 430
38 214 448
39 172 464
40 85.8447 464
41 41 315
42 40 295
43 90 262
44 38 210
45 17 108
