Duration[s]: 3600.35 Porcentaje: 0.801215 TerminoTodo: 0
Convexos: 5 VerticesConvexos: 51
0 1 2 3 36 37 38 39 40
13 14 15 16 17 18
12 13 18 19 20 25 26 27 28 29 30 31 32 33 34
3 4 5 6 7 8 9 10 35 36
10 11 12 20 21 22 23 24 25 34 35
0 68 53
1 83 38
2 231 42
3 302 50
4 338 41
5 399 31
6 422 31
7 465 46
8 479 61
9 463 87
10 371 206
11 375 208
12 385 215
13 417 215
14 471 182
15 514 161
16 548 154
17 555 164
18 461 223
19 506 291
20 496 301
21 524 387
22 506.842 412.737
23 402 462
24 386 455
25 335 413
26 264 457
27 239 464
28 227 465
29 178 458
30 111.779 419.661
31 91 382
32 81 301
33 84 286
34 110 218
35 218 211
36 238 151
37 120 139
38 105 131
39 86 116
40 68 94
