Duration[s]: 3603.57 Porcentaje: 0.512181 TerminoTodo: 0
Convexos: 4 VerticesConvexos: 39
0 1 2 12 13 26 27 28 29 30 31 32
2 3 4 5 6 7 8 9 10 11 12
13 14 15 16 17 18 19 20 21
13 21 22 23 24 25 26
0 59 329
1 85 248
2 90 233
3 52 177
4 31 105
5 29 94
6 65.0981 44.3651
7 127 36
8 179 55
9 200 68
10 227 90
11 245 116
12 247 218
13 309 234
14 275 143
15 269 92
16 272 52
17 418 44
18 460.102 42.0622
19 544 93
20 570 198
21 529 236
22 578 292
23 580 346
24 566 421
25 475 443
26 350 406
27 314 423
28 291 430
29 257 433
30 125 429
31 115.222 424.111
32 67.5008 382.839
