Duration[s]: 3604.53 Porcentaje: 0.911369 TerminoTodo: 0
Convexos: 17 VerticesConvexos: 104
0 69 70 71
10 11 12 13 14
9 10 14 15 16 17 18 19
5 6 7 8 9 19 20
32 33 34 35 36 37 38
24 25 26 27 28 29 30 31 32 38
38 39 40 41 42 43 44 45 46
23 24 38 46
22 23 46 47
50 51 52 53 54 55 56
21 22 47 48 49 50 56 57
4 5 20 21 57 58 59
1 2 3 4 59 60
62 63 64 65 66 67
62 67 68
60 61 62 68
0 1 60 68 69
0 23.4642 66.3403
1 167 85
2 204 45
3 216 38
4 281 47
5 324 94
6 343 72
7 438 16
8 476 5
9 470 49
10 543 123
11 580 62
12 601 145
13 596 175
14 540 203
15 536 266
16 509 274
17 488 256
18 463 227
19 448 191
20 390 167
21 349 209
22 400 216
23 511 292
24 536 276
25 557 239
26 577 232
27 582 244
28 603 343
29 600 366
30 583 381
31 568 382
32 534 384
33 585 446
34 585 468
35 516 468
36 494 442
37 494 418
38 500 357
39 461 416
40 424 433
41 396 439
42 385 425
43 382 401
44 386 378
45 401 359
46 459 346
47 389 285
48 368 323
49 304 356
50 286 363
51 347 425
52 345 441
53 279 424
54 243 393
55 206 335
56 208 295
57 239 239
58 228 161
59 228 87
60 172 126
61 186 193
62 134 315
63 212 454
64 159 453
65 49 382
66 49 348
67 62 236
68 144 216
69 82 145
70 66 219
71 17 173
