Duration[s]: 3602.37 Porcentaje: 0.705383 TerminoTodo: 0
Convexos: 7 VerticesConvexos: 52
0 1 12 13 33 34 35 36 37 38 39
5 6 7 8 9 10
1 2 3 4 5 10 11 12
18 19 20 21 22 23
17 18 23 24
24 25 26 27 28 29 30 31 32
13 14 15 16 17 24 32 33
0 62 340
1 81 309
2 51 277
3 22 235
4 4 181
5 21 151
6 16.4253 40.0624
7 95 12
8 272.6 12
9 263 44
10 195 81
11 206 142
12 189 227
13 270 210
14 299 126
15 342 94
16 436.885 94
17 480 262
18 570 330
19 608 374
20 600 400
21 516 425
22 500 364
23 526 332
24 488 302
25 472 389
26 447 455
27 311 471
28 295 471
29 275 441
30 307 375
31 359 350
32 380 341
33 275 357
34 272 391
35 249 451
36 214 472
37 201.4 479
38 77.8235 479
39 35 395
