Duration[s]: 3602.43 Porcentaje: 0.809569 TerminoTodo: 0
Convexos: 5 VerticesConvexos: 53
0 1 2 3 4 5 6 7 19 20 44
7 8 9 10 11 12 13 14 15 16 17 18 19
26 27 28 29 30 31 32 33 34 35 36 37 38 39
21 22 23 24 25 26 39 40
20 21 40 41 42 43 44
0 69.0837 127.582
1 157.103 9
2 182 9
3 204 11
4 223 21
5 228 27
6 236 37
7 241 96
8 267 90
9 295 90
10 311 95
11 326 107
12 329 128
13 329 141
14 328 152
15 325 162
16 314 172
17 309 175
18 287 182
19 141 203
20 121 221
21 157 282
22 179 225
23 201 214
24 233 204
25 260 206
26 312 226
27 418 81
28 450 72
29 464 75
30 474 78
31 519 103
32 528 239.286
33 528 292.639
34 478.821 351.381
35 434 393
36 320 432
37 270 443
38 222 433
39 233 373
40 179 361
41 167 433
42 145.611 440.549
43 52.3967 399.535
44 49 228
