Duration[s]: 3600.72 Porcentaje: 0.801041 TerminoTodo: 0
Convexos: 12 VerticesConvexos: 85
0 60 61 62
3 4 5 6 7 8 9 10
2 3 10 11
26 27 28 29 30 31
33 34 35 36 37 38
25 26 31 32 33 38 39 40 41 42
24 25 42 43 44 45 46
23 24 46 47 48
22 23 48 49 50 51
21 22 51 52 53 54 55 56
2 11 12 13 14 15 16 17 18 19 20 21 56 57 58
0 1 2 58 59 60
0 62 175.143
1 87 93
2 159.032 16
3 332 16
4 515.429 46.5714
5 574 70
6 528 76
7 468 82
8 378 71
9 365 63
10 339 46
11 205 53
12 258 130
13 264 140
14 268 159
15 269 174
16 271 215
17 268 231
18 261 242
19 254 250
20 245 257
21 209 283
22 225 357
23 369 374
24 468 332
25 465 229
26 380 246
27 404 260
28 415 283
29 353 296
30 312 265
31 329 235
32 301 189
33 300 143
34 264 110
35 219 68
36 264 50
37 319 53
38 331 80
39 465 105
40 498 117
41 530 181
42 497 220
43 516 237
44 553 298
45 552 320
46 470 374
47 430.425 432.57
48 296 443
49 240 425
50 162 395
51 134 367
52 120 344
53 124 327
54 139 301
55 163 286
56 197 268
57 189 241
58 173 128
59 164 166
60 85 282
61 101 401
62 62 416.955
