Duration[s]: 3600.14 Porcentaje: 0.801707 TerminoTodo: 0
Convexos: 11 VerticesConvexos: 63
0 7 8 42
0 1 2 3 4 5 6 7
14 15 16 17 18 19 20 21
29 30 31 32 33 34
28 29 34 35 36
24 25 26 27 28 36 37
23 24 37 38
22 23 38 39
21 22 39 40
13 14 21 40 41 42
8 9 10 11 12 13 42
0 55 39
1 205 47
2 452 80
3 534 95
4 527 103
5 456 105
6 332 96
7 143 81
8 150 123
9 427 155
10 535 170
11 573 185
12 503 202
13 221 199
14 219 233
15 310 246
16 377 258
17 408 403
18 375 419
19 333 421
20 263 418
21 199 405
22 347 473
23 407 475
24 452 259
25 458 235
26 466 231
27 506 218
28 607 239
29 609 203
30 571 134
31 568 103
32 571 69
33 611 88
34 635 206
35 635 268.188
36 618 350
37 479 425
38 464.741 480
39 244.216 480
40 161.417 411.892
41 149 311
42 155 195
