Duration[s]: 3605.22 Porcentaje: 0.900112 TerminoTodo: 0
Convexos: 8 VerticesConvexos: 70
0 46 47 48 49 50 51 52 53 54 55
3 4 5 6 7 8 9 10 11
15 16 17 18 19 20
14 15 20 21 22
28 29 30 31 32 33 34 35 36 37 38 39
12 13 14 22 23 24 25 26 27 28 39 40 41 42
3 11 12 42 43 44 45
0 1 2 3 45 46
0 68 53
1 83 38
2 231 42
3 302 50
4 338 41
5 399 31
6 422 31
7 465 46
8 479 61
9 463 87
10 435 109
11 375 154
12 371 206
13 375 208
14 385 215
15 417 215
16 471 182
17 514 161
18 548 154
19 555 164
20 461 223
21 506 291
22 496 301
23 524 387
24 512 405
25 485 423
26 402 462
27 386 455
28 335 413
29 264 457
30 239 464
31 227 465
32 178 458
33 111.779 419.661
34 91 382
35 81 301
36 84 286
37 110 218
38 173 219
39 221 240
40 218 220
41 218 211
42 238 151
43 224 144
44 222 126
45 238 63
46 126 75
47 178 107
48 190 119
49 184 133
50 181 139
51 142 141
52 120 139
53 105 131
54 86 116
55 68 94
