Duration[s]: 3600.64 Porcentaje: 0.80091 TerminoTodo: 0
Convexos: 7 VerticesConvexos: 72
0 1 55 56 57 58 59
12 13 14 15 16 17 18 19 20 21 22
24 25 26 27 28 29 30 31
38 39 40 41 42 43 44 45 46 47 48 49 50 51 52 53
23 24 31 32 33 34 35 36 37 38 53
5 6 7 8 9 10 11 12 22 23 53 54
1 2 3 4 5 54 55
0 29 132
1 52 89
2 56 45
3 63 34
4 191 44
5 213 67
6 298 43
7 315 39
8 333 36
9 362 36
10 395 51
11 406 75
12 420 121
13 444 62
14 457 58
15 520.838 58
16 569 124
17 571 150
18 567 170
19 541 188
20 501 193
21 439 187
22 428 168
23 405 213
24 443 230
25 476 194
26 503 199
27 570 216
28 589 229
29 593 242
30 559 259
31 503 262
32 586 315
33 606 362.368
34 606 393.833
35 521 408
36 450 404
37 363 381
38 307 345
39 318 368
40 327 399
41 327 414
42 305 419
43 275 425
44 210 435
45 180.808 435
46 121.182 390.707
47 70 315
48 69 300
49 70 224
50 78 182
51 93 149
52 139 147
53 205 166
54 106 115
55 69 123
56 69 148
57 62 179
58 50 181
59 28 156
