Duration[s]: 3603.13 Porcentaje: 0.801023 TerminoTodo: 0
Convexos: 6 VerticesConvexos: 52
0 1 2 30 31 40 41
3 4 5 6 7 8 9
12 13 14 15 16 17 18
10 11 12 18 19 20 21 22 23 24 25 26 27 28 29
2 3 9 10 29 30
31 32 33 34 35 36 37 38 39 40
0 138 58
1 165 58
2 205 105
3 247 104
4 226 75
5 239 65
6 277 56
7 348 51
8 382 80
9 337 118
10 379 147
11 390 83
12 438 16
13 555.117 66.1929
14 595 208
15 592 246
16 580 260
17 554 254
18 519 213
19 530 250
20 544 324
21 546 336
22 546 357
23 523.727 392
24 444 392
25 422 387
26 400 374
27 388 358
28 381 344
29 370 264
30 333 256
31 303 290
32 311 359
33 284 380
34 266 384
35 239 384
36 212 376
37 152 324
38 146 280
39 147 238
40 202 220
41 93 85
