Duration[s]: 3604.42 Porcentaje: 0.900837 TerminoTodo: 0
Convexos: 17 VerticesConvexos: 124
0 1 2 3 4 5 90 91
15 16 17 18
18 19 20 21 22 23 24 25 26 27
14 15 18 27 28 29 30 31 32 33
37 38 39 40 41 42 43 44 45 46 47
34 35 36 37 47 48
11 12 13 14 33 34 48 49
54 55 56 57 58 59 60
49 50 51 52 53 54 60 61
10 11 49 61 62
9 10 62 63
6 7 8 9 63 64 65
72 73 74 75 76 77 78
67 68 69 70 71 72 78 79
66 67 79 80 81 82 83
86 87 88 89 90
5 6 65 66 83 84 85 86 90
0 52 135
1 71 125
2 114 135
3 118 155
4 102 199
5 90 218
6 127 243
7 129 176
8 188 180
9 197 199
10 256 203
11 313 203
12 274 165
13 247 136
14 280 89
15 212 107
16 202 142
17 126 97
18 185 82
19 90 88
20 72 89
21 66 85
22 66 67
23 69 51
24 86.875 29
25 144 29
26 176 35
27 207 55
28 261 37
29 271 34
30 282 37
31 289 39
32 300 43
33 340 66
34 395 108
35 384 78
36 382 54
37 449 49
38 525.493 66.7891
39 545 98
40 549 125
41 549 167
42 543 176
43 529 189
44 517 193
45 509 193
46 469 182
47 464 171
48 444 171
49 453 214
50 513 206
51 536 217
52 553 233
53 530 277
54 514 290
55 563 317
56 598 359
57 479 378
58 416 356
59 385 333
60 354 253
61 335 240
62 289 234
63 182 272
64 169 289
65 156 302
66 182 355
67 239 374
68 248 322
69 268 293
70 328 278
71 341 324
72 314 358
73 442 372
74 465 406
75 383 448
76 344 456
77 280 437
78 280 392
79 244 415
80 228 442
81 161 454
82 100 433
83 126 391
84 89 360
85 77 341
86 46 280
87 29 322
88 21 297
89 32 239
90 47 208
91 14 163
