Duration[s]: 3600.66 Porcentaje: 0.602511 TerminoTodo: 0
Convexos: 5 VerticesConvexos: 39
0 1 28 29 30
12 13 14 15 16 17 18 19 20 21 22
8 9 10 11 12 22 23 24 25
3 4 5 6 7 8 25 26
1 2 3 26 27 28
0 66.9944 92.6251
1 146 68
2 151.469 21.514
3 323 17
4 418 41
5 499 70
6 554.157 117.587
7 576 324
8 576 439.873
9 491 479
10 363.571 479
11 315 459
12 272 426
13 206 438
14 170 441
15 61.5984 408.008
16 80 316
17 86 302
18 99 281
19 127 270
20 169 270
21 215 284
22 241 322
23 298 277
24 353 291
25 424 329
26 369 218
27 307 251
28 228 238
29 76 261
30 37 227
