Duration[s]: 3601.99 Porcentaje: 0.800551 TerminoTodo: 0
Convexos: 4 VerticesConvexos: 49
0 1 2 3 22 23 24 25 26 27 28 29 30 39 40 41 42
6 7 8 9 10 11 12 13
3 4 5 6 13 14 15 16 17 18 19 20 21 22
30 31 32 33 34 35 36 37 38 39
0 7 76.4918
1 85 10
2 102 10
3 224 44
4 319 40
5 342 43
6 413 74
7 431 64
8 473 50
9 502 42
10 599.507 82.4551
11 622 166
12 583 190
13 551 199
14 576 254
15 610 383
16 611 395
17 608.275 449.503
18 538 470
19 496 465
20 477 454
21 458 442
22 407 382
23 411 417
24 411 442
25 398 479
26 315 479
27 305 478
28 270 469
29 254 462
30 169 385
31 176 420
32 155 435
33 127 435
34 109 427
35 106 412
36 104 386
37 103 372
38 103 363
39 119 335
40 82 271
41 15 154
42 7 111
