Duration[s]: 3601.29 Porcentaje: 0.900634 TerminoTodo: 0
Convexos: 9 VerticesConvexos: 68
0 1 2 3 4 5 49 50 51
12 13 14 15 16 17 18 19 20
9 10 11 12 20 21
31 32 33 34 35 36 37
26 27 28 29 30 31 37 38
8 9 21 22 23 24 25 26 38 39 40
8 40 41 42 43 44 45 46 47
7 8 47 48
5 6 7 48 49
0 24 137
1 89.28 35
2 114 35
3 164 52
4 172 65
5 160 112
6 191 202
7 194 284
8 279 281
9 246 235
10 213 205
11 217 174
12 223 142
13 198 128
14 203 77
15 230 53
16 254 48
17 281 63
18 286 89
19 280 103
20 255 148
21 256 177
22 317 93
23 326 83
24 345 77
25 360 87
26 370 117
27 402 85
28 429 78
29 468 93
30 495 158
31 477 181
32 519 195
33 536 310
34 498 380
35 428 392
36 408 257
37 411 185
38 379 174
39 352 237
40 317 276
41 327 315
42 330 358
43 298 407
44 250 417
45 120.228 413.145
46 84 362
47 129 332
48 118 306
49 104 272
50 47 194
51 33 173
