Duration[s]: 3600.01 Porcentaje: 0.802028 TerminoTodo: 0
Convexos: 12 VerticesConvexos: 79
0 50 51 56
11 12 13 14 15 16
17 18 19 20 21 22 23 24
9 10 11 16 17 24 25
6 7 8 9 25 26 27
5 6 27 28 29
2 3 4 5 29
32 33 34 35 36 37 38 39 40 41 42
42 43 44 45 46
30 31 32 42 46 47 48 49
0 1 2 29 30 49 50
51 52 53 54 55 56
0 32 128
1 94 104
2 159 117
3 112 60
4 150 56
5 207 90
6 238 53
7 253 39
8 397 23
9 530.244 67.8417
10 557 215
11 522 259
12 559 275
13 574 306
14 553 339
15 489 340
16 477 302
17 442 261
18 342 218
19 325 186
20 319 160
21 318 131
22 378 129
23 420 130
24 451 141
25 459 84
26 336 99
27 276 92
28 261 162
29 256 172
30 231 219
31 285 229
32 329 256
33 402 269
34 418 278
35 523 380
36 523 393
37 521.568 430.238
38 425.667 460
39 375 460
40 359 437
41 328 391
42 310 359
43 293 414
44 245 435
45 182 400
46 234 366
47 184 341
48 160 314
49 152 290
50 89 286
51 135 423
52 192 440
53 266 469
54 226 479
55 84 468
56 26 427
