Duration[s]: 3600.48 Porcentaje: 0.700245 TerminoTodo: 0
Convexos: 4 VerticesConvexos: 41
0 1 2 3 30 31 32 33 34
12 13 14 15 16 17 18 19 20
20 21 22 23 24 25 26 27 28 29 30
3 4 5 6 7 8 9 10 11 12 20 30
0 33 259
1 57 247
2 63 247
3 217 292
4 148 245
5 142 240
6 130 226
7 117 181
8 116 161
9 115 60
10 140 64
11 179 73
12 214 83
13 461 44
14 494 40
15 611.783 40
16 599 82
17 587 110
18 574 125
19 550 145
20 362 247
21 494 203
22 512 202
23 531 207
24 564 222
25 605 268
26 631 372
27 619.923 408
28 395.684 408
29 363 385
30 313 333
31 240 368
32 191 376
33 116 382
34 33 385.952
