Duration[s]: 3600.22 Porcentaje: 0.802666 TerminoTodo: 0
Convexos: 7 VerticesConvexos: 62
0 1 2 3 4 5 6 44 45 46 47 48 49
7 8 9 10 11 12 13 14
15 16 17 18 19 20 21 22 23 24 25 26
28 29 30 31 32 33 34
36 37 38 39 40 41 42
35 36 42 43
6 7 14 15 26 27 28 34 35 43 44
0 48 132.072
1 138.757 40
2 201 40
3 226 44
4 250 54
5 273 70
6 315 124
7 343 112
8 357 69
9 399 62
10 439 67
11 473 108
12 473 128
13 443 151
14 384 156
15 391 203
16 465 158
17 500 139
18 524 135
19 541.396 148.917
20 560 231.083
21 560 261
22 538 355
23 499 395
24 436 391
25 404 359
26 378 259
27 361 272
28 326 295
29 387 319
30 390 346
31 341 394
32 280 394
33 267 378
34 247 296
35 227 291
36 214 368
37 227 410
38 154 398
39 100 359
40 93 324
41 132 282
42 184 294
43 187 258
44 168 220
45 138 236
46 122 238
47 81 217
48 49 193
49 48 174
