Duration[s]: 3602.3 Porcentaje: 0.9017 TerminoTodo: 0
Convexos: 15 VerticesConvexos: 119
0 89 90
2 3 4 5 6
7 8 9 10 11 12
1 2 6 7 12 13 14 15 16 17
26 27 28 29 30 31 32 33 34
36 37 38 39 40 41 42 43 44 45 46 47 48 49 50 51 52
23 24 25 26 34 35 36 52 53
63 64 65 66 67 68 69 70
59 60 61 62 63 70 71 72 73 74 75 76
56 57 58 59 76 77
22 23 53 54 55 56 77
78 79 80 81 82 83
78 83 84 85
18 19 20 21 22 77 78 85 86 87
0 1 17 18 87 88 89
0 59 241
1 91 190
2 53 173
3 50 196
4 49 196
5 25 146
6 58 120
7 63 112
8 35 79
9 41 65
10 86 19
11 93 17
12 124 50
13 134 45
14 145 57
15 147 70
16 149 88
17 148 117
18 175 125
19 186 115
20 208 130
21 209 137
22 207 159
23 223 118
24 202 93
25 213 69
26 232 47
27 216 55
28 198 60
29 178 53
30 173 39
31 179 29
32 212 20
33 274 15
34 284 15
35 295 20
36 306 40
37 346 26
38 420 15
39 452 16
40 519.045 31.4719
41 608.535 112.188
42 610 162
43 608 188
44 560 259
45 530 285
46 511 292
47 489 296
48 443 285
49 392 267
50 361 246
51 327 186
52 309 80
53 274 108
54 277 151
55 276 182
56 250 261
57 297 232
58 333 274
59 328 329
60 385 301
61 398 300
62 431 303
63 487 313
64 520 300
65 592 298
66 631 318
67 639 367
68 639 384
69 629 397
70 606 419
71 605 447
72 600 461
73 559.091 479
74 171.684 479
75 154 458
76 153 434
77 153 413
78 130 394
79 127 400
80 112 428
81 51.5544 436.846
82 57 412
83 97 387
84 73 339
85 104 333
86 104 317
87 120 234
88 101 253
89 42 300
90 8 235
