Duration[s]: 3601.74 Porcentaje: 0.800055 TerminoTodo: 0
Convexos: 10 VerticesConvexos: 78
0 1 54 58 59
15 16 17 18 19 20
10 11 12 13 14 15 20 21 22 23 24
7 8 9 10 24 25
31 32 33 34 35 36 37 38 39 40 41 42 43 44
45 46 47 48 49
29 30 31 44 45 49 50 51 52
4 5 6 7 25 26 27 28 29 52 53
1 2 3 4 53 54
54 55 56 57 58
0 26 427
1 54 383
2 28 347
3 32 128
4 94 104
5 112 60
6 150 56
7 207 90
8 238 53
9 253 39
10 342 37
11 397 23
12 526.987 66.7455
13 539 116
14 557 215
15 522 259
16 559 275
17 574 306
18 553 339
19 489 340
20 442 261
21 342 218
22 325 186
23 319 160
24 306 90
25 249 117
26 260 137
27 261 162
28 256 172
29 231 219
30 285 229
31 325 268
32 329 256
33 402 269
34 418 278
35 523 380
36 523 393
37 522 419
38 503 436
39 445 454
40 399 460
41 375 460
42 359 437
43 328 391
44 310 359
45 297 374
46 293 414
47 245 435
48 182 400
49 234 366
50 184 341
51 160 314
52 152 290
53 89 286
54 86 394
55 266 469
56 226 479
57 172 473
58 102 417
59 84 468
