Duration[s]: 3601.95 Porcentaje: 0.900453 TerminoTodo: 0
Convexos: 8 VerticesConvexos: 66
0 1 2 3 47 48 49
27 28 29 30 31 32 33 34
16 17 18 19 20 21
12 13 14 15 16 21 26 27 34
9 10 35 36 37 38 39 40
8 9 40 41 42 43 44 45
3 4 5 6 7 8 45 46 47
10 11 12 21 22 23 24 25 26 34 35
0 61 53.3425
1 86 53
2 114 60
3 199 89
4 226 54
5 232 51
6 263 80
7 268 108
8 240 177
9 274 204
10 337 236
11 361 201
12 406 184
13 409 124
14 420 105
15 453 95
16 503 132
17 528 93
18 541 90
19 566 124
20 560 148
21 517 162
22 549 218
23 558 235
24 570 272
25 569 287
26 537 304
27 539 354
28 576 381
29 591 393
30 587 405
31 580 409
32 527 404
33 447 372
34 425 339
35 383 339
36 407 405
37 361 424
38 336 414
39 325 400
40 302 348
41 258 384
42 241 389
43 217 388
44 205 374
45 182 287
46 162 270
47 145 205
48 85 144
49 61 59
