Duration[s]: 3603.04 Porcentaje: 0.704898 TerminoTodo: 0
Convexos: 10 VerticesConvexos: 77
0 28 29 58
11 12 13 14 15 16 17 18 19
21 22 23 24 25
21 25 26 27
9 10 11 19 20 21 27
5 6 7 8 9 27 28
0 1 2 3 4 5 28
37 38 39 40 41 42 43 44 45 46 47 48 49 50 51 52
32 33 34 35 36 37 52 53 54 55
29 30 31 32 55 56 57 58
0 25 223
1 33.9251 66.8116
2 85.2936 24.616
3 121 59
4 132 71
5 130 90
6 189 57
7 209 47
8 244 32
9 288 23
10 342 13
11 598.564 13
12 639 96
13 639 240
14 638 255
15 600 278
16 552 290
17 511 287
18 448 260
19 524 107
20 381 186
21 246 213
22 351 255
23 335 310
24 253 318
25 126 264
26 162 174
27 265 120
28 70 209
29 137 343
30 239 332
31 316 366
32 365 413
33 375 322
34 383 289
35 418 282
36 428 281
37 488 315
38 514 302
39 540 293
40 552 291
41 568 291
42 580 293
43 597 296
44 617 303
45 636 331
46 638 344
47 630.589 418.113
48 582 422
49 581 422
50 555 416
51 521 403
52 500 380
53 488 436
54 487 440
55 380 479
56 211.84 479
57 106 425
58 25 363.731
