Duration[s]: 3600.43 Porcentaje: 0.900017 TerminoTodo: 0
Convexos: 5 VerticesConvexos: 59
0 1 2 3 4 5 47 48 49 50
17 18 19 20 21 22 23 24 25 26 27 28 29 30 31 32 33
9 10 11 12 13 14 15 16 17 33 34 35
6 7 8 9 35 36 37 38 39 40
5 6 40 41 42 43 44 45 46 47
0 45 307
1 48 162
2 67 155
3 85 154
4 107 158
5 121 210
6 155 213
7 118 107
8 128 99
9 208 132
10 245 89
11 271 63
12 312 42
13 359 25
14 423 24
15 466 30
16 527.618 68.0913
17 532 90
18 554 126
19 606.481 246.999
20 609 315
21 609 337.351
22 550 386
23 487.947 414.441
24 453 401
25 439 388
26 427 376
27 423 363
28 421 347
29 419 324
30 419 300
31 422 280
32 427 267
33 485 147
34 391 203
35 334 217
36 349 245
37 353 255
38 355 311
39 315 335
40 300 339
41 312 364
42 313 374
43 278 406
44 238 413
45 209 416
46 194 417
47 113 357
48 107 406
49 73 417
50 50 395
