Duration[s]: 3604.37 Porcentaje: 0.801319 TerminoTodo: 0
Convexos: 7 VerticesConvexos: 58
0 41 42 43 44 45
5 6 7 8 9 10 11 12
22 23 24 25 26 27
21 22 27 28 29 30 31 32 33 34 35 36
16 17 18 19 20 21 36 37
4 5 12 13 14 15 16 37 38 39
0 1 2 3 4 39 40 41
0 104 327
1 65 298
2 67 261
3 88 239
4 123 248
5 162 193
6 115 164
7 102 148
8 98 120
9 121 25
10 170 12
11 222 22
12 271 54
13 318 16
14 330 34
15 363 89
16 376 126
17 442 63
18 571 89
19 593.146 95.3901
20 559 191
21 470 248
22 498 272
23 560 228
24 626 202
25 591 314
26 428 405
27 426 369
28 346 438
29 273 442
30 255 438
31 228 420
32 215 365
33 219 346
34 251 325
35 321 295
36 385 274
37 345 231
38 278 270
39 178 298
40 179 332
41 178 363
42 201 393
43 201 403
44 148 431
45 71 405
