Duration[s]: 3600.2 Porcentaje: 0.90283 TerminoTodo: 0
Convexos: 6 VerticesConvexos: 59
0 1 2 3 43 44 47 48
44 45 46 47
3 4 5 6 7 8 9 10 11 12 13 14 15 16
17 18 19 20 21 22 23 24 25 26 27
30 31 32 33 34 35 36 37 38 39 40 41 42
3 16 17 27 28 29 30 42 43
0 72 95
1 85 78
2 111 71
3 144 77
4 174 53
5 249 25
6 288 18
7 335.105 18
8 419.08 53.456
9 437 66
10 456 83
11 461 88
12 488 138
13 461 160
14 443 167
15 419 171
16 336 143
17 418 214
18 513 152
19 533 145
20 540 143
21 545 143
22 574.266 166.692
23 596 321
24 563 397
25 547 413
26 514 418
27 453 402
28 423 436
29 382 450
30 322 413
31 273 432
32 259 435
33 252 436
34 241 435
35 233.95 434.25
36 196 417
37 182 403
38 166 385
39 163 377
40 158 332
41 157 319
42 204 284
43 179 226
44 131 214
45 103 296
46 44 277
47 79 191
48 35 167
