Duration[s]: 3601.04 Porcentaje: 0.705634 TerminoTodo: 0
Convexos: 3 VerticesConvexos: 34
0 1 2 3 13 14 25 26 27 28 29
3 4 5 6 7 8 9 10 11 12 13
14 15 16 17 18 19 20 21 22 23 24 25
0 9 400
1 24 295
2 31 273
3 66 190
4 60 143
5 60 120
6 64.7308 72.6919
7 199.235 47
8 279.25 47
9 309 54
10 335 66
11 337 71
12 334 78
13 196 192
14 320 240
15 301 232
16 285 218
17 281 196
18 278 174
19 283 159
20 294 147
21 433 88
22 464 83
23 529.462 83
24 587 182.733
25 587 344.647
26 435 443
27 363 467
28 313.375 467
29 18.2395 446.197
