Duration[s]: 3612.18 Porcentaje: 0.900335 TerminoTodo: 0
Convexos: 18 VerticesConvexos: 107
1 2 3 4
6 7 8 9
22 23 24 25 26 27 28
16 17 18 19 20 21 22 28
34 35 36 37 38 39 40 41
30 31 32 33 34 41
44 45 46 47
41 42 43 44 47 48 49
15 16 28 29 50
10 11 12 13 14 15 50
58 59 60 61
54 55 56 57 58 61
52 53 54 61
5 6 9 10 50 51 52 61 62
66 67 68 69
63 64 65 66 69
1 4 5 62 63 69
0 1 29 30 41 49 50 69 70
0 45 154
1 105 149
2 60.5656 85.9652
3 147 73
4 165 135
5 207 154
6 224 107
7 206 68
8 249 65
9 257 104
10 305 107
11 313 75
12 328 61
13 375 46
14 381 64
15 383 143
16 423 142
17 432 113
18 445 92
19 470 72
20 495 57
21 518 57
22 483 112
23 544 85
24 587 72.2593
25 587 102
26 578 135
27 508 177
28 420 177
29 397 224
30 453 239
31 465 224
32 494 207
33 541 216
34 482 297
35 558 278
36 578 286
37 584 329
38 563 351
39 533 358
40 452 335
41 406 321
42 514 387
43 513 410
44 462 427
45 416 454
46 381 400
47 394 369
48 372 345
49 360 322
50 300 306
51 294 321
52 271 358
53 361 363
54 277 396
55 364 408
56 370 439
57 299 458
58 220.515 458
59 159 423
60 210 370
61 226 399
62 220 338
63 127 282
64 116 389
65 58 383
66 77 286
67 48 257
68 74 222
69 95 219
70 46 168
