Duration[s]: 3600.51 Porcentaje: 0.802352 TerminoTodo: 0
Convexos: 4 VerticesConvexos: 44
0 1 2 28 29 30 31 32 33 34 35 36 37
11 12 13 14 15 16 17 18 19 20 21 22 23 24 25
3 4 5 6 7 8 9 10 11 25 26
2 3 26 27 28
0 48 162
1 128 99
2 190 127
3 237 122
4 237 105
5 245 89
6 271 63
7 312 42
8 359 25
9 423 24
10 466 30
11 529.346 69.1595
12 609 252.806
13 609 337.351
14 527.325 404.697
15 479 411
16 453 401
17 439 388
18 427 376
19 423 363
20 421 347
21 419 324
22 419 300
23 422 280
24 427 267
25 485 147
26 411 156
27 411 170
28 352 278
29 355 311
30 313 374
31 278 406
32 238 413
33 209 416
34 194 417
35 73 417
36 50 395
37 45 307
