Duration[s]: 3606.8 Porcentaje: 0.802474 TerminoTodo: 0
Convexos: 9 VerticesConvexos: 80
0 59 60 61 62 63
17 18 19 20 21 22 23 24 25
34 35 36 37 38 39 40 41
43 44 45 46 47 48 49 50
42 43 50 51 52 53 54
16 17 25 26 27 28 29 30 31 32 33 34 41 42 54 55
15 16 55 56
3 4 5 6 7 8 9 10 11 12 13 14 15 56 57
0 1 2 3 57 58 59
0 58 416
1 32 378
2 64 273
3 107 229
4 89 188
5 56 112
6 54 88
7 58 71
8 98.5455 40.5909
9 125.942 30.8063
10 161 36
11 184 42
12 211 56
13 231 72
14 236 97
15 238 125
16 268 127
17 310 90
18 258 90
19 247 54
20 246 42
21 253 32
22 273 22
23 281 20
24 403 12
25 422 47
26 448 45
27 562 52
28 578 57
29 613 107
30 618 131
31 608 214
32 571 286
33 560 301
34 538 321
35 590 342
36 593 422
37 565 443
38 529 446
39 461 446
40 418 409
41 373 334
42 318 314
43 302 346
44 302 378
45 298 408
46 255 415
47 222 415
48 163 400
49 155 382
50 210 330
51 170 288
52 177 259
53 218 243
54 282 254
55 258 192
56 201 163
57 125 238
58 145 270
59 126 423
60 308 468
61 286 479
62 120 479
63 53 453
