Duration[s]: 3601.31 Porcentaje: 0.813543 TerminoTodo: 0
Convexos: 7 VerticesConvexos: 59
0 1 24 25 26 27 28 29 45 46
8 9 10 11 12 13 14 15 16
7 8 16 17
3 4 5 6 7 17 18 19 20 21 22 23
1 2 3 23 24
30 31 32 33 34 35 36 37 38 39 40
29 30 40 41 42 43 44 45
0 60 179
1 102.308 73.2308
2 201.3 15
3 430.677 15
4 561 92.6923
5 561 142
6 545 183
7 485 207
8 472 277
9 562 337
10 567 368
11 554.412 479
12 450 479
13 429 463
14 409 439
15 400 426
16 344 267
17 414 213
18 303 190
19 259 173
20 247 162
21 243 148
22 241 128
23 245 109
24 169 94
25 211 110
26 217 131
27 223 197
28 218 229
29 171 305
30 197 335
31 273 368
32 307 384
33 326 414
34 317 427
35 290 445
36 263 460
37 239 453
38 220 444
39 195 426
40 172 380
41 153 412
42 95.534 459.888
43 82 355
44 92 333
45 120 300
46 61 257
