Duration[s]: 3603.6 Porcentaje: 0.902375 TerminoTodo: 0
Convexos: 11 VerticesConvexos: 95
0 1 2 3 16 71 72 73 74
3 4 5 6 7 8 9 10 11 12 13 14 15 16
66 67 68 69 70
19 20 21 22 23 24 25 26 27 28 29 30 31 32 33 34
18 19 34 35
39 40 41 42
36 37 38 39 42 43 44 45 46 47
17 18 35 36 47 48
51 52 53 54 55 56 57 58 59 60 61 62
17 48 49 50 51 62 63 64 65
16 17 65 66 70 71
0 32 156
1 61 107
2 85 81
3 122 104
4 175 56
5 196 42
6 210.132 37.0347
7 236 36
8 265 41
9 288 51
10 299 57
11 320 77
12 327 98
13 325 128
14 290 158
15 236 178
16 195 184
17 273 228
18 309 216
19 362 111
20 363 76
21 373 66
22 396 53
23 407 50
24 421 48
25 449 49
26 480.2 59.4
27 530.684 97.2632
28 567 159
29 568 176
30 565 198
31 545 221
32 525 225
33 499 225
34 437 175
35 404 210
36 419 235
37 485 258
38 538 308
39 536 345
40 583 346
41 583 398
42 462 430
43 400 460
44 374 447
45 363 431
46 358 366
47 357 349
48 331 313
49 311 388
50 296 410
51 236 427
52 236 439
53 198 442
54 129 439
55 96 436
56 55 403
57 52 388
58 51 372
59 51 358
60 55 357
61 73 363
62 218 415
63 180 389
64 167 358
65 173 323
66 125 297
67 139 337
68 108 338
69 71 303
70 109 270
71 119 240
72 61 216
73 55 213
74 31 165
