Duration[s]: 3601.27 Porcentaje: 0.502711 TerminoTodo: 0
Convexos: 6 VerticesConvexos: 50
0 5 6 17 18 26 37 38 39
0 1 2 3 4 5
6 7 8 9 10 11 12 13 14 15 16 17
18 19 20 21 22 23 24 25 26
29 30 31 32 33
26 27 28 29 33 34 35 36 37
0 78 147
1 66 109
2 138 9
3 175 16
4 192 55
5 146 98
6 221 138
7 220 44
8 297 30
9 505.269 9.17314
10 552 62
11 571 88
12 570 126
13 559 155
14 503 177
15 387 217
16 315 217
17 256 211
18 269 250
19 541 198
20 556 198
21 577 248
22 561 262
23 491 302
24 424 320
25 292 349
26 224 356
27 445 339
28 495 341
29 532 346
30 560 320
31 599 338
32 602 420
33 521 423
34 434 465
35 191 474
36 124 446
37 135 414
38 52 462
39 0 406
