Duration[s]: 3600.64 Porcentaje: 0.802386 TerminoTodo: 0
Convexos: 6 VerticesConvexos: 58
0 1 2 3 4 39 40 45 46 47
28 29 30 31 32 33 34 35 36 37 38
14 15 16 17 18 19 20 21 22 23 24 25 26
7 8 9 10 11 12 13 14 26 27
4 5 6 7 27 28 38 39
40 41 42 43 44 45
0 52 216
1 66.7176 66.5595
2 100 53
3 119 68
4 164 108
5 182 64
6 201 53
7 323 41
8 350 35
9 377.818 35
10 416 49
11 442 64
12 472 85
13 477 91
14 476 148
15 522 111
16 537 102
17 544 121
18 586 269.703
19 586 289.8
20 577 306
21 553 329
22 524 343
23 508 346
24 458 319
25 445 310
26 427 230
27 370 248
28 348 326
29 439 338
30 494 370
31 513 387
32 460.553 440.667
33 332 445
34 321 445
35 269 425
36 245 402
37 232 377
38 229 324
39 201 293
40 175 357
41 177 377
42 172 386
43 98 439
44 74 418
45 96 385
46 67 324
47 52 237
