Duration[s]: 3600.12 Porcentaje: 0.707069 TerminoTodo: 0
Convexos: 9 VerticesConvexos: 66
0 1 2 3 4 32 33 49
5 6 7 8 9 10 11 12 13 14 15 16
24 25 26 27 28 29 30
17 18 19 20 21 22 23 24 30 31
4 5 16 17 31 32
39 40 41 42 43 44
35 36 37 38 39 44
34 35 44 45 46 47
33 34 47 48 49
0 14 163
1 52 135
2 71 125
3 114 135
4 256 203
5 289 143
6 274 165
7 202 142
8 72 89
9 66 85
10 66 67
11 73.125 29
12 252.667 29
13 282 37
14 289 39
15 300 43
16 340 66
17 374 93
18 382 54
19 456.179 48.4643
20 541.374 73.5216
21 549 125
22 553 233
23 530 277
24 487 314
25 551 313
26 563 317
27 598 359
28 479 378
29 416 356
30 385 333
31 354 253
32 260 234
33 201 255
34 167 344
35 258 358
36 248 322
37 268 293
38 328 278
39 410 377
40 442 372
41 465 406
42 383 448
43 344 456
44 280 437
45 161 454
46 100 433
47 126 391
48 17.7732 314.014
49 32 239
