Duration[s]: 3600.98 Porcentaje: 0.701985 TerminoTodo: 0
Convexos: 6 VerticesConvexos: 59
0 1 2 46 47 48
6 7 8 9 10 11 12
13 14 15 16 17 18 19 20 21 22 23 24 25 26 27 28 29
5 6 12 13 29 30 31 32 33 34 35 36
37 38 39 40 41 42 43 44
2 3 4 5 36 37 44 45 46
0 29 45
1 77 41
2 181 49
3 198 34
4 245 8
5 374.632 8
6 448 49
7 536.952 17.6052
8 611.077 75.8462
9 631 147
10 632 166
11 616 166
12 425 128
13 408 173
14 415 161
15 432 159
16 504 159
17 594 180
18 608 203
19 611 235
20 611 274
21 607 300
22 578.815 367.107
23 505.95 409.292
24 428 428
25 408 427
26 387 423
27 349 411
28 316 396
29 290 378
30 270 352
31 248 292
32 243 238
33 243 187
34 263 131
35 304 76
36 336 43
37 131 228
38 168 230
39 269 417
40 287 455
41 232 472
42 197 470
43 47.9193 445.349
44 25 312
45 37 197
46 87 133
47 15 133
48 4 84
