Duration[s]: 3600.56 Porcentaje: 0.803896 TerminoTodo: 0
Convexos: 6 VerticesConvexos: 46
0 1 23 24 25 31 32 33 34 35
5 6 7 8 9 10 11 12 13 14
15 16 17 18 19 20 21 22
1 2 3 4 5 14 15 22 23
27 28 29 30 31
25 26 27 31
0 47 164.5
1 171.558 71.0814
2 279 73
3 311 79
4 347 92
5 401 140
6 395 73
7 422 59
8 445 50
9 479 46
10 504 46
11 552.168 84.027
12 595 237
13 586 331
14 540 369
15 400 388
16 334 429
17 301 435
18 260 430
19 239 399
20 232 380
21 238 282
22 257 239
23 192 149
24 195 222
25 182 398
26 213 405
27 290 452
28 346 460
29 351 479
30 270 479
31 151 455
32 142 471
33 87 438
34 56.945 391.551
35 47 220
