Duration[s]: 3600.29 Porcentaje: 0.600019 TerminoTodo: 0
Convexos: 4 VerticesConvexos: 45
0 1 2 3 4 5 35 36 37 38
6 7 8 9 10 11 12 13 14 15
18 19 20 21 22 23 24 25 26 27 28 29 30 31 32 33 34
5 6 15 16 17 18 34 35
0 12 107
1 164 90
2 199 95
3 236 111
4 265 134
5 260 151
6 302 110
7 297 109
8 158 62
9 157 36
10 175 23
11 399 29
12 451 38
13 532 72
14 551 89
15 550 121
16 568 146
17 525 176
18 419 209
19 476 195
20 548 183
21 582 180
22 596 196
23 621 374
24 622 399
25 606 419
26 492 430
27 429 434
28 256 428
29 166 408
30 136 388
31 121 359
32 126 310
33 159 289
34 206 272
35 212 244
36 129 269
37 48 263
38 0 201
