Duration[s]: 3600.34 Porcentaje: 0.601418 TerminoTodo: 0
Convexos: 4 VerticesConvexos: 35
0 1 2 3 26 27 28
17 18 19 20 21 22 23 24 25
9 10 11 12 13 14 15 16 17 25 26
3 4 5 6 7 8 9 26
0 28 268
1 103.045 75.8845
2 169.555 39.6062
3 185 80
4 226 63
5 349 38
6 512 22
7 617.385 60.5555
8 593 212
9 528 270
10 552 292
11 571 312
12 605 359
13 620 391
14 610.474 438.632
15 521 461
16 328 471
17 197 424
18 206 448
19 166 472
20 75 425
21 73 413
22 83 399
23 123 362
24 152 342
25 167 366
26 131 260
27 67 323
28 20 304
