Duration[s]: 3603.87 Porcentaje: 0.901005 TerminoTodo: 0
Convexos: 8 VerticesConvexos: 83
0 1 30 31 64 65 66 67 68
10 11 12 13 14 15 16 17 18 19 20 21 22 23 24 25 26 27
2 3 4 5 6 7 8 9 10
1 2 10 27 28 29 30
45 46 47 48 49 50 51 52 53 54
37 38 39 40 41 42 43 44 45 54 55
56 57 58 59 60 61 62 63
31 32 33 34 35 36 37 55 56 63 64
0 49 228
1 69.4171 125.915
2 116 99
3 150.225 9
4 200.2 9
5 223 21
6 228 27
7 236 37
8 237 50
9 236 65
10 204 127
11 221 108
12 241 96
13 267 90
14 295 90
15 311 95
16 326 107
17 329 128
18 329 141
19 328 152
20 325 162
21 314 172
22 309 175
23 287 182
24 265 185
25 258 184
26 241 179
27 218 170
28 193 190
29 177 196
30 159 199
31 176 278
32 176 243
33 179 225
34 201 214
35 233 204
36 260 206
37 335 230
38 354 185
39 418 81
40 450 72
41 471.488 76.6047
42 519 103
43 519 113
44 517 130
45 485 183
46 520 204
47 528 210.667
48 528 292.639
49 447.839 388.387
50 419 398
51 391 407
52 387 406
53 371 393
54 336 350
55 306 337
56 298 362
57 326 389
58 339 405
59 344 419
60 320 432
61 270 443
62 222 433
63 233 373
64 180 338
65 179 361
66 167 433
67 145.611 440.549
68 52.3967 399.535
