Duration[s]: 3605.52 Porcentaje: 0.703505 TerminoTodo: 0
Convexos: 5 VerticesConvexos: 49
0 1 37 38 39 40
21 22 23 24 25 26 27 28 29 30 31 32 33 34 35
11 12 13 14 15 16 17 18 19 20 21 35 36
5 6 7 8 9 10
1 2 3 4 5 10 11 36 37
0 0 258
1 46 148
2 10 121
3 17 90
4 58 88
5 107 87
6 110 66
7 142 24
8 160 18
9 182 43
10 182 86
11 252 99
12 260 53
13 295 38
14 343 35
15 381 35
16 486.545 58.4545
17 537.866 79.9761
18 600 245.667
19 600 286
20 567.785 395.532
21 501 424.75
22 375 430
23 232.349 423.041
24 189 411
25 158 392
26 138 376
27 102 329
28 99 311
29 100 277
30 112 246
31 147 223
32 164 214
33 195 210
34 267 215
35 324 262
36 262 194
37 112 195
38 84 327
39 44 336
40 31.4679 329.518
