Duration[s]: 3600.26 Porcentaje: 0.603118 TerminoTodo: 0
Convexos: 8 VerticesConvexos: 59
0 1 2 10 11 27 44
2 3 4 5 6 7 8 9 10
17 18 19 20 21 22 23
12 13 14 15 16 17 23 24
11 12 24 25 26 27
30 31 32 33 34 35 36 37
28 29 30 37 38
27 28 38 39 40 41 42 43 44
0 14 121
1 30 92
2 56 64
3 26.1945 11.1629
4 94 2
5 278 5
6 321 15
7 322 43
8 293 135
9 221 170
10 171 171
11 190 235
12 299 177
13 351 107
14 390 80
15 428 85
16 450 114
17 416 163
18 521 59
19 559 64
20 568 173
21 565 206
22 448 216
23 382 203
24 322 194
25 311 242
26 239 267
27 181 278
28 316 264
29 390 214
30 468 223
31 520 218
32 530 218
33 564 222
34 588 266
35 588 283.364
36 549 281
37 470 248
38 408 261
39 491 302
40 476 357
41 435.881 419.794
42 345 441
43 112 425
44 15 328
