Duration[s]: 3600.88 Porcentaje: 0.901304 TerminoTodo: 0
Convexos: 5 VerticesConvexos: 39
0 1 26 27 28 29 30
8 9 10 11 12 13 14 15
2 3 4 5 6 7 8 15 16
17 18 19 20 21 22 23 24 25
1 2 16 17 25 26
0 163 362
1 196 340
2 133 289
3 130 285
4 140 219
5 230.843 130.319
6 368 110
7 409 117
8 440 145
9 493 174
10 520 189.429
11 520 240.111
12 491 253
13 459 256
14 445 251
15 418 238
16 367 255
17 369 305
18 422 307
19 451 312
20 465 322
21 475 337
22 460.13 428.696
23 399 448
24 327 434
25 282 360
26 251 363
27 276 423
28 253 431
29 186 420
30 143 384
