Duration[s]: 483.26 Porcentaje: 0.902626 TerminoTodo: 1
Convexos: 9 VerticesConvexos: 53
0 31 32 33 34 35 36
9 10 11 12 13
13 14 15 16
8 9 13 16
4 5 6 7 8 16 17
22 23 24 25 26
18 19 20 21 22 26 27 28 29
3 4 17 18 29 30
0 1 2 3 30 31
0 187 340
1 184 290
2 247 285
3 266 296
4 283 229
5 182 250
6 135 240
7 77 178
8 110 147
9 123 85
10 92 29
11 232 32
12 236 60
13 231 118
14 338 58
15 432 130
16 255 143
17 366 211
18 459 195
19 482 170
20 506 182
21 520 254
22 510 370
23 566 255
24 619 316
25 584 360
26 492 456
27 419 449
28 365 388
29 369 367
30 287 350
31 234 357
32 331 430
33 354 453
34 259 461
35 159 432
36 110 404
