Duration[s]: 3600.19 Porcentaje: 0.900563 TerminoTodo: 0
Convexos: 7 VerticesConvexos: 47
0 1 2 3 4 5 6 33 34
7 8 9 10 11 12 13
15 16 17 18 19 20
14 15 20 21 22 23 24 25
7 13 14 25 26
6 7 26 27 28 29 30
6 30 31 32 33
0 229 72
1 242 73
2 294 95
3 313 123
4 309 156
5 270 190
6 207 212
7 271 261
8 236 217
9 321 196
10 358 196
11 489 199
12 518 248
13 410 259
14 469 323
15 566 303
16 533 229
17 603 170
18 639 212
19 641 328
20 639 369
21 607 398
22 520.272 433.621
23 460 431
24 419 400
25 403 373
26 321 354
27 342 436
28 296 459
29 227 445
30 146 325
31 104 392
32 42 221
33 132 209
34 29 118
