Duration[s]: 3.98089 Porcentaje: 0.803237 TerminoTodo: 1
Convexos: 7 VerticesConvexos: 41
0 1 28
15 16 17 18 19 20 21 22
10 11 12 13 14 15 22 23
6 7 8 9 10 23 24
2 3 4 5 6 24 25
1 2 25
1 25 26 27 28
0 155 195
1 206 170
2 122 90
3 74 44
4 77 30
5 295 58
6 397 101
7 474 56
8 514 89
9 576 209
10 507 265
11 599 314
12 583 362
13 517 417
14 428 446
15 355 401
16 291 444
17 187 455
18 108.801 446.311
19 71 389
20 118 365
21 231 343
22 368 340
23 440 244
24 348 151
25 248 149
26 234 288
27 183 341
28 21 296
