Duration[s]: 1.62514 Porcentaje: 0.789929 TerminoTodo: 1
Convexos: 3 VerticesConvexos: 32
0 1 2 3 20 21 22 23 24 25 26 27
5 6 7 8 9 10 11 12 13 14 15 16 17 18
3 4 5 18 19 20
0 129 307
1 142 291
2 153 284
3 357 277
4 201 228
5 161 214
6 145 201
7 142 172
8 146 162
9 160.674 142.086
10 223.632 112.705
11 278.636 104.455
12 340 102
13 408 110
14 436 125
15 452 140
16 454 165
17 431 178
18 334 191
19 414 261
20 434 284
21 443 310
22 436.323 330.032
23 347 385
24 242 410
25 181.205 403.052
26 140.546 364.33
27 129 332
