Duration[s]: 3600.35 Porcentaje: 0.904936 TerminoTodo: 0
Convexos: 7 VerticesConvexos: 47
0 1 2 3 29 30 31 32 33 34
6 7 8 9 10 11
6 11 12 13 14 15
17 18 19 20 21
16 17 21 22 23 24 25
3 4 5 6 15 16 25 26
3 26 27 28 29
0 34 336
1 53 210
2 68 191
3 104 184
4 74 155
5 166 126
6 361 112
7 136 80
8 299.323 19
9 390 19
10 464 42
11 425 80
12 528 97
13 592 126
14 558 212
15 462 228
16 466 283
17 568 323
18 558 260
19 594 231
20 599 295
21 577 360
22 489 408
23 374 405
24 366 351
25 390 295
26 334 290
27 347 390
28 220 443
29 173 360
30 157 387
31 149 394
32 123 402
33 105 405
34 34 390.053
