Duration[s]: 62.0215 Porcentaje: 0.903187 TerminoTodo: 1
Convexos: 6 VerticesConvexos: 47
0 1 34 35 36
16 17 18 19 20 21 22 23 24
13 14 15 16 24 25 26
12 13 26 27 28 29 30 31 32 33
4 5 6 7 8 9 10 11 12 33 34
1 2 3 4 34
0 77 258
1 190 230
2 127 191
3 121 157
4 173 100
5 227 95
6 282 95
7 326 111
8 359 129
9 400 157
10 424 187
11 445 214
12 446 257
13 479 266
14 464 234
15 462 190
16 465 149
17 380 127
18 362 112
19 342 93
20 338 61
21 368 45
22 430 30
23 473 30
24 556.624 71.1031
25 618 266
26 544 303
27 590 351
28 533 399
29 447 407
30 307 390
31 256 350
32 267 314
33 312 265
34 248 216
35 234 330
36 128 333
