Duration[s]: 23.1538 Porcentaje: 0.908993 TerminoTodo: 1
Convexos: 3 VerticesConvexos: 31
0 8 9 21 22 23 24 25 26
9 10 11 12 13 14 15 16 17 18 19 20 21
0 1 2 3 4 5 6 7 8
0 57 202.057
1 111 145
2 154 136
3 183 136
4 191 138
5 208 146
6 224 171
7 228 186
8 210 248
9 299 300
10 293 276
11 293 247
12 323 142
13 332 114
14 344 99
15 387 74
16 479.967 74
17 569 174.792
18 569 264
19 518.724 335.605
20 454.904 370.416
21 332.741 395.771
22 273 399
23 211.857 399
24 117.69 380.69
25 90 353
26 57 298.71
