Duration[s]: 3600.54 Porcentaje: 0.902989 TerminoTodo: 0
Convexos: 4 VerticesConvexos: 38
0 1 2 3 4 5 29 30 31
15 16 17 18 19 20 21 22
7 8 9 10 11 12 13 14 15 22 23 24
5 6 7 24 25 26 27 28 29
0 105 255
1 130.721 168.835
2 176 160
3 204 166
4 241 183
5 257 226
6 302 236
7 335 279
8 319 224
9 329 185
10 358 159
11 387 152
12 431 159
13 450 180
14 460 207
15 451 242
16 507 239
17 544 257.5
18 544 308.944
19 510 344.833
20 473 351
21 446 350
22 425 335
23 414 358
24 396 376
25 360 391
26 275.667 391
27 224 360
28 204 339
29 190 311
30 134 314
31 107 292
