Duration[s]: 480.417 Porcentaje: 0.90987 TerminoTodo: 1
Convexos: 7 VerticesConvexos: 44
0 1 4 5 23 29 30 31
1 2 3 4
6 7 8 9 10 11
12 13 14 15 16 17 18 19 20 21 22
5 6 11 12 22 23
24 25 26 27
23 24 27 28 29
0 91 372
1 94 177
2 39 120
3 86 74
4 108 106
5 186 135
6 219 97
7 162 66
8 251 36
9 329 68
10 303 102
11 277 121
12 351 194
13 386 113
14 506 90
15 577.612 131.514
16 579 169
17 576 226
18 542 275
19 533 283
20 488 307
21 486 308
22 414 316
23 284 361
24 383 380
25 433 349
26 472 400
27 382 437
28 258 428
29 259 389
30 154 427
31 93 403
