Duration[s]: 19.5259 Porcentaje: 0.902081 TerminoTodo: 1
Convexos: 9 VerticesConvexos: 54
0 36 37
17 18 19 20 21 22
12 13 14 15 16 17 22 23
6 7 8 9 10 11 12 23 24
3 4 5 6 24 25
2 3 25 26
0 1 2 26 27
29 30 31 32 33 34 35
0 27 28 29 35 36
0 44 295
1 26 242
2 55 165
3 39 105
4 45 50
5 139 36
6 199 59
7 247 44
8 363 32
9 482 68
10 496 95
11 464 120
12 407 131
13 536 173
14 570.321 306.245
15 579 367
16 526 399
17 308 239
18 385 321
19 189 312
20 125 243
21 176 198
22 257 196
23 296 152
24 238 97
25 101 124
26 88 212
27 65 289
28 160 351
29 232 399
30 356 383
31 492 421
32 470 467
33 366 475
34 180 456
35 121 438
36 81 385
37 28 331
