Duration[s]: 3600.48 Porcentaje: 0.900219 TerminoTodo: 0
Convexos: 2 VerticesConvexos: 38
0 1 2 3 4 5 6 7 18 19 20 21 22 23 24 25 26 27 28 29 30 31 32 33 34 35
7 8 9 10 11 12 13 14 15 16 17 18
0 102 104
1 108 83
2 116 72
3 136 63
4 174 55
5 224 59
6 274 66
7 331 85
8 503 58
9 534 58
10 570 67
11 584.389 79.5906
12 598 111
13 599 127
14 596 148
15 586 163
16 572 178
17 547 187
18 514 185
19 545 227
20 556 253
21 550 272
22 538.404 298.672
23 495 326
24 461 334
25 421 337
26 374.333 337
27 337 333
28 283.76 319.941
29 223 298
30 174 272
31 152 254
32 136 232
33 116 196
34 103 161
35 99 134
