Duration[s]: 41.5645 Porcentaje: 0.80411 TerminoTodo: 1
Convexos: 7 VerticesConvexos: 43
0 1 6 7 23 29 30
1 2 3 4 5 6
8 9 10 11 12
15 16 17 18 19
14 15 19 20 21
7 8 12 13 14 21 22 23
23 24 25 26 27 28 29
0 37 233
1 46 208
2 69 141
3 106 95
4 157 85
5 240 108
6 169 151
7 279 149
8 319 96
9 262 25
10 416 42
11 501 102
12 447 127
13 498 149
14 464 208
15 556 253
16 544.667 329.095
17 473 411
18 468 382
19 521 291
20 423 303
21 421 238
22 376 256
23 271 292
24 400 289
25 476 357
26 373 427
27 248 439
28 168 402
29 162 355
30 87 347
