Duration[s]: 3600.57 Porcentaje: 0.900793 TerminoTodo: 0
Convexos: 10 VerticesConvexos: 52
0 1 2 3 32 33
9 10 11
8 9 11 12 13 14
7 8 14
7 14 15 16 17 18
6 7 18 19
5 6 19 20 21 22
24 25 26 27 28
4 5 22 23 24 28 29
3 4 29 30 31 32
0 118 365
1 231 343
2 235 367
3 191 402
4 368 340
5 440 244
6 348 151
7 248 149
8 234 288
9 183 341
10 21 296
11 123 307
12 117 234
13 155 195
14 206 170
15 122 90
16 74 44
17 77 30
18 295 58
19 397 101
20 474 56
21 514 89
22 506 181
23 576 209
24 471 389
25 599 314
26 599 348.667
27 517 417
28 428 446
29 355 401
30 291 444
31 187 455
32 108.801 446.311
33 71 389
