Duration[s]: 3600.62 Porcentaje: 0.902382 TerminoTodo: 0
Convexos: 3 VerticesConvexos: 32
0 1 14 15 26 27
1 2 3 4 5 6 7 8 9 10 11 12 13 14
15 16 17 18 19 20 21 22 23 24 25 26
0 32 209
1 40 161
2 96 116
3 162.822 72.1822
4 298 24
5 355 24
6 445.318 32.4673
7 561.998 53.4098
8 589.23 75.8361
9 592 98
10 585 141
11 562 154
12 543 162
13 454 168
14 271 171
15 396 232
16 556 181
17 583 179
18 594 183
19 580.409 245.293
20 562 290
21 515.821 329.075
22 436.699 362.042
23 281.851 397.615
24 214 399
25 154 392
26 71.4745 366.389
27 34.6369 298.655
