Duration[s]: 3600.29 Porcentaje: 0.902672 TerminoTodo: 0
Convexos: 4 VerticesConvexos: 33
0 1 2 3 4 5 22 23 24 25 26
10 11 12 13 14 15 16 17 18
6 7 8 9 10 18 19
5 6 19 20 21 22
0 129 307
1 142 291
2 153 284
3 189 283
4 217 286
5 356 302
6 314 234
7 201 228
8 161 214
9 145 201
10 139.908 151.776
11 237.812 106.088
12 340 102
13 408 110
14 451.463 133.284
15 454 165
16 431 178
17 397 178
18 350 174
19 337 216
20 414 261
21 434 284
22 446.993 321.534
23 350.021 384.281
24 242 410
25 177.35 402.611
26 129 348.889
