Duration[s]: 60.1375 Porcentaje: 0.900691 TerminoTodo: 1
Convexos: 7 VerticesConvexos: 42
0 1 25 26 27 28 29
3 4 5
5 6 7 8 9 10
3 5 10 11 12 13 14
16 17 18 19 20
15 16 20 21 22 23 24
1 2 3 14 15 24 25
0 34 336
1 53 210
2 74 155
3 285 166
4 166 126
5 361 112
6 136 80
7 299.323 19
8 390 19
9 464 42
10 425 80
11 528 97
12 592 126
13 558 212
14 462 228
15 466 283
16 568 323
17 558 260
18 594 231
19 599 295
20 577 360
21 489 408
22 374 405
23 366 351
24 390 295
25 334 290
26 347 390
27 220 443
28 62.7103 395.71
29 34 367
