Duration[s]: 328.441 Porcentaje: 0.900554 TerminoTodo: 1
Convexos: 8 VerticesConvexos: 48
0 26 27 30 31 32 33
1 2 3 4 5 6 7 8
14 15 16 17
9 10 11 12 13 14 17
1 8 9 17 18
19 20 21 22 23
0 1 18 19 23 24 25 26
27 28 29 30
0 185 241
1 219 221
2 121 201
3 124.973 79.1529
4 183 65
5 234 71
6 274 88
7 281 118
8 288 155
9 342 160
10 299 82
11 340 65
12 513 92
13 523 133
14 503 176
15 558 289
16 464 314
17 403 229
18 355 292
19 484 384
20 577 340
21 601 407
22 525 453
23 449 439
24 397 423
25 313 363
26 231 292
27 243 418
28 282 437
29 205 451
30 165 416
31 143 343
32 151 284
33 163 251
