Duration[s]: 36.1093 Porcentaje: 0.907555 TerminoTodo: 1
Convexos: 7 VerticesConvexos: 45
0 1 2 31 32
10 11 12 13 14 15 16
9 10 16 17
6 7 8 9 17 18
3 4 5 6 18
19 20 21 22 23 24 25 26 27 28 29 30
2 3 18 19 30 31
0 145 176
1 151 133
2 259 139
3 292 127
4 244 73
5 292 54
6 413 69
7 487 53
8 527 46
9 588 136
10 563 197
11 596 231
12 568 259
13 509 279
14 479 265
15 443 246
16 449 210
17 530 155
18 393 154
19 364 227
20 467 288
21 496 306
22 504 329
23 499 352
24 467 381
25 395.741 418
26 329.429 418
27 242 367
28 227 343
29 218 293
30 288 257
31 259 207
32 172 236
