Duration[s]: 1082.31 Porcentaje: 0.911076 TerminoTodo: 1
Convexos: 6 VerticesConvexos: 38
0 13 14 27
3 4 5 6 7 8 9 10 11 12
0 1 2 3 12 13
16 17 18 19 20 21 22 23 24 25
15 16 25 26
14 15 26 27
0 55 143.507
1 157 53
2 252 20
3 334.833 20
4 427 51.6
5 446 82
6 451 103
7 446 127
8 430 143
9 276 223
10 271 183
11 278 150
12 300 62
13 232 104
14 238 213
15 289 258
16 370 260
17 449 206
18 477 210
19 496 227
20 511 244
21 514 288
22 507.706 352.516
23 393 393
24 296 412
25 156.608 407.234
26 91.8983 371.644
27 55 242.5
