Duration[s]: 47.2106 Porcentaje: 0.903781 TerminoTodo: 1
Convexos: 6 VerticesConvexos: 38
0 24 25 26 27
7 8 9 10 11 12 13 14 15
2 3 4 5 6 7 15 16
17 18 19 20 21 22
2 16 17 22 23
0 1 2 23 24
0 96 313
1 112 251
2 157 224
3 114 168
4 87 112
5 186.901 44.2896
6 290 15
7 393.707 17.7655
8 536 108
9 596 217
10 564 260
11 473 316
12 404 306
13 368 283
14 343 236
15 348 163
16 317 176
17 303 290
18 382 327
19 366 381
20 221 432
21 225 376
22 255 325
23 191 274
24 138 309
25 215 369
26 145 394
27 83 373
