Duration[s]: 0.89931 Porcentaje: 0.918685 TerminoTodo: 1
Convexos: 5 VerticesConvexos: 40
0 1 2 3 4 5 27 28 29 30 31
9 10 11 12 13 14 15 16 17 18 19 20 21 22
7 8 9 22
6 7 22 23 24 25 26
5 6 26 27
0 129 307
1 142 291
2 153 284
3 189 283
4 217 286
5 341 316
6 357 277
7 314 234
8 201 228
9 161 214
10 145 201
11 142 172
12 146 162
13 160.674 142.086
14 223.632 112.705
15 278.636 104.455
16 340 102
17 408 110
18 436 125
19 452 140
20 454 165
21 431 178
22 334 191
23 414 261
24 434 284
25 443 310
26 436.323 330.032
27 347 385
28 242 410
29 181.205 403.052
30 140.546 364.33
31 129 332
