Duration[s]: 3600.13 Porcentaje: 0.914238 TerminoTodo: 0
Convexos: 9 VerticesConvexos: 49
0 1 22 23 24 32
6 7 8 9 10 11
14 15 16
12 13 14 16 17 18 19
6 11 12 19 20
2 3 4 5 6 20 21
1 2 21 22
26 27 28 29 30 31
24 25 26 31 32
0 26 242
1 45.3888 37.6716
2 363 32
3 482 68
4 496 95
5 464 120
6 407 131
7 536 173
8 570.321 306.245
9 579 367
10 526 399
11 467 328
12 308 239
13 311 282
14 238 307
15 385 321
16 189 312
17 125 243
18 176 198
19 257 196
20 296 152
21 238 97
22 101 124
23 88 212
24 65 289
25 160 351
26 232 399
27 356 383
28 492 421
29 470 467
30 366 475
31 132.421 451.14
32 28 331
