Duration[s]: 3600.27 Porcentaje: 0.800524 TerminoTodo: 0
Convexos: 7 VerticesConvexos: 44
0 1 2 3 23 30 31
23 24 25 26 27 28 29 30
4 5 6 7
11 12 13 14 15
10 11 15 16 17
7 8 9 10 17 18 19 20 21 22
3 4 7 22 23
0 37 233
1 83.4629 99.419
2 157 85
3 240 108
4 319 96
5 262 25
6 416 42
7 439 79
8 501 102
9 498 149
10 464 208
11 556 253
12 556 316.143
13 473 411
14 468 382
15 521 291
16 423 303
17 421 238
18 376 256
19 344 260
20 304 260
21 286 230
22 295 216
23 173 325
24 271 292
25 400 289
26 476 357
27 373 427
28 248 439
29 168 402
30 162 355
31 87 347
