Duration[s]: 54.9123 Porcentaje: 0.90325 TerminoTodo: 1
Convexos: 5 VerticesConvexos: 44
20 21 22 23 24 25 26 27 28 29 30
1 2 3 4 5 6 7 8 9 10 11
13 14 15 16 17 18
1 11 12 19 20 30 31
0 1 12 13 18 19 31 32 33
0 21 368
1 87 312
2 61 266
3 48 223
4 40 176
5 51.6077 77.3341
6 136.028 57.0734
7 199 49
8 237 49
9 270 52
10 310 61
11 247 137
12 300 140
13 372 98
14 383 46
15 448 41
16 538 123
17 511 137
18 385 144
19 367 181
20 366 219
21 514 215
22 533 243
23 538 278
24 539 301
25 473 365
26 436 396
27 375 423
28 305 426
29 246 418
30 204 403
31 141 366
32 71 422
33 21 425
