Duration[s]: 73.6892 Porcentaje: 0.901403 TerminoTodo: 1
Convexos: 10 VerticesConvexos: 54
0 26 34 35
27 28 29 30
27 30 31 32 33
26 27 33 34
1 2 3 4 5 6
8 9 10 11 12
15 16 17 18 19
14 15 19 20 21
7 8 12 13 14 21 22 23 24 25
0 1 6 7 25 26
0 37 233
1 46 208
2 69 141
3 106 95
4 157 85
5 240 108
6 169 151
7 279 149
8 319 96
9 262 25
10 416 42
11 501 102
12 447 127
13 498 149
14 464 208
15 556 253
16 544.667 329.095
17 473 411
18 468 382
19 521 291
20 423 303
21 421 238
22 376 256
23 344 260
24 304 260
25 286 230
26 173 325
27 342 375
28 271 292
29 400 289
30 476 357
31 373 427
32 248 439
33 168 402
34 162 355
35 87 347
