Duration[s]: 831.868 Porcentaje: 0.854352 TerminoTodo: 1
Convexos: 3 VerticesConvexos: 32
0 13 14 26 27
0 1 2 3 4 5 6 7 8 9 10 11 12 13
14 15 16 17 18 19 20 21 22 23 24 25 26
0 32 209
1 40 161
2 96 116
3 162.822 72.1822
4 298 24
5 355 24
6 445.318 32.4673
7 561.998 53.4098
8 589.23 75.8361
9 592 98
10 585 141
11 562 154
12 543 162
13 267 218
14 396 232
15 556 181
16 583 179
17 594 183
18 580.409 245.293
19 558.669 298.089
20 492 339
21 436.699 362.042
22 281.851 397.615
23 214 399
24 154 392
25 96 374
26 68 360
27 34.6369 298.655
