Duration[s]: 2.62343 Porcentaje: 0.956592 TerminoTodo: 1
Convexos: 4 VerticesConvexos: 36
0 1 14 15 29
1 2 3 4 5 6 7 8 9 10 11 12 13 14
16 17 18 19 20 21 22 23 24 25 26 27 28
15 16 28 29
0 32 209
1 40 161
2 96 116
3 162.822 72.1822
4 298 24
5 355 24
6 445.318 32.4673
7 561.998 53.4098
8 589.23 75.8361
9 592 98
10 585 141
11 562 154
12 543 162
13 454 168
14 271 171
15 267 218
16 396 232
17 556 181
18 583 179
19 594 183
20 580.409 245.293
21 558.669 298.089
22 492 339
23 436.699 362.042
24 281.851 397.615
25 214 399
26 154 392
27 96 374
28 68 360
29 34.6369 298.655
