Duration[s]: 3600.07 Porcentaje: 0.902568 TerminoTodo: 0
Convexos: 6 VerticesConvexos: 40
0 26 27 28 29
10 11 12 13 14 15 16 17 18
4 5 6 7 8 9 10 18 19
20 21 22 23 24 25
3 4 19 20 25 26
0 1 2 3 26
0 114 168
1 87 112
2 197 142
3 236 196
4 269 166
5 173 113
6 164 82
7 165 61
8 184.097 45.0862
9 290 15
10 393.707 17.7655
11 536 108
12 596 217
13 564 260
14 473 316
15 404 306
16 368 283
17 343 236
18 348 163
19 317 176
20 303 290
21 382 327
22 366 381
23 221 432
24 225 376
25 255 325
26 191 274
27 215 369
28 145 394
29 83 373
