Duration[s]: 1275.12 Porcentaje: 0.909567 TerminoTodo: 1
Convexos: 4 VerticesConvexos: 40
0 1 2 3 4 5 31 32 33
15 16 17 18 19 20 21 22 23
7 8 9 10 11 12 13 14 15 23 24 25
5 6 7 25 26 27 28 29 30 31
0 105 255
1 130.721 168.835
2 176 160
3 204 166
4 241 183
5 257 226
6 302 236
7 335 279
8 319 224
9 329 185
10 358 159
11 387 152
12 431 159
13 450 180
14 460 207
15 451 242
16 507 239
17 535 253
18 544 281
19 542.82 315.23
20 503 346
21 473 351
22 446 350
23 425 335
24 414 358
25 396 376
26 360 391
27 293.444 391
28 249 375
29 224 360
30 204 339
31 190 311
32 134 314
33 107 292
