Duration[s]: 3600.05 Porcentaje: 0.802914 TerminoTodo: 0
Convexos: 7 VerticesConvexos: 40
0 1 2 3 21 22 27
6 7 8 9 10 11
13 14 15 16 17
11 12 13 17 18 19
5 6 11 19
3 4 5 19 20 21
22 23 24 25 26 27
0 75.2896 91.4684
1 241.833 42
2 341.706 42
3 466.453 67.8622
4 565.92 153.515
5 426 251
6 480 292
7 526 269
8 576 245
9 576 313
10 475 346
11 393 345
12 389 419
13 291 375
14 223 400
15 169 419
16 151 341
17 254 305
18 283 238
19 350 227
20 361 135
21 403 96
22 310 113
23 303 192
24 255 239
25 189 296
26 97.8708 278.787
27 57 148
