Duration[s]: 3600.36 Porcentaje: 0.901821 TerminoTodo: 0
Convexos: 10 VerticesConvexos: 51
0 1 2 32
8 9 10 11 12
7 8 12 13 14 15
18 19 20 21
17 18 21 22
16 17 22 23 24 25
5 6 7 15 16 25 26 27
4 5 27 28 29 30
3 4 30 31
2 3 31 32
0 30 419
1 93 370
2 224 429
3 409 433
4 482 367
5 456 284
6 395 308
7 273 304
8 363 364
9 445 345
10 458 384
11 322 419
12 242 424
13 143 369
14 115 320
15 113 236
16 273 172
17 218 112
18 148 102
19 92 146
20 47 130
21 38 65
22 254 60
23 354 34
24 484 92
25 456 111
26 590 148
27 494 249
28 541 301
29 545 428
30 545 458
31 427 475
32 100 456
