Duration[s]: 3601.51 Porcentaje: 0.903589 TerminoTodo: 0
Convexos: 10 VerticesConvexos: 52
0 1 4 23 24 33
1 2 3 4
6 7 8 9 10 11
12 13 14 15 16
11 12 16 17 18
5 6 11 18 19 20 21 22
4 5 22 23
25 26 27 28 29
25 29 30 31 32
24 25 32 33
0 37 233
1 83.4629 99.419
2 157 85
3 240 108
4 169 151
5 279 149
6 319 96
7 262 25
8 416 42
9 501 102
10 498 149
11 464 208
12 556 253
13 549 300
14 475.736 426.871
15 468 382
16 521 291
17 423 303
18 421 238
19 376 256
20 344 260
21 304 260
22 286 230
23 201 270
24 173 325
25 342 375
26 271 292
27 400 289
28 476 357
29 395 378
30 373 427
31 248 439
32 168 402
33 87 347
