Duration[s]: 3600.18 Porcentaje: 0.905317 TerminoTodo: 0
Convexos: 5 VerticesConvexos: 35
0 1 14 15 26
5 6 7 8 9 10 11 12 13
1 2 3 4 5 13 14
16 17 18 19 20 21 22 23 24
15 16 24 25 26
0 55 188
1 71.1849 129.146
2 157 53
3 252 20
4 316 20
5 382.857 33.9286
6 441.541 63.2703
7 451 103
8 446 127
9 430 143
10 276 223
11 271 183
12 278 150
13 333 60
14 238 90
15 238 213
16 370 260
17 449 206
18 477 210
19 496 227
20 514 247.4
21 514 350.294
22 393 393
23 296 412
24 156.608 407.234
25 91.8983 371.644
26 65.0926 277.824
