Duration[s]: 3600.01 Porcentaje: 0.906278 TerminoTodo: 0
Convexos: 6 VerticesConvexos: 41
0 1 2 3 4 30
6 7 8 9 10 11 12
5 6 12 13 14 15
19 20 21 22 23 24 25
16 17 18 19 25 26 27 28
4 5 15 16 28 29 30
0 190 53
1 366 50
2 476 98
3 303 129
4 203 120
5 279 166
6 361 203
7 436 140
8 545 143
9 605 182
10 625 238
11 441 332
12 364 269
13 357 328
14 302 247
15 283 198
16 242 253
17 275 273
18 294 357
19 224 365
20 436 427
21 361.741 457.379
22 305 459
23 97 443
24 62 402
25 119 366
26 90 333
27 66 299
28 126 254
29 59 155
30 55 69
