Duration[s]: 384.153 Porcentaje: 0.900586 TerminoTodo: 1
Convexos: 7 VerticesConvexos: 46
0 31 32 33
0 1 2 3 4 5 6 7 8 9
10 11 12 13 14 15
17 18 19 20 21
16 17 21 22 23 24 25
25 26 27 28 29 30
0 9 10 15 16 25 30 31
0 132 209
1 29 118
2 229 72
3 238.278 72
4 242 73
5 294 95
6 313 123
7 309 156
8 270 190
9 207 212
10 236 217
11 321 196
12 358 196
13 489 199
14 518 248
15 410 259
16 469 323
17 566 303
18 533 229
19 603 170
20 641 214.333
21 641 384.036
22 551 421
23 506 433
24 460 431
25 321 354
26 342 436
27 296 459
28 227 445
29 218 410
30 224 374
31 146 325
32 104 392
33 42 221
