Duration[s]: 3600.37 Porcentaje: 0.800211 TerminoTodo: 0
Convexos: 6 VerticesConvexos: 42
0 1 16 17 27 28 29 30 31
2 3 4 5 6 7 8 9
10 11 12 13 14
1 2 9 10 14 15 16
20 21 22 23 24 25 26
17 18 19 20 26 27
0 65 216
1 99 208
2 135 174
3 99 75
4 134 44
5 180 35
6 243 32
7 335 35
8 389 58
9 273 125
10 395 114
11 514 27
12 584 67
13 573 113
14 519 158
15 482 195
16 152 228
17 242 281
18 312 236
19 435 234
20 445 291
21 604 256
22 602 294
23 508 371
24 432 403
25 375 369
26 347 340
27 296 353
28 327 411
29 291 442
30 168 428
31 110 359
