Duration[s]: 3600.38 Porcentaje: 0.901069 TerminoTodo: 0
Convexos: 10 VerticesConvexos: 53
0 1 17 18 30 31 32 33 34
23 24 25
22 23 25 26 27 28 29
20 21 22 29 30
18 19 20 30
2 3 4 5 6 7 8
9 10 11 12 13
13 14 15
1 2 8 9 13 15
1 15 16 17
0 65 216
1 99 208
2 135 174
3 99 75
4 134 44
5 202.143 30.6677
6 335 35
7 389 58
8 273 125
9 395 114
10 514 27
11 584 67
12 573 113
13 415 147
14 519 158
15 300 184
16 482 195
17 152 228
18 242 281
19 312 236
20 371 279
21 435 234
22 445 291
23 589 289
24 604 256
25 604 292.362
26 508 371
27 432 403
28 375 369
29 347 340
30 296 353
31 327 411
32 291 442
33 168 428
34 110 359
