Duration[s]: 3600.4 Porcentaje: 0.902154 TerminoTodo: 0
Convexos: 11 VerticesConvexos: 56
0 1 31 32 35
4 5 6 7
9 10 11 12 13
15 16 17 18 19
19 20 21 22 23
14 15 19 23 24 25
8 9 13 14 25
26 27 28 29
3 4 7 8 25 26 29 30
1 2 3 30 31
32 33 34 35
0 59 357
1 103 267
2 106 199
3 128 145
4 72 94
5 199 71
6 295 107
7 180 133
8 362 200
9 399 151
10 347 84
11 407 43
12 530.626 49.9977
13 476 164
14 424 254
15 466 263
16 561 215
17 561 350.935
18 450 374
19 382 354
20 414 450
21 318 437
22 283 430
23 340 375
24 350 319
25 364 268
26 327 282
27 313 312
28 297 312
29 281 255
30 224 215
31 153 260
32 201 338
33 322 352
34 245 421
35 124 416
