Duration[s]: 3600.29 Porcentaje: 0.806067 TerminoTodo: 0
Convexos: 4 VerticesConvexos: 35
0 1 2 3 11 12 13 14 26 27 28
3 4 5 6 7 8 9 10 11
16 17 18 19 20 21
14 15 16 21 22 23 24 25 26
0 26 277
1 40 245
2 58 213
3 98 176
4 29 109
5 31 79
6 67.2255 41.5253
7 278.143 32
8 450.6 32
9 565.093 53.2024
10 559 158
11 504 182
12 567 201
13 542 258
14 488 292
15 494 343
16 445 375
17 520 374
18 543 388
19 478.706 422.753
20 403 435
21 327 416
22 282 426
23 207.692 426
24 120 406
25 115 369
26 142 341
27 55 342
28 30 320
