Duration[s]: 3600.53 Porcentaje: 0.901137 TerminoTodo: 0
Convexos: 3 VerticesConvexos: 34
0 1 2 20 21 22 23 24 25 26 27 28 29
7 8 9 10 11 12 13 14 15 16 17 18 19
2 3 4 5 6 7 19 20
0 61 203
1 75 159
2 131 145
3 112 77
4 147 57
5 222 41
6 260 41
7 333 66
8 360 60
9 463.442 42.0102
10 511 79
11 529.416 110.921
12 536 202
13 529.731 255.284
14 420.512 357.342
15 385 364
16 342 346
17 332 333
18 317 286
19 284 182
20 220 253
21 289 337
22 294 355
23 294 368
24 287 379
25 263 401
26 204.222 401
27 126.594 378.463
28 74 331
29 59 248
