Duration[s]: 265.254 Porcentaje: 0.900023 TerminoTodo: 1
Convexos: 7 VerticesConvexos: 42
0 1 2 27 28 29
17 18 19 20 21 22 23
13 14 15 16 17 23 24
10 11 12 13
9 10 13 24 25
8 9 25 26
2 3 4 5 6 7 8 26 27
0 36 115
1 62 83
2 133.091 60
3 310.032 60
4 422 99
5 445 118
6 454 139
7 429 154
8 365 188
9 397 209
10 454 225
11 501 156
12 549 213
13 551 279
14 522 329
15 472 374
16 372.128 415
17 149.2 415
18 39 386
19 47 289
20 54 257
21 83 231
22 102 241
23 199 351
24 289 313
25 305 228
26 274 192
27 219 163
28 73 183
29 55 165
