Duration[s]: 3601.62 Porcentaje: 0.909649 TerminoTodo: 0
Convexos: 6 VerticesConvexos: 41
0 21 22 26 27 28 29 30
0 1 2 3 4 5 6 7
13 14 15 16 17 18
12 13 18 19 20
0 7 8 9 10 11 12 20 21
22 23 24 25 26
0 205 264
1 85 252
2 64 215
3 57 177
4 61.7026 139.379
5 125.64 34
6 215.75 34
7 271 85
8 341 58
9 436 58
10 479 101
11 479 131
12 414 194
13 496 203
14 519 144
15 557 115
16 602 159
17 565 213
18 483 285
19 401 279
20 331 253
21 268 293
22 302 333
23 500 311
24 515 341
25 504.561 400.156
26 359 413
27 312 447
28 255 449
29 83 384
30 72 331
