Duration[s]: 2528.08 Porcentaje: 0.900257 TerminoTodo: 1
Convexos: 4 VerticesConvexos: 36
0 26 27 28 29
8 9 10 11 12 13 14 15 16
7 8 16 17 18 19 20 21 22 23 24 25
0 1 2 3 4 5 6 7 25 26
0 42 160
1 62.8857 58.3563
2 153 51
3 284 71
4 296 77
5 312 89
6 324 100
7 330 118
8 373 133
9 356 85
10 379 43
11 442.906 43
12 562 146
13 562 159.301
14 559 163
15 524 181
16 432 205
17 453 281
18 426 327
19 260 387
20 217 378
21 159 354
22 147 338
23 135 297
24 123 252
25 179 189
26 104 207
27 95 252
28 43 235
29 42 197
