Duration[s]: 3600.4 Porcentaje: 0.900818 TerminoTodo: 0
Convexos: 7 VerticesConvexos: 45
0 30 31 32
12 13 14 15 16 17 18 19
11 12 19 20 21
11 21 22 23 24 25 26 27 28
3 4 5 6 7 8 9 10 11 28 29
1 2 3 29
0 1 29 30
0 77 258
1 190 230
2 127 191
3 111.939 105.654
4 227 95
5 282 95
6 326 111
7 359 129
8 400 157
9 424 187
10 445 214
11 446 257
12 465 149
13 380 127
14 362 112
15 342 93
16 338 61
17 396.125 30
18 473 30
19 556.624 71.1031
20 618 266
21 544 303
22 590 351
23 533 399
24 447 407
25 307 390
26 256 350
27 267 314
28 312 265
29 248 216
30 196 246
31 234 330
32 128 333
