Duration[s]: 48.8617 Porcentaje: 0.901166 TerminoTodo: 1
Convexos: 10 VerticesConvexos: 53
0 14 15 16 34
1 2 3 4 5 6 7
8 9 10 11 12
12 13 14
0 1 7 8 12 14
22 23 24
21 22 24 25 26 27 28
19 20 21 28 29
17 18 19 29
16 17 29 30 31 32 33 34
0 99 208
1 135 174
2 99 75
3 142.125 36.8036
4 243 32
5 335 35
6 389 58
7 273 125
8 395 114
9 514 27
10 584 67
11 573 113
12 415 147
13 519 158
14 300 184
15 482 195
16 152 228
17 242 281
18 312 236
19 371 279
20 435 234
21 445 291
22 589 289
23 604 256
24 602 294
25 508 371
26 432 403
27 375 369
28 347 340
29 296 353
30 327 411
31 291 442
32 168 428
33 110 359
34 65 216
