Duration[s]: 3600.36 Porcentaje: 0.90114 TerminoTodo: 0
Convexos: 7 VerticesConvexos: 44
0 1 30 31
3 4 5 6 7 8
9 10 11 12 13 14 15 16 17 18
19 20 21 22 23 24
19 24 25 26 27 28
2 3 8 9 18 19 28 29
1 2 29 30
0 86 74
1 108 106
2 186 135
3 219 97
4 162 66
5 251 36
6 329 68
7 303 102
8 277 121
9 351 194
10 386 113
11 506 90
12 579 132.319
13 579 221.676
14 542 275
15 533 283
16 488 307
17 486 308
18 414 316
19 284 361
20 433 349
21 472 400
22 382 437
23 258 428
24 259 389
25 126.368 437
26 95.1935 437
27 91 372
28 143 315
29 94 279
30 94 177
31 39 120
