Duration[s]: 44.7289 Porcentaje: 0.903943 TerminoTodo: 1
Convexos: 7 VerticesConvexos: 43
0 28 29 30
12 13 14 15 16 17 18 19 20 21 22
10 11 12 22 23
6 7 8 9 10 23 24
3 4 5 6 24 25
2 3 25 26
0 1 2 26 27 28
0 40 325
1 68 248
2 87 214
3 56 169
4 115 107
5 212 135
6 259 152
7 203 70
8 318 52
9 463.08 57.6232
10 566 154.904
11 566 326.839
12 445.958 423.647
13 376 432
14 360 429
15 351 426
16 281 386
17 233 351
18 231 297
19 287 255
20 335 240
21 392 250
22 456 336
23 475 247
24 361 199
25 299 194
26 185 229
27 150 272
28 111 297
29 188 381
30 85 371
