Duration[s]: 15.195 Porcentaje: 0.804429 TerminoTodo: 1
Convexos: 7 VerticesConvexos: 41
0 1 2 19 24 25 26 27 28
12 13 14 15 16
10 11 12 16
6 7 8 9 10 16
5 6 16 17 18
2 3 4 5 18 19
19 20 21 22 23 24
0 75.2896 91.4684
1 241.833 42
2 341.706 42
3 466.453 67.8622
4 527 120
5 548 166
6 426 251
7 576 245
8 576 313
9 475 346
10 393 345
11 389 419
12 291 375
13 223 400
14 169 419
15 151 341
16 254 305
17 283 238
18 392 205
19 310 113
20 303 192
21 255 239
22 189 296
23 99 279
24 207 194
25 128 210
26 89 213
27 67 180
28 57 148
