Duration[s]: 3601.45 Porcentaje: 0.906679 TerminoTodo: 0
Convexos: 5 VerticesConvexos: 42
0 1 11 12 17 18 29 30 31
1 2 3 4 5 6 7 8 9 10
12 13 14 15 16 17
19 20 21 22 23 24 25 26 27 28 29
1 10 11 18 19 29
0 21 368
1 87 312
2 61 266
3 48 223
4 39.2901 171.829
5 54.3129 76.6849
6 169.667 49
7 237 49
8 270 52
9 310 61
10 247 137
11 300 140
12 372 98
13 383 46
14 448 41
15 538 123
16 511 137
17 385 144
18 367 181
19 400 241
20 463 224
21 514 215
22 533 243
23 538 278
24 539 301
25 414.953 421.288
26 305 426
27 246 418
28 204 403
29 141 366
30 71 422
31 21 425
