Duration[s]: 1506.49 Porcentaje: 0.906555 TerminoTodo: 1
Convexos: 5 VerticesConvexos: 38
0 23 24 25 26 27
4 5 6 7 8 9 10 11 12
17 18 19 20 21 22
0 3 4 12 13 22 23
0 1 2 3 13 14 15 16 17 22
0 190 321
1 133 289
2 130 285
3 140 219
4 230.843 130.319
5 368 110
6 398.557 110
7 518.451 190.368
8 520 226
9 518 241
10 491 253
11 459 256
12 367 255
13 365 284
14 451 312
15 465 322
16 475 337
17 416 380
18 463 411
19 437 436
20 399 448
21 327 434
22 282 360
23 251 363
24 276 423
25 253 431
26 186 420
27 143 384
