Duration[s]: 121.204 Porcentaje: 0.900398 TerminoTodo: 1
Convexos: 7 VerticesConvexos: 45
0 1 6 7 13 14 32
1 2 3 4 5 6
7 8 9 10 11 12 13
17 18 19 20 21 22 23
16 17 23 24 25
15 16 25 26 27 28 29 30 31
14 15 31 32
0 58 100
1 104 66
2 147 53
3 249.351 35.4085
4 377 33
5 361 48
6 148 96
7 166 124
8 211 107
9 302 100
10 365 107
11 374 140
12 292 188
13 192 203
14 175 231
15 262 265
16 445 291
17 424 246
18 384 206
19 459 118
20 503 111
21 548 122
22 535 172
23 479 218
24 549 257
25 521 336
26 467 405
27 416 453
28 269 446
29 185.875 429.375
30 103 392
31 84 359
32 62 224
