Duration[s]: 8.43007 Porcentaje: 0.815197 TerminoTodo: 1
Convexos: 8 VerticesConvexos: 44
0 1 26 27 28 29
4 5 6 7
10 11 12 13 14 15 16
16 17 18 19 20
20 21 22 23 24
8 9 10 16 20 24 25
3 4 7 8 25
1 2 3 25 26
0 59 357
1 103 267
2 106 199
3 128 145
4 72 94
5 199 71
6 295 107
7 180 133
8 251 173
9 324 190
10 362 200
11 347 84
12 407 43
13 513 49
14 522 68
15 476 164
16 424 254
17 561 215
18 527 358
19 450 374
20 382 354
21 414 450
22 318 437
23 283 430
24 340 375
25 224 215
26 153 260
27 322 352
28 245 421
29 124 416
