Duration[s]: 3600.18 Porcentaje: 0.800921 TerminoTodo: 0
Convexos: 7 VerticesConvexos: 53
0 1 2 37 38 39 40
10 11 12 13 14 15 16 17 18
19 20 21 22 23 24 25
19 25 26 27 28 29 30 31 32 33 34
10 18 19 34 35
7 8 9 10 35 36
2 3 4 5 6 7 36 37
0 19 270.792
1 44 251
2 103 237
3 51 195
4 25 160
5 37 142
6 72 132
7 126 124
8 57.2865 59.515
9 187 32
10 214 51
11 263.73 11
12 409.295 11
13 581.397 74.6341
14 577 123
15 565 145
16 522 167
17 491 169
18 411 141
19 463 182
20 563 190
21 616 230
22 547 351
23 517 358
24 474 340
25 444 297
26 392 438
27 269.471 438
28 227 419
29 210 408
30 203 397
31 194 375
32 195 344
33 231 218
34 321 189
35 215 91
36 201 156
37 165 230
38 171 274
39 119 385
40 19 394.574
