Duration[s]: 228.419 Porcentaje: 0.906923 TerminoTodo: 1
Convexos: 9 VerticesConvexos: 64
0 1 44 45 46 47
3 4 5 6 7 8 9 10 11 12
14 15 16 17 18
19 20 21 22 23 24 25 26 27 28 29 30 31 32
13 14 18 19 32 33
35 36 37
35 37 38 39 40 41
13 33 34 35 41 42
1 2 3 12 13 42 43 44
0 27 288
1 96 264
2 15 194
3 15 165
4 19.6576 104.452
5 118.818 43
6 198 43
7 230 53
8 262 81
9 249 136
10 222 184
11 157 184
12 102 182
13 264 242
14 325 160
15 264 106
16 325 61
17 407 93
18 381 158
19 438 162
20 460 67
21 522 64
22 586 119
23 620 184
24 616 218
25 589 254
26 565 274
27 534 286
28 515 289
29 469 278
30 450 264
31 434 232
32 435 205
33 348 236
34 432 279
35 517 354
36 611 281
37 591 355
38 626 361
39 590 404
40 458 443
41 454 394
42 397 378
43 404 424
44 354 467
45 48.7547 455.501
46 17 365
47 15 313
