Duration[s]: 3600.65 Porcentaje: 0.801998 TerminoTodo: 0
Convexos: 10 VerticesConvexos: 66
0 1 2 43 44 45 46 47
5 6 7 8 9 10
13 14 15 16
17 18 19 20 21 22 23
12 13 16 17 23 24
25 26 27 28 29 30 31 32
11 12 24 25 32
34 35 36 37 38 39 40 41
11 32 33 34 41 42
2 3 4 5 10 11 42 43
0 14 340
1 25 253
2 56 207
3 42 92
4 144 56
5 274 82
6 338 53
7 394.651 53
8 556 161
9 533 226
10 368 201
11 339 238
12 457 298
13 576 236
14 595 165
15 620 242
16 586 303
17 583 348
18 550.205 407.516
19 525 426
20 486 423
21 465 397
22 483 376
23 503 366
24 452 331
25 409 375
26 472 450
27 467 469
28 424 466
29 402 455
30 389 434
31 332 340
32 322 277
33 285 350
34 226 369
35 340 390
36 349 437
37 327 460
38 275 473
39 143.459 462.683
40 125 395
41 169 364
42 184 310
43 146 290
44 148 314
45 127 345
46 82 384
47 54 393
