Duration[s]: 3600.69 Porcentaje: 0.70086 TerminoTodo: 0
Convexos: 5 VerticesConvexos: 41
0 1 10 19 20 26 27 28 29 30 31 32
5 6 7 8 9
1 2 3 4 5 9 10
10 11 12 13 14 15 16 17 18 19
20 21 22 23 24 25 26
0 79 313
1 115 262
2 80 115
3 144 51
4 278 35
5 280 129
6 484 35
7 509 89
8 435 164
9 275 188
10 241 296
11 273 244
12 334 232
13 364 227
14 410 229
15 465 244
16 483 258
17 498 292
18 497 324
19 452 354
20 562 391
21 497 202
22 550 122
23 583 141
24 605 170
25 609 237
26 583.807 406.354
27 504 430
28 369 439
29 277 439
30 225 430
31 149 409
32 85.3322 382.655
