Duration[s]: 3601.3 Porcentaje: 0.906333 TerminoTodo: 0
Convexos: 4 VerticesConvexos: 50
0 1 2 3 4 5 6 7 8 9 10 11 12 13 39 40 41 42 43
16 17 18 19 20 21 22 23 24 25 26 27 28 29
14 15 16 29 30
13 14 30 31 32 33 34 35 36 37 38 39
0 70.5763 67.8475
1 141.733 39
2 200 39
3 216 40
4 240 50
5 260 62
6 273 77
7 289 103
8 293 119
9 292 144
10 282 173
11 273 185
12 245 211
13 221 222
14 320 240
15 369 179
16 447 169
17 429 139
18 421 122
19 418 111
20 420 91
21 427 77
22 444 61
23 483 43
24 506 34
25 543 35
26 610 83.6078
27 610 152.308
28 580 195
29 518 252
30 528 308
31 557 332
32 568.617 401.705
33 452.41 457.282
34 392 470
35 229 459
36 141.135 416.323
37 55.9555 284.903
38 63 237
39 116 210
40 70 160
41 61 140
42 58 124
43 55 99
