Duration[s]: 3603.11 Porcentaje: 0.900275 TerminoTodo: 0
Convexos: 10 VerticesConvexos: 59
0 4 5 35 39 40
0 1 2 3 4
8 9 10 11 12 13 14
6 7 8 14 15 16 17 18
30 31 32 33 34
20 21 22 23 24
24 25 26 27 28 29
19 20 24 29 30
5 6 18 19 30 34 35
35 36 37 38 39
0 67 118
1 74.1538 25
2 103 25
3 182 120
4 124 154
5 162 186
6 222 206
7 230 184
8 268 144
9 262 146
10 160 53
11 162 31
12 192 29
13 352.601 34.9045
14 448 82
15 485 132
16 488 161
17 478 206
18 407 277
19 437 316
20 462 324
21 522 246
22 571 226
23 538 338
24 508 381
25 553 429
26 539 469
27 399 475
28 361 407
29 361 381
30 274 330
31 222 440
32 183 427
33 170 366
34 233 320
35 124 231
36 93 328
37 60 339
38 60 274
39 62 199
40 8 151
