Duration[s]: 3600.03 Porcentaje: 0.900252 TerminoTodo: 0
Convexos: 7 VerticesConvexos: 58
0 1 37 38 45
27 28 29 30 31 32 33
16 17 18 19 20 21 22 23 24 25 26 27 33
10 11 12 13 14 15 16 33 34
5 6 7 8 9 10 34 35
1 2 3 4 5 35 36 37
38 39 40 41 42 43 44 45
0 39 215.226
1 93 95
2 105 81
3 132 68
4 197 49
5 284 37
6 344 15
7 411 12
8 443 27
9 434 57
10 420 87
11 484 104
12 492 109
13 538 172
14 539.565 174.388
15 542 189
16 374 199
17 409 217
18 454 243
19 489 284
20 496 299
21 392 360
22 349 363
23 285 354
24 230 338
25 206 313
26 203 289
27 253 219
28 185 226
29 176 208
30 173 163
31 211 154
32 284 139
33 300 186
34 383 110
35 311 74
36 284 95
37 137 123
38 96 192
39 118 296
40 118 301
41 113 317
42 92 333
43 72 335
44 48.7209 320.186
45 39 257
