Duration[s]: 3601.31 Porcentaje: 0.800791 TerminoTodo: 0
Convexos: 4 VerticesConvexos: 40
0 1 2 3 4 5 6 7 32 33
25 26 27 28 29 30 31
15 16 17 18 19 20 21 22 23 24
7 8 9 10 11 12 13 14 15 24 25 31 32
0 47 112.471
1 126 66
2 207 70
3 216 85
4 217 106
5 217 123
6 212 139
7 192 174
8 302 122
9 455 83
10 491 79
11 568 80
12 590 111
13 570 145
14 533 190
15 473 234
16 565 236
17 594 304
18 597 315
19 599 347
20 599 357.6
21 537.484 406.813
22 461 410
23 423 410
24 206 351
25 149 370
26 253 430
27 239 438
28 181 449
29 133.843 440.87
30 75.2 392
31 71 343
32 68 241
33 47 178
