Duration[s]: 3602.92 Porcentaje: 0.904122 TerminoTodo: 0
Convexos: 8 VerticesConvexos: 63
0 44 45 46 47 48
4 5 6 7 8 9 10 11 12 13
21 22 23 24 25 26
14 15 16 17 18 19 20 21 26 27
27 28 29 30 31 32 33
34 35 36 37 38 39 40 41 42
3 4 13 14 27 33 34 42 43
0 1 2 3 43 44
0 89 321
1 85 263
2 109 227
3 160 253
4 183 218
5 119 170
6 116 114
7 115 89
8 128 80
9 153 76
10 169 79
11 212 94
12 270 124
13 269 155
14 309 166
15 354 103
16 366 97
17 373 95
18 399 91
19 529.828 145.136
20 598 232
21 559 266
22 610 287
23 612 314
24 585 329
25 534 325
26 480 311
27 417 311
28 481 351
29 500 363
30 511 386
31 498 394
32 452 391
33 357 357
34 314 376
35 346 384
36 384 395
37 430 428
38 417 441
39 390 442
40 310 428
41 265 399
42 242 367
43 164 330
44 131 358
45 173 401
46 116 412
47 73 379
48 65 347
