Duration[s]: 3601.48 Porcentaje: 0.906858 TerminoTodo: 0
Convexos: 10 VerticesConvexos: 67
0 1 2 45 46 47 48
8 9 10 11 12 13 14 15 16
7 8 16 17 18
6 7 18 19 20 21 22 23 24 25
28 29 30 31 32 33
6 25 26 27 28 33 34
4 5 6 34 35
37 38 39 40
36 37 40 41 42 43 44
2 3 4 35 36 44 45
0 139 362
1 188 324
2 224 305
3 258 274
4 290 254
5 291 225
6 298 163
7 119 108
8 112 162
9 213 148
10 272 183
11 272 207
12 233 241
13 179 262
14 152 266
15 102 239
16 68 196
17 20 131
18 101.731 39.3627
19 131 31
20 400.385 44.8739
21 460.934 57.2942
22 530.957 116.813
23 537 143
24 538 189
25 536 227
26 535 240
27 523 256
28 485 302
29 468 326
30 454 339
31 426 352
32 411 320
33 418 260
34 364 224
35 334 286
36 382 380
37 473 394
38 547 313
39 575 349
40 494 421
41 420 438
42 370 441
43 316 415
44 322 376
45 261 346
46 231 432
47 153 416
48 136 397
