Duration[s]: 3600.36 Porcentaje: 0.901598 TerminoTodo: 0
Convexos: 9 VerticesConvexos: 63
0 1 9 10 43 44 45 46
1 2 3 4 5 6 7 8 9
32 33 34 35 36 37 38 39 40 41 42
12 13 14 15
11 12 15 16
17 18 19 20 21
22 23 24 25 26 27 28 29 30
10 11 16 17 21 22 30 31
10 31 32 42 43
0 37 108.273
1 128.125 42
2 302.714 42
3 558.346 57.4261
4 575 106
5 545 118
6 319 148
7 248 147
8 208 144
9 178 130
10 184 164
11 231 167
12 354 167
13 502 182
14 472 255
15 409 211
16 305 209
17 393 292
18 629 231
19 594 324
20 453 371
21 390 315
22 367 334
23 407 352
24 422 403
25 389.422 427.434
26 286 431
27 250 414
28 234 374
29 247 348
30 273 306
31 224 276
32 179 296
33 211 357
34 212 388
35 172 399
36 148 398
37 106 389
38 96 356
39 91 338
40 91 308
41 110 289
42 159 267
43 161 226
44 105 223
45 64 215
46 37 199.368
