Duration[s]: 3603.26 Porcentaje: 0.900469 TerminoTodo: 0
Convexos: 8 VerticesConvexos: 63
0 1 2 13 14 44 45 46 47 48
2 3 4 5 6 7 8 9 10 11 12 13
16 17 18 19
15 16 19 20
22 23 24 25
21 22 25 26 27 28 29 30 31 32
33 34 35 36 37 38 39 40 41 42 43
14 15 20 21 32 33 43 44
0 38 134
1 47 101
2 91 69
3 145 42
4 271 43
5 369 46
6 485 53
7 563 71
8 575 106
9 545 118
10 319 148
11 248 147
12 208 144
13 178 130
14 184 164
15 231 167
16 354 167
17 502 182
18 472 255
19 409 211
20 305 209
21 305 245
22 393 292
23 629 231
24 594 324
25 453 371
26 422 403
27 394 424
28 344 429
29 286 431
30 250 414
31 234 374
32 266 282
33 179 296
34 211 357
35 212 388
36 172 399
37 148 398
38 106 389
39 96 356
40 91 338
41 91 308
42 110 289
43 159 267
44 146 211
45 105 223
46 64 215
47 45 204
48 37 171
