Duration[s]: 3601.11 Porcentaje: 0.802514 TerminoTodo: 0
Convexos: 6 VerticesConvexos: 43
0 1 2 3 4 5 6 7 32
8 9 10 11 12 13 14
14 15 16 17 18 19
14 19 20 21 22 23 24 25 26 27
28 29 30 31 32
7 8 14 27 28 32
0 18 138
1 109 58
2 171 44
3 207 45
4 299 67
5 326 89
6 320 149
7 288 205
8 401 209
9 372 165
10 382 95
11 478 89
12 500 96
13 504 172
14 493 230
15 539 183
16 550 180
17 595 169
18 582 233
19 571 283
20 598 323
21 592 350
22 568.958 397.087
23 421 444
24 359 436
25 380 355
26 385 342
27 413 280
28 228 384
29 293 421
30 289 457
31 155 461
32 36.7169 348.878
