Duration[s]: 3600.35 Porcentaje: 0.700014 TerminoTodo: 0
Convexos: 3 VerticesConvexos: 43
0 1 2 3 4 5 6 7 8 9 10 11 32 33 34 35 36 37 38
12 13 14 15 16 17 18 19 20 21 22 23
11 12 23 24 25 26 27 28 29 30 31 32
0 105 230
1 107 198
2 122 170
3 137 145
4 165 121
5 205 105
6 238 96
7 291 96
8 328 101
9 348 108
10 364 117
11 449 189
12 435 101
13 165 83
14 161 57
15 179 43
16 209 32
17 255 22
18 281 22
19 306 23
20 334 25
21 395 34
22 427 42
23 453 53
24 522 23
25 572 7
26 602 42
27 610 55
28 613 73
29 614 94
30 613 106
31 576 346
32 517 386
33 454 432
34 359 462
35 320.14 473.249
36 256 478
37 236 479
38 110 459
