Duration[s]: 3600.65 Porcentaje: 0.805418 TerminoTodo: 0
Convexos: 7 VerticesConvexos: 65
0 1 2 46 47 48 49 50 51 52
5 6 7 8 9 10 11 12 13 14
3 4 5 14 15
19 20 21 22 23 24 25 26 27 28 29 30 31 32
15 16 17 18 19 32 33
35 36 37 38 39
2 3 15 33 34 35 39 40 41 42 43 44 45 46
0 15 313
1 27 288
2 60 294
3 96 264
4 15 194
5 15 165
6 19.6576 104.452
7 118.818 43
8 198 43
9 230 53
10 262 81
11 249 136
12 222 184
13 157 184
14 102 182
15 264 242
16 264 106
17 325 61
18 407 93
19 438 162
20 460 67
21 522 64
22 586 119
23 620 184
24 616 218
25 589 254
26 565 274
27 534 286
28 515 289
29 469 278
30 450 264
31 434 232
32 435 205
33 348 236
34 432 279
35 517 354
36 611 281
37 626 361
38 590 404
39 458 443
40 354 467
41 293 463
42 230 456
43 205 449
44 190 441
45 174 431
46 132 400
47 138 427
48 138 448
49 131 454
50 90 457
51 48.764 455.527
52 17 365
