Duration[s]: 3602.7 Porcentaje: 0.903353 TerminoTodo: 0
Convexos: 12 VerticesConvexos: 79
0 1 2 52 53 54 55 56
4 5 6 7 8
9 10 11 12 13 14 15
18 19 20 21
22 23 24 25 26 27 28
17 18 21 22 28 29
30 31 32 33 34 35 36 37
16 17 29 30 37 38
41 42 43 44 45 46 47
40 41 47 48 49 50 51
16 38 39 40 51 52
2 3 4 8 9 15 16 52
0 14 340
1 52 305
2 81 294
3 25 253
4 56 207
5 42 92
6 144 56
7 182 71
8 152 131
9 221 131
10 274 82
11 338 53
12 394.651 53
13 556 161
14 533 226
15 368 201
16 339 238
17 457 298
18 576 236
19 595 165
20 620 242
21 586 303
22 583 348
23 550.205 407.516
24 525 426
25 486 423
26 465 397
27 483 376
28 503 366
29 452 331
30 409 375
31 472 450
32 467 469
33 424 466
34 402 455
35 389 434
36 332 340
37 366 333
38 322 277
39 285 350
40 212 384
41 228 422
42 303 396
43 340 390
44 349 437
45 327 460
46 275 473
47 193 451
48 173 465
49 140 450
50 125 395
51 169 364
52 146 290
53 148 314
54 127 345
55 82 384
56 54 393
