Duration[s]: 3600.81 Porcentaje: 0.900186 TerminoTodo: 0
Convexos: 11 VerticesConvexos: 71
0 1 47 48 49 50
6 7 8 9 10 11 12 13 14 15
2 3 4 5 6 15 16
21 22 23 24 25 26
20 21 26 27 28 29 30
30 31 32 33 34
34 35 36 37 38
18 19 20 30 34 38 39
40 41 42 43 44 45
17 18 39 40 45 46
1 2 16 17 46 47
0 72 223
1 135 225
2 99.9466 132.359
3 192.221 88.4186
4 245 76
5 300 84
6 369 121
7 384 83
8 409 72
9 484 76
10 494 86
11 517 121
12 505 150
13 459 175
14 420 191
15 391 199
16 316 184
17 269 225
18 358 254
19 385 236
20 423 260
21 537 200
22 545 81
23 578 63
24 622 97
25 617 146
26 569 200
27 582 264
28 579 305
29 559 313
30 481 326
31 575 359
32 569.935 427.375
33 490 397
34 443 379
35 420 436
36 342 448
37 314 432
38 338 374
39 296 351
40 236 355
41 259 400
42 260 417
43 192.632 431.844
44 139 400
45 159 353
46 206 258
47 142 243
48 139 281
49 106 292
50 66 250
