Duration[s]: 3600.68 Porcentaje: 0.914691 TerminoTodo: 0
Convexos: 6 VerticesConvexos: 61
0 1 45 46 47 48 49 50
42 43 44 45
2 3 4 5 6 7 8 9 10 11 12 13 14 15 16 17 18 19 20 21 22 23 24 25
28 29 30 31 32 33 34 35 36
26 27 28 36 37 38 39 40 41 42
1 2 25 26 42 45
0 182 418
1 205 408
2 170 393
3 145 376
4 127 351
5 110 313
6 106 269
7 105 230
8 105 201.733
9 122 170
10 137 145
11 165 121
12 205 105
13 238 96
14 291 96
15 328 101
16 348 108
17 364 117
18 370 123
19 378 132
20 385 143
21 392 160
22 397 184
23 396 199
24 391 211
25 364 235
26 515 255
27 449 189
28 435 101
29 165 83
30 155.615 22
31 281 22
32 306 23
33 334 25
34 395 34
35 427 42
36 453 53
37 522 23
38 572 7
39 614 56
40 614 100.5
41 611 117
42 571 270
43 576 346
44 517 386
45 392 342
46 458 409
47 454 432
48 318.178 474.891
49 236 479
50 110 459
