Duration[s]: 3601.33 Porcentaje: 0.808648 TerminoTodo: 0
Convexos: 6 VerticesConvexos: 43
0 1 2 31 32
3 4 5 6 7 8 9
10 11 12 13 14 15 16
17 18 19 20 21
22 23 24 25 26 27 28 29 30 31
2 3 9 10 16 17 21 22 31
0 5 245
1 77 230
2 143 242
3 199 193
4 105 176
5 97.9761 115.594
6 199 127
7 238 147
8 260 167
9 260 183
10 344 170
11 321 157
12 404 87
13 486 69
14 532 72
15 474 165
16 449 172
17 555 210
18 556 129
19 594 141
20 620 191
21 595 232
22 531 322
23 597 348
24 601 363
25 604.526 394.737
26 526.207 433.897
27 151 451
28 67 427
29 58 395
30 58 352
31 126 314
32 63 297
