Duration[s]: 3602.84 Porcentaje: 0.815249 TerminoTodo: 0
Convexos: 6 VerticesConvexos: 44
0 1 2 31 32 33
2 3 4 5 6
6 7 8 9 10 11 12 13 14
15 16 17 18 19 20 21 22 23
26 27 28 29 30 31
2 6 14 15 23 24 25 26 31
0 88 102
1 121 78
2 210 127
3 217 76
4 223 55
5 261 50
6 286 105
7 338 72
8 361 63
9 464 43
10 482 42
11 531 52
12 545 77
13 520 101
14 503 107
15 536 245
16 596 248
17 607 282
18 602 296
19 542 373
20 427 416
21 367 418
22 342 405
23 344 355
24 251 398
25 218 394
26 174 303
27 171 390
28 136 399
29 108 369
30 97 283
31 149 232
32 122 213
33 72 172
