Duration[s]: 3600.53 Porcentaje: 0.800783 TerminoTodo: 0
Convexos: 7 VerticesConvexos: 52
0 1 2 3 11 38 39
3 4 5 6 7 8 9 10 11
19 20 21 22 23 24 25
15 16 17 18 19 25 26
28 29 30 31 32 33 34 35
27 28 35 36 37
11 12 13 14 15 26 27 37 38
0 54 44.25
1 180 39
2 235 51
3 336 87
4 327 55
5 344 18
6 506 14
7 564 26
8 546 51
9 535 65
10 501 78
11 382 108
12 561 138
13 517 216
14 499 222
15 435 239
16 567 281
17 582 319
18 522 346
19 375 322
20 446 391
21 479.474 444
22 365 444
23 332 431
24 287 406
25 301 275
26 345 252
27 286 231
28 205 303
29 227 347
30 182 400
31 145 393
32 61.2363 325.989
33 66 272
34 96 202
35 121 184
36 184 196
37 233 211
38 190 110
39 54 99
