Duration[s]: 3601.75 Porcentaje: 0.803633 TerminoTodo: 0
Convexos: 8 VerticesConvexos: 53
0 9 10 34 35 36 37 38
0 1 2 3 4 5 6 7 8 9
11 12 13 14 15
16 17 18 19 20 21 22 23 24 25 26
10 11 15 16 26
27 28 29
27 29 30 31 32 33
10 26 27 33 34
0 15 165
1 19.6576 104.452
2 118.818 43
3 198 43
4 230 53
5 262 81
6 249 136
7 222 184
8 157 184
9 102 182
10 264 242
11 325 160
12 264 106
13 325 61
14 407 93
15 381 158
16 438 162
17 460 67
18 522 64
19 586 119
20 620 184
21 616 218
22 589 254
23 565 274
24 534 286
25 515 289
26 432 279
27 517 354
28 611 281
29 591 355
30 626 361
31 590 404
32 458 443
33 454 394
34 397 378
35 404 424
36 354 467
37 48.7547 455.501
38 15 359.3
