Duration[s]: 1254.35 Porcentaje: 0.800077 TerminoTodo: 1
Convexos: 5 VerticesConvexos: 44
0 1 2 30 31 32 33 34 35
7 8 9 10 11 12 13
20 21 22 23 24 25 26 27 28
16 17 18 19 20 28 29
2 3 4 5 6 7 13 14 15 16 29 30
0 115 298
1 137 270
2 184 243
3 126 191
4 125 158
5 185 76
6 210 57
7 253 66
8 387 38
9 402 38
10 437 48
11 503 76
12 455 99
13 396 107
14 538 154
15 533 168
16 478 211
17 512 215
18 528 232
19 528 297
20 510 320
21 578 305
22 594 339
23 598 408
24 598 417.816
25 549 432
26 493 428
27 445 391
28 427 353
29 339 304
30 290 333
31 335 392
32 341 418
33 276 430
34 220.333 408.026
35 132.252 345.442
