Duration[s]: 3600.6 Porcentaje: 0.700911 TerminoTodo: 0
Convexos: 5 VerticesConvexos: 39
0 27 28 29 30
15 16 17 18 19 20 21 22
7 8 9 10 11 12 13 14 15 22 23
2 3 4 5 6 7 23 24 25
0 1 2 25 26 27
0 102 214
1 71 59
2 129 32
3 369 14
4 554.089 52.5603
5 591 124
6 537 161
7 440 171
8 480 187
9 530 212
10 547 229
11 544 284
12 509 349
13 442 373
14 412 348
15 363 268
16 375 388
17 320 422
18 253 376
19 233 208
20 233 179
21 275 146
22 348 210
23 345 164
24 214 115
25 156 90
26 230 289
27 208 366
28 217 425
29 136.375 399.805
30 68 253
