Duration[s]: 1971.03 Porcentaje: 0.809905 TerminoTodo: 1
Convexos: 3 VerticesConvexos: 31
0 1 2 3 4 5 6 12 13 24 25 26
6 7 8 9 10 11 12
13 14 15 16 17 18 19 20 21 22 23 24
0 102.591 106.402
1 161.875 64.6332
2 261.75 38
3 379 38
4 437 54
5 465 83
6 476 140
7 521 96
8 557 123
9 566 314
10 536 348
11 504 329
12 462 275
13 452 326
14 524 388
15 528 409
16 526 427
17 502.546 444.59
18 393 450
19 245.066 446.002
20 164.833 401.736
21 128.112 366.281
22 102 301
23 104 285
24 127 234
25 97 190
26 92 176
