Duration[s]: 820.212 Porcentaje: 0.805942 TerminoTodo: 1
Convexos: 5 VerticesConvexos: 37
0 1 2 3 4 5 6 26 27 28
12 13 14 15 16 17 18
11 12 18 19 20 21
10 11 21 22 23 24 25
6 7 8 9 10 25 26
0 37 206
1 62 131
2 343.545 93
3 401.111 93
4 426 109
5 450 127
6 453 144
7 455 165
8 442 194
9 433 214
10 352 296
11 416 378
12 500 374
13 505 344
14 520 309
15 561 260
16 620 244
17 609 291
18 554 450
19 432 465
20 191.52 423.627
21 154 397
22 153 341
23 172 332
24 204 322
25 318 289
26 349 251
27 259 269
28 78 301
