Duration[s]: 3600.47 Porcentaje: 0.804255 TerminoTodo: 0
Convexos: 6 VerticesConvexos: 46
0 14 15 25 26 31 32 33 34 35
2 3 4 5 6
6 7 8 9 10
0 1 2 6 10 11 12 13 14
15 16 17 18 19 20 21 22 23 24 25
26 27 28 29 30 31
0 79 313
1 115 262
2 183 201
3 80 115
4 144 51
5 278 35
6 280 129
7 484 35
8 509 89
9 435 164
10 282 153
11 275 188
12 242 229
13 218 254
14 203 263
15 269 275
16 273 244
17 334 232
18 364 227
19 410 229
20 465 244
21 483 258
22 498 292
23 497 324
24 475 336
25 448 338
26 562 391
27 497 202
28 550 122
29 603.99 153.085
30 609 237
31 583.807 406.354
32 504 430
33 369 439
34 257.571 439
35 86.1485 391.633
