Duration[s]: 3600.03 Porcentaje: 0.806998 TerminoTodo: 0
Convexos: 6 VerticesConvexos: 40
0 1 2 3 4 22 23 28 29
23 24 25 26 27 28
9 10 11 12
13 14 15 16 17 18 19 20
9 12 13 20 21 22
4 5 6 7 8 9 22
0 83.6357 115.914
1 129.155 59.8089
2 227 48
3 266 77
4 278 90
5 383 54
6 502 77
7 506 116
8 506 146
9 484 195
10 555 176
11 577 200
12 552 244
13 529 340
14 566 350
15 598 386
16 565.938 413
17 521 413
18 386 403
19 346 383
20 291 286
21 279 281
22 259 199
23 171 234
24 203 252
25 212 279
26 178 303
27 123 284
28 124 212
29 75 185
