Duration[s]: 3600.58 Porcentaje: 0.801081 TerminoTodo: 0
Convexos: 8 VerticesConvexos: 54
0 34 35 36 37 38 39
10 11 12 13 14 15 16 17 18
20 21 22 23 24
19 20 24 25 26 27 28
9 10 18 19 28 29
4 5 6 7 8 9 29 30
3 4 30 31 32 33
0 1 2 3 33 34
0 87 110
1 68 49.4375
2 68 20.6512
3 215 48
4 327 22
5 369 14
6 554.089 52.5603
7 591 124
8 537 161
9 440 171
10 480 187
11 530 212
12 547 229
13 544 284
14 509 349
15 442 373
16 412 348
17 401 302
18 422 255
19 363 268
20 329 344
21 375 388
22 320 422
23 253 376
24 251 333
25 233 208
26 233 179
27 275 146
28 348 210
29 398 164
30 353 80
31 345 164
32 214 115
33 208 78
34 128 138
35 192 206
36 230 289
37 217 425
38 136.375 399.805
39 68 253
