Duration[s]: 333.672 Porcentaje: 0.700582 TerminoTodo: 1
Convexos: 4 VerticesConvexos: 39
9 10 11 12 13 14 15 16
17 18 19 20 21 22 23
3 4 5 6 7 8 9 17 23 24 25 26 27 28
0 1 2 3 9 16 17 28 29 30
0 28 135
1 129 44
2 167 36
3 411 62
4 475 37
5 499 30
6 548 32
7 561.458 43.9623
8 567 75
9 520 151
10 535 160
11 558 244
12 587 365
13 555 367
14 520 359
15 483 318
16 484 241
17 407 245
18 409 343
19 382 366
20 345 378
21 335 377
22 315 369
23 301 326
24 226 374
25 138 406
26 131 386
27 104 279
28 94 222
29 69 199
30 30 158
