Duration[s]: 3601.63 Porcentaje: 0.803428 TerminoTodo: 0
Convexos: 7 VerticesConvexos: 42
0 28 29
9 10 11 12 13
13 14 15 16 17
8 9 13 17 18
18 19 20 21 22 23
0 1 2 3 4 5 6 7 8 18 23 24
0 24 25 26 27 28
0 67 118
1 72 53
2 103 25
3 352.777 34.9911
4 448 82
5 485 132
6 488 161
7 478 206
8 407 277
9 462 324
10 522 246
11 571 226
12 538 338
13 508 381
14 553 429
15 539 469
16 399 475
17 361 407
18 274 330
19 222 440
20 193.215 434.308
21 183 427
22 170 366
23 233 320
24 124 231
25 93 328
26 60 339
27 60 274
28 62 199
29 8 151
