Duration[s]: 3600.72 Porcentaje: 0.808517 TerminoTodo: 0
Convexos: 7 VerticesConvexos: 46
0 1 2 3 31 32 33
10 11 12 13 14 15 16 17
9 10 17 18
5 6 7 8 9 18 19
21 22 23 24 25 26 27 28 29 30
19 20 21 30
3 4 5 19 30 31
0 7 295
1 28 273
2 65 272
3 134 326
4 150 284
5 189 266
6 90 224
7 111 209
8 180 206
9 247 223
10 225 169
11 118 161
12 69 148
13 101.819 94.8649
14 255 64
15 255.375 64
16 331 75
17 452 97
18 291 250
19 342 285
20 606 115
21 523 273
22 592 252
23 600 270
24 600 333
25 598.304 385.569
26 481.755 426.436
27 319 444
28 210 438
29 176 414
30 199 392
31 143 357
32 79 400
33 41 414
