Duration[s]: 3605.4 Porcentaje: 0.903945 TerminoTodo: 0
Convexos: 11 VerticesConvexos: 74
0 1 2 3 51 52 53
10 11 12 13 14 15
18 19 20 21 22 23
16 17 18 23 24 25 26
27 28 29 30 31 32
38 39 40 41 42 43 44 45 46
35 36 37 38 46 47
10 15 16 26 27 32 33 34 35 47
9 10 47 48
4 5 6 7 8 9 48 49
3 4 49 50 51
0 48 418
1 52 392
2 58 363
3 100 348
4 138 334
5 59 296
6 81 260
7 116 245
8 184 251
9 252 268
10 330 255
11 137 209
12 106 190
13 117 181
14 178 156
15 272 168
16 294 151
17 247 139
18 175 103
19 139 134
20 91 152
21 89 119
22 89 73
23 91.2243 56.4664
24 368 32
25 412 54
26 436 99
27 483 90
28 480 65
29 558 40
30 594 46
31 594 92
32 541 126
33 556 148
34 559 177
35 564 246
36 584 255
37 605 301
38 548 355
39 566 385
40 534.202 438.554
41 451 456
42 427 451
43 386 431
44 372 396
45 372 369
46 439 336
47 429 313
48 313 335
49 309 416
50 265 454
51 189 446
52 157 479
53 81.2391 467.859
