Duration[s]: 3600.99 Porcentaje: 0.903958 TerminoTodo: 0
Convexos: 8 VerticesConvexos: 57
0 39 40 41 42
3 4 5 6 7 8 9 10 11 12 13
25 26 27 28 29 30 31
15 16 17 18 19 20 21 22 23 24 25 31 32
14 15 32 33 34 35 36 37
3 13 14 37 38
1 2 3 38
0 1 38 39
0 119 21
1 268 54
2 300 31
3 452 61
4 499 48
5 605 109.314
6 605 238.111
7 564.554 327.992
8 511 357
9 488 359
10 465 358
11 448 355
12 368 337
13 316 266
14 241 290
15 230 304
16 243 301
17 275 300
18 289 300
19 328 305
20 341 312
21 343 322
22 344 344
23 340 347
24 333 350
25 250 384
26 389 377
27 416 400
28 390 434
29 319.875 451
30 135.739 451
31 64 426
32 128 377
33 93 343
34 88 293
35 156 197
36 221 165
37 252 197
38 324 95
39 204 60
40 170 99
41 124 123
42 54 61
