Duration[s]: 3600.2 Porcentaje: 0.905658 TerminoTodo: 0
Convexos: 7 VerticesConvexos: 61
0 1 2 44 45 46
19 20 21 22 23 24 25 26 27
10 11 12 13 14 15 19 27 28 29 30 31 32 33
8 9 10 33 34
35 36 37 38 39 40 41 42 43
3 4 5 6 7 8 34 35 43 44
2 3 15 16 17 18 19 44
0 12 101.703
1 79 86
2 101 112
3 149 79
4 205 57
5 307 32
6 360.706 32
7 371 82
8 365 108
9 499 157
10 534 185
11 568 181
12 599 178
13 624 193.625
14 624 228.25
15 619 252
16 610.17 329.705
17 564.499 380.269
18 542 382
19 454 346
20 472 404
21 469 412
22 388 427
23 327.022 425.094
24 322 404
25 324 390
26 335 383
27 404 350
28 327 356
29 289 353
30 261 336
31 254 309
32 262 295
33 285 285
34 270 253
35 172 248
36 210 297
37 223 328
38 181 357
39 145 359
40 115.067 359.493
41 86 297
42 92 265
43 122 236
44 123 172
45 95 210
46 12 265.766
