Duration[s]: 3602 Porcentaje: 0.800826 TerminoTodo: 0
Convexos: 7 VerticesConvexos: 52
0 1 2 3 35 36 37 38 39
10 11 12 13 14 15
7 8 9 10 15 16 17 18
19 20 21 22 23 24
27 28 29 30 31 32 33 34
7 18 19 24 25 26 27 34
3 4 5 6 7 34 35
0 48 418
1 52 392
2 58 363
3 138 334
4 59 296
5 81 260
6 116 245
7 330 255
8 137 209
9 106 190
10 139 134
11 91 152
12 89 119
13 89 73
14 187 48
15 257 61
16 368 32
17 412 54
18 436 99
19 483 90
20 480 65
21 558 40
22 594 46
23 594 92
24 541 126
25 556 148
26 605 301
27 548 355
28 573.185 396.976
29 486.365 463.368
30 427 451
31 386 431
32 372 396
33 372 369
34 429 313
35 313 335
36 309 416
37 265 454
38 157 479
39 81.2391 467.859
