Duration[s]: 3602.51 Porcentaje: 0.902003 TerminoTodo: 0
Convexos: 7 VerticesConvexos: 50
0 4 5 33 37
0 1 2 3 4
15 16 17 18 19 20 21 22 23
13 14 15 23 24
25 26 27 28 29 30 31 32
5 6 7 8 9 10 11 12 13 24 25 32 33
33 34 35 36 37
0 102 119
1 67 105
2 120.061 32.3899
3 163 29
4 209 37
5 310 46
6 355 43
7 399 41
8 434.878 42.1959
9 499.343 65.4035
10 567.959 132.46
11 574 261.333
12 574 300
13 561 326
14 533 402
15 494.908 463.899
16 404 474
17 397.333 474
18 367 467
19 352 451
20 339 415
21 340 396
22 346 395
23 358 399
24 309 369
25 262 375
26 299 414
27 299 439
28 255 443
29 160.565 433.92
30 106.854 391.516
31 132 352
32 152 333
33 80 243
34 110 294
35 92 319
36 51 280
37 35 254
