Duration[s]: 3600.61 Porcentaje: 0.80303 TerminoTodo: 0
Convexos: 7 VerticesConvexos: 52
0 1 2 36 37 38 39
5 6 7 8 9 10 11 12 13 14 15 16
21 22 23 24 25
4 5 16 17 18 19 20 21 25 26
28 29 30 31
27 28 31 32 33 34 35
2 3 4 26 27 35 36
0 139 362
1 188 324
2 224 305
3 258 274
4 290 254
5 291 225
6 179 262
7 152 266
8 102 239
9 68 196
10 20 131
11 101.731 39.3627
12 131 31
13 400.385 44.8739
14 460.934 57.2942
15 530.957 116.813
16 537 143
17 538 189
18 536 227
19 535 240
20 523 256
21 485 302
22 468 326
23 454 339
24 426 352
25 411 320
26 334 286
27 382 380
28 473 394
29 547 313
30 575 349
31 494 421
32 420 438
33 370 441
34 316 415
35 322 376
36 261 346
37 231 432
38 153 416
39 136 397
