Duration[s]: 3601.04 Porcentaje: 0.904686 TerminoTodo: 0
Convexos: 9 VerticesConvexos: 57
0 1 33 34 39 40
20 21 22 23 24 25
13 14 15 16 17 18 19
12 13 19 20
9 10 11 12 20 25 26
4 5 6 7 8 9 26 27 28
3 4 28 29 30 31 32
1 2 3 32 33
34 35 36 37 38 39
0 83.6357 115.914
1 129.155 59.8089
2 227 48
3 266 77
4 278 90
5 383 54
6 502 77
7 506 116
8 506 146
9 484 195
10 555 176
11 577 200
12 552 244
13 529 340
14 566 350
15 598 386
16 579 402
17 556 413
18 494 411
19 450 346
20 391 328
21 432 402
22 410 403
23 386 403
24 346 383
25 339 351
26 291 286
27 279 281
28 259 199
29 216 216
30 184 194
31 177 161
32 205 117
33 141 94
34 171 234
35 203 252
36 212 279
37 178 303
38 123 284
39 124 212
40 75 185
