Duration[s]: 3601.25 Porcentaje: 0.802025 TerminoTodo: 0
Convexos: 8 VerticesConvexos: 54
0 1 2 3 8 9 39
3 4 5 6 7 8
14 15 16 17 18 19
22 23 24 25 26 27 28 29 30
21 22 30 31 32
13 14 19 20 21 32
12 13 32 33 34
9 10 11 12 34 35 36 37 38 39
0 119 391
1 110 363
2 98 214
3 105 194
4 33 142
5 41 86
6 51 73
7 144 170
8 181 221
9 263 301
10 363 267
11 425 257
12 464 254
13 436 153
14 362 159
15 404 231
16 356 259
17 295 237
18 283 156
19 315 155
20 328 94
21 345 77
22 255 64
23 221 133
24 171 161
25 134 158
26 117 130
27 118 104
28 138 74
29 210 43
30 273 19
31 393 36
32 621 109.765
33 621 270.116
34 531 290
35 544 334
36 422.804 431.432
37 347.941 455
38 271 455
39 150.32 427.847
