Duration[s]: 3601.15 Porcentaje: 0.90955 TerminoTodo: 0
Convexos: 11 VerticesConvexos: 65
0 1 2 3 42 43 44
9 10 11 12 13 14
9 14 15 16 17 18
18 19 20
8 9 18 20
24 25 26 27 28 29
30 31 32 33 34 35
23 24 29 30 35 36
21 22 23 36 37 38
4 5 6 7 8 20 21 38
3 4 38 39 40 41 42
0 7 295
1 28 273
2 65 272
3 134 326
4 177 321
5 90 224
6 111 209
7 180 206
8 247 223
9 242 157
10 225 169
11 118 161
12 50.7131 143.148
13 121 91
14 176 109
15 255 64
16 270.5 64
17 331 75
18 370 125
19 452 97
20 291 250
21 342 285
22 606 115
23 523 273
24 553 317
25 556 304
26 592 252
27 600 270
28 600 368.692
29 561.103 398.613
30 473.287 429.406
31 345 426
32 338 421
33 336 411
34 356 387
35 434 393
36 411 355
37 342 366
38 272 374
39 319 444
40 218.5 444
41 176 414
42 143 357
43 79 400
44 41 414
