Duration[s]: 492.123 Porcentaje: 0.721215 TerminoTodo: 1
Convexos: 7 VerticesConvexos: 49
0 1 2 3 4 33 34 35 36
4 5 6 7 8 9 10
12 13 14 15 16
11 12 16 17 18 19 20
10 11 20 21 22
24 25 26 27 28 29 30 31
4 10 22 23 24 31 32 33
0 14 340
1 42 92
2 144 56
3 182 71
4 221 131
5 274 82
6 338 53
7 432 78
8 556 161
9 533 226
10 339 238
11 457 298
12 576 236
13 595 165
14 620 242
15 583 348
16 550.266 407.406
17 467 469
18 424 466
19 402 455
20 389 434
21 332 340
22 322 277
23 285 350
24 211 404
25 340 390
26 349 437
27 327 460
28 275 473
29 173 465
30 140 450
31 164 411
32 125 395
33 148 314
34 127 345
35 82 384
36 54 393
