Duration[s]: 3600.44 Porcentaje: 0.903515 TerminoTodo: 0
Convexos: 8 VerticesConvexos: 52
0 1 2 3 4 37
18 19 20 21 22 23
18 23 24 25 26 27
17 18 27 28
16 17 28 29 30 31 32
11 12 13 14 15 16 32 33
5 6 7 8 9 10 11 33 34
4 5 34 35 36 37
0 37 206
1 62 131
2 77 133
3 94 158
4 97 180
5 236 192
6 203 150
7 207 114
8 225 109
9 366.867 93
10 404.667 93
11 450 127
12 453 144
13 455 165
14 442 194
15 433 214
16 352 296
17 397 373
18 486 383
19 520 309
20 561 260
21 620 244
22 609 291
23 559 340
24 573 385
25 554 450
26 432 465
27 390 449
28 154.461 422.829
29 153 341
30 172 332
31 204 322
32 318 289
33 357 203
34 316 231
35 313 247
36 259 269
37 78 301
