Duration[s]: 60.5269 Porcentaje: 0.700228 TerminoTodo: 1
Convexos: 2 VerticesConvexos: 39
0 1 2 3 4 5 6 7 22 23 24 25 26 27 28 29 30 31 32 33 34 35 36
7 8 9 10 11 12 13 14 15 16 17 18 19 20 21 22
0 63 83
1 85 62
2 125.004 45.7821
3 177 39
4 200 39
5 216 40
6 240 50
7 447 169
8 429 139
9 421 122
10 418 111
11 420 91
12 427 77
13 444 61
14 483 43
15 506 34
16 543 35
17 594 72
18 608 100
19 610 133
20 606 158
21 580 195
22 518 252
23 557 332
24 564 374
25 548 406
26 522 424
27 476 446
28 430 462
29 392 470
30 229 459
31 159 425
32 135 403
33 115 376
34 80 322
35 58 271
36 55 99
