Duration[s]: 3600.37 Porcentaje: 0.90197 TerminoTodo: 0
Convexos: 9 VerticesConvexos: 69
0 1 2 3 4 5 50 51 52
10 11 12 13 14 15 16 17 18 19
9 10 19 20 21 22
8 9 22 23 24 25
8 25 26 27 28 29 30 31 32 33 34 35
5 6 7 8 35 36
39 40 41 42 43 44 45 46
38 39 46 47 48
5 36 37 38 48 49 50
0 48 81
1 89 49
2 232 64
3 273 74
4 282 97
5 267 158
6 319 125
7 393 161
8 392 201
9 416 140
10 343 127
11 324 99
12 324 67
13 342 52
14 374 40
15 401 34
16 416 33
17 478 49
18 494 78
19 446 110
20 518 102
21 577 112
22 608 128.792
23 608 186.127
24 535 218
25 507 221
26 537 237
27 549 261
28 539 311
29 505 326
30 427 342
31 390 345
32 327 325
33 301 282
34 325 242
35 352 223
36 299 196
37 255 250
38 229 277
39 291 340
40 343 364
41 360 391
42 332.196 441.973
43 241 444
44 141.411 423.713
45 112 388
46 177 347
47 90 279
48 127 258
49 102 221
50 173 191
51 102 180
52 30 117
