Duration[s]: 3514.82 Porcentaje: 0.802913 TerminoTodo: 1
Convexos: 4 VerticesConvexos: 41
0 1 2 3 29 30 31 32 33 34
18 19 20 21 22 23 24
9 10 11 12 13 14 15 16 17 18 24 25
3 4 5 6 7 8 9 25 26 27 28 29
0 40 279
1 43 267
2 49 261
3 140 254
4 129 230
5 121 174
6 129 163
7 144 158
8 169 151
9 257 211
10 228 163
11 225 149
12 235 127
13 274 105
14 313 98
15 434.035 114.694
16 504 214
17 512 239
18 502 357
19 553 387
20 563 403
21 564 431
22 549 439
23 451 446
24 445 410
25 372 365
26 346 420
27 290 433
28 267 432
29 235 408
30 204 434
31 185 443
32 176.364 443.822
33 51.59 426.808
34 40 297
