Duration[s]: 3601.28 Porcentaje: 0.80004 TerminoTodo: 0
Convexos: 7 VerticesConvexos: 48
0 1 2 3 31 32 33
8 9 10 11 12 13 14
7 8 14 15 16
17 18 19
20 21 22 23 24 25
3 4 5 6 7 16 17 26 27 28
3 17 19 20 25 26 28 29 30 31
0 7 295
1 28 273
2 65 272
3 177 321
4 90 224
5 111 209
6 180 206
7 247 223
8 242 157
9 225 169
10 118 161
11 69 148
12 101.819 94.8649
13 255 64
14 331 75
15 452 97
16 291 250
17 342 285
18 606 115
19 523 273
20 553 317
21 556 304
22 592 252
23 600 270
24 600 368.692
25 561.081 398.63
26 487 424
27 482.229 426.385
28 319 444
29 210 438
30 176 414
31 143 357
32 79 400
33 41 414
