Duration[s]: 3602.11 Porcentaje: 0.902106 TerminoTodo: 0
Convexos: 9 VerticesConvexos: 67
0 1 2 48 49 50
4 5 6 7 8 9 10 11 12 13 14
3 4 14 15
21 22 23 24 25 26 27
28 29 30 31 32 33 34 35
18 19 20 21 27 28 35 36
16 17 18 36 37 38 39 40 41 42
15 16 42 43
2 3 15 43 44 45 46 47 48
0 28 135
1 80 112
2 98 154
3 168 183
4 182 151
5 115 100
6 114 63
7 129 44
8 167 36
9 215 43
10 268 55
11 296 68
12 313 87
13 328 119
14 301 178
15 205 214
16 301 251
17 318 219
18 349 186
19 337 115
20 338 76
21 411 62
22 475 37
23 499 30
24 548 32
25 561.458 43.9623
26 567 75
27 515 116
28 520 151
29 535 160
30 558 244
31 587 365
32 555 367
33 520 359
34 483 318
35 484 241
36 407 245
37 409 343
38 382 366
39 345 378
40 335 377
41 315 369
42 301 326
43 265 293
44 226 374
45 138 406
46 131 386
47 104 279
48 94 222
49 69 199
50 30 158
