Duration[s]: 3600.02 Porcentaje: 0.701618 TerminoTodo: 0
Convexos: 8 VerticesConvexos: 51
0 1 2 35 36
14 15 16 17 18 19 20 21
9 10 11 12 13 14
5 6 7 8 9
3 4 5 9 14 21 22
24 25 26
26 27 28 29 30 31
2 3 22 23 24 26 31 32 33 34 35
0 136 66
1 223 106
2 174 164
3 271 176
4 248 117
5 275 83
6 226 41
7 405.6 41
8 449 90
9 298 90
10 554 114
11 609 133
12 573 216
13 553 237
14 518 264
15 614 340
16 615 373
17 615 385
18 578 385
19 518 369
20 468 324
21 468 306
22 395 270
23 392 285
24 370 327
25 470 356
26 141 356
27 540 399
28 465 426
29 107.733 423.717
30 92 394
31 92 362
32 90 303
33 93 277
34 106 244
35 136 208
36 65 102
