Duration[s]: 3602.34 Porcentaje: 0.801487 TerminoTodo: 0
Convexos: 5 VerticesConvexos: 35
0 1 2 3 26
16 17 18 19 20 21 22
12 13 14 15 16 22
4 5 6 7 8 9 10 11 12 22
3 4 22 23 24 25 26
0 84 109.25
1 204.429 59.0714
2 270 70
3 268 139
4 376 124
5 366 66
6 387 52
7 406 48
8 474.842 48
9 528.553 92.3696
10 531 156
11 530 174
12 500 254
13 571 305.449
14 571 337
15 551 350
16 454 384
17 478.971 430
18 347.276 430
19 315 391
20 314 368
21 366 334
22 409 311
23 264 328
24 208 330
25 157 327
26 84 287.057
