Duration[s]: 3601.19 Porcentaje: 0.900858 TerminoTodo: 0
Convexos: 10 VerticesConvexos: 64
0 6 7 8 45
13 14 15 16 17 18 19
10 11 12 13 19 20
29 30 31 32 33 34 35
25 26 27 28 29 35
21 22 23 24 25 35
9 10 20 21 35 36
9 36 37 38 39 40 41
8 9 41 42 43 44 45
0 1 2 3 4 5 6
0 80 166
1 119 117
2 169 87
3 232 61.5
4 277 48
5 308 59
6 232 155
7 263 191
8 179 209
9 307 242
10 282 177
11 280 115
12 282 95
13 410.163 50.2052
14 472 101
15 473 132
16 451 162
17 395 182
18 363 157
19 358 144
20 322 177
21 438 232
22 478 168
23 524 143
24 551 198
25 548 248
26 616 213
27 617 213.761
28 617 279
29 520 323
30 546 370
31 549 401
32 532 429
33 492 434
34 452 401
35 440 339
36 354 347
37 357 421
38 274 435
39 259.857 435
40 267 385
41 275 346
42 175 355
43 121.535 311.996
44 94.2138 276.478
45 80 225.714
