Duration[s]: 1190.49 Porcentaje: 0.808368 TerminoTodo: 1
Convexos: 6 VerticesConvexos: 54
0 1 2 3 4 5 6 7 8 9 28 37 38 39 40 41 42 43
10 11 12 13 14 15 16 17 18 19 20 21
22 23 24 25 26 27
9 10 21 22 27 28
30 31 32 33 34 35
28 29 30 35 36 37
0 22 380
1 23 351
2 27 322
3 34 287
4 41 265
5 53 233
6 72 211
7 95 189
8 134 173
9 283 115
10 140 84
11 127 126
12 116 142
13 104 152
14 88 161
15 56 166
16 35 160
17 26 136
18 24.9037 100.919
19 38 78
20 75 64
21 103 58
22 173 52
23 114 34
24 90 13
25 187 19
26 428 52
27 336 90
28 380 122
29 404 98
30 458 114
31 473 57
32 535 33
33 551 56
34 523 119
35 499 137
36 541 187
37 497 211
38 517 245
39 521 290
40 486 333
41 250.3 425.775
42 27 445
43 22 445
