Duration[s]: 3601.2 Porcentaje: 0.900079 TerminoTodo: 0
Convexos: 8 VerticesConvexos: 64
0 1 2 34 35 48 49
8 9 10 11 12 13 14
15 16 17 18 19
20 21 22 23 24 25 26 27 28 29 30 31 32
7 8 14 15 19 20 32 33
2 3 4 5 6 7 33 34
41 42 43 44 45 46 47
35 36 37 38 39 40 41 47 48
0 5 245
1 77 230
2 204 218
3 105 176
4 97.9761 115.594
5 199 127
6 238 147
7 329 205
8 344 170
9 321 157
10 404 87
11 486 69
12 532 72
13 474 165
14 449 172
15 555 210
16 556 129
17 594 141
18 620 191
19 595 232
20 531 322
21 597 348
22 601 363
23 604.526 394.737
24 544.842 424.579
25 502 435
26 477 432
27 444 412
28 439 388
29 438 357
30 441 340
31 467 332
32 505 323
33 455 301
34 419 304
35 399 341
36 405 356
37 419 405
38 411 439
39 377 440
40 307 442
41 157 401
42 193 436
43 151 451
44 67 427
45 58 395
46 58 352
47 107 356
48 126 314
49 63 297
