Duration[s]: 3600.8 Porcentaje: 0.900616 TerminoTodo: 0
Convexos: 9 VerticesConvexos: 65
0 1 2 3 44 45 46 47 48
10 11 12 13 14
15 16 17 18 19 20 21
22 23 24 25 26 27 28 29 30
32 33 34 35 36 37
38 39 40 41 42
31 32 37 38 42 43
9 10 14 15 21 22 30 31 43 44
3 4 5 6 7 8 9 44
0 109 203
1 129 186
2 151 179
3 207 164
4 205 119
5 213 101
6 230.466 91.473
7 257 94
8 269 100
9 318 159
10 338 147
11 315 102
12 358 82
13 397 87
14 406 115
15 445 139
16 470 91
17 503 92
18 568 153
19 581 166
20 562 195
21 483 187
22 481 211
23 490 216
24 559 273
25 564 283
26 559 304
27 526 322
28 476 323
29 466 309
30 442 244
31 378 262
32 439 326
33 525 369
34 547 405
35 521 417
36 470 413
37 436 372
38 396 370
39 398 439
40 293 411
41 294 372
42 306 293
43 285 270
44 257 269
45 241 331
46 211 356
47 176 349
48 109 241
