Duration[s]: 3603.64 Porcentaje: 0.810144 TerminoTodo: 0
Convexos: 7 VerticesConvexos: 53
0 1 37 38 39 40
2 3 4 5 6 7 8 9 10 11 12
16 17 18 19 20 21
15 16 21 22 23 24 25 26 27
13 14 15 27 28 29 30 31
13 31 32 33 34 35 36
1 2 12 13 36 37
0 72 223
1 135 225
2 99.9466 132.359
3 216.859 76.6864
4 409 72
5 484 76
6 494 86
7 517 121
8 505 150
9 459 175
10 420 191
11 391 199
12 316 184
13 269 225
14 385 236
15 423 260
16 537 200
17 545 81
18 578 63
19 622 97
20 617 146
21 569 200
22 582 264
23 579 305
24 575 359
25 540 416
26 490 397
27 443 379
28 420 436
29 342 448
30 314 432
31 296 351
32 260 417
33 192.632 431.844
34 139 400
35 159 353
36 206 258
37 142 243
38 139 281
39 106 292
40 66 250
