Duration[s]: 3601.77 Porcentaje: 0.80119 TerminoTodo: 0
Convexos: 6 VerticesConvexos: 45
0 1 27 32 33 34
5 6 7 8 9 10 11 12 13
14 15 16 17 18 19 20 21
5 13 14 21 22
1 2 3 4 5 22 23 24 25 26 27
27 28 29 30 31 32
0 96.5612 64.5449
1 210 127
2 217 76
3 223 55
4 261 50
5 313 96
6 338 72
7 361 63
8 464 43
9 482 42
10 531 52
11 545 77
12 520 101
13 503 107
14 536 245
15 596 248
16 607 282
17 602 296
18 542 373
19 495 386
20 474 383
21 473 342
22 437 321
23 439 399
24 425.588 418
25 367 418
26 342 405
27 287 326
28 287 380
29 251 398
30 111.864 399.21
31 97 283
32 149 232
33 122 213
34 72 172
