Duration[s]: 3600.12 Porcentaje: 0.700401 TerminoTodo: 0
Convexos: 5 VerticesConvexos: 39
0 1 2 3 4 5 6 29 30
13 14 15 16 17 18 19
19 20 21 22 23 24 25 26 27
9 10 11 12 13 19 27 28
6 7 8 9 28 29
0 54 49.4623
1 380.87 14
2 572.64 14
3 546 51
4 535 65
5 501 78
6 382 108
7 561 138
8 517 216
9 499 222
10 567 281
11 582 319
12 522 346
13 375 322
14 446 391
15 458 410
16 365 444
17 332 431
18 287 406
19 301 275
20 182 400
21 145 393
22 61.2363 325.989
23 66 272
24 96 202
25 121 184
26 184 196
27 233 211
28 226 156
29 190 110
30 54 99
