Duration[s]: 3600.78 Porcentaje: 0.900451 TerminoTodo: 0
Convexos: 5 VerticesConvexos: 41
0 1 2 3 4 5 6 7 18 19 30 31 32
12 13 14 15 16 17
10 11 12 17 18
7 8 9 10 18
19 20 21 22 23 24 25 26 27 28 29 30
0 102.591 106.402
1 161.875 64.6332
2 256.644 39.3616
3 322 38
4 408 46
5 437 54
6 465 83
7 476 140
8 521 96
9 557 123
10 528 174
11 551 201
12 521 245
13 545 259
14 566 314
15 536 348
16 504 329
17 477 281
18 462 275
19 452 326
20 524 388
21 528 409
22 526 427
23 502.546 444.59
24 393 450
25 245.066 446.002
26 164.833 401.736
27 128.112 366.281
28 102 301
29 104 285
30 127 234
31 97 190
32 92 176
