Duration[s]: 3601.13 Porcentaje: 0.908759 TerminoTodo: 0
Convexos: 10 VerticesConvexos: 72
0 1 2 50 51 52 53
14 15 16 17 18 19 20 21
22 23 24 25 26 27 28
29 30 31 32 33 34 35 36 37 38 39 40 41
42 43 44 45 46
21 22 28 29 41 42 46
13 14 21 46 47
10 11 12 13 47 48
7 8 9 10 48 49
2 3 4 5 6 7 49 50
0 19 270.792
1 44 251
2 103 237
3 51 195
4 25 160
5 37 142
6 72 132
7 126 124
8 57.2865 59.515
9 187 32
10 214 51
11 263.73 11
12 410.1 11
13 450 32
14 460 64
15 531 56
16 579.915 90.939
17 577 123
18 565 145
19 522 167
20 491 169
21 411 141
22 463 182
23 563 190
24 616 230
25 547 351
26 517 358
27 474 340
28 444 297
29 434 321
30 392 438
31 269.471 438
32 227 419
33 210 408
34 203 397
35 194 375
36 195 344
37 202 331
38 216 321
39 232 317
40 320 309
41 362 309
42 304 253
43 276 284
44 236 248
45 231 218
46 321 189
47 298 112
48 215 91
49 201 156
50 165 230
51 171 274
52 119 385
53 19 394.574
