Duration[s]: 3600.07 Porcentaje: 0.906898 TerminoTodo: 0
Convexos: 8 VerticesConvexos: 56
0 1 34 35 40 41
17 18 19 20 21 22
12 13 14 15 16 17 22
23 24 25 26 27 28 29
7 8 9 10 11 12 22 23 29
4 5 6 7 29 30 31 32 33
1 2 3 4 33 34
35 36 37 38 39 40
0 83.6357 115.914
1 129.155 59.8089
2 227 48
3 266 77
4 278 90
5 383 54
6 428 63
7 425 97
8 484 76
9 502 77
10 506 116
11 506 146
12 500 225
13 528 191
14 555 176
15 577 200
16 540 285
17 501 323
18 566 350
19 598 386
20 565.938 413
21 495.619 413
22 426 327
23 391 328
24 432 402
25 410 403
26 386 403
27 346 383
28 279 281
29 259 199
30 216 216
31 184 194
32 177 161
33 205 117
34 141 94
35 156 178
36 203 252
37 212 279
38 178 303
39 123 284
40 124 212
41 75 185
