Duration[s]: 3600.64 Porcentaje: 0.80193 TerminoTodo: 0
Convexos: 4 VerticesConvexos: 47
0 17 18 35 36 37 38 39 40
20 21 22 23 24 25 26 27 28 29
18 19 20 29 30 31 32 33 34 35
0 1 2 3 4 5 6 7 8 9 10 11 12 13 14 15 16 17
0 105 201.733
1 122 170
2 137 145
3 165 121
4 205 105
5 238 96
6 291 96
7 328 101
8 348 108
9 364 117
10 370 123
11 378 132
12 385 143
13 392 160
14 397 184
15 396 199
16 391 211
17 364 235
18 515 255
19 449 189
20 435 101
21 165 83
22 159.922 49.9951
23 236.273 22
24 281 22
25 306 23
26 334 25
27 395 34
28 427 42
29 453 53
30 522 23
31 572 7
32 614 56
33 614 100.5
34 611 117
35 571 270
36 576 346
37 454 432
38 318.178 474.891
39 236 479
40 105 458.206
