Duration[s]: 3600.56 Porcentaje: 0.804964 TerminoTodo: 0
Convexos: 6 VerticesConvexos: 41
0 24 25 26 27 28 29 30
8 9 10 11 12 13 14 15 16 17 18 19
6 7 8 19 20
3 4 5 6 20 21
1 2 3 21 22 23
0 1 23 24
0 39 215.226
1 101.066 77.0423
2 197 49
3 284 37
4 352.182 12
5 433.172 12
6 539.565 174.388
7 542 189
8 374 199
9 409 217
10 454 243
11 489 284
12 496 299
13 392 360
14 349 363
15 285 354
16 230 338
17 206 313
18 176 208
19 173 163
20 383 110
21 311 74
22 284 95
23 137 123
24 96 192
25 118 296
26 118 301
27 113 317
28 92 333
29 72 335
30 39 314
