Duration[s]: 3600.79 Porcentaje: 0.901525 TerminoTodo: 0
Convexos: 8 VerticesConvexos: 70
0 1 2 3 12 13 55
3 4 5 6 7 8 9 10 11 12
18 19 20 21 22 23 24 25
17 18 25 26 27
31 32 33 34 35 36 37 38 39 40 41 42 43
29 30 31 43 44
14 15 16 17 27 28 29 44 45 46
13 14 46 47 48 49 50 51 52 53 54 55
0 65 315
1 67 289
2 75 275
3 158 270
4 137 250
5 129 233
6 130 207
7 152 178
8 174 171
9 213 171
10 242 184
11 258 202
12 266 273
13 323 276
14 367 264
15 295 194
16 287 172
17 320 109
18 238 82
19 180 132
20 135 151
21 90 139
22 84 74
23 112 58
24 146 48
25 211 58
26 394 17
27 407 35
28 421 51
29 429 111
30 471 42
31 545 35
32 562 47
33 605 88
34 623 142
35 635 209
36 639 252
37 596 332
38 557 378
39 497 414
40 455 427
41 428 423
42 402 384
43 429 298
44 421 207
45 405 284
46 399 293
47 380 312
48 340 348
49 284 385
50 245 398
51 215 405
52 167 405
53 137 403
54 82.8605 370.291
55 66.7273 346.091
