Duration[s]: 3600.55 Porcentaje: 0.800855 TerminoTodo: 0
Convexos: 6 VerticesConvexos: 45
0 1 2 33 34
11 12 13 14 15 16 17 18
10 11 18 19
7 8 9 10 19 20 21
21 22 23 24 25 26 27 28 29 30 31
2 3 4 5 6 7 21 31 32 33
0 14 328
1 93 219
2 152 193
3 151 119
4 171 62
5 323 19
6 354 43
7 399 121
8 390 45
9 463 31
10 616.698 37.5871
11 639 216
12 620 312
13 600 322
14 574 327
15 563 316
16 524 218
17 538 186
18 594 166
19 591 95
20 512 167
21 414 184
22 461 259
23 500 323
24 509 345
25 486.558 391.287
26 406 398
27 340 388
28 288 373
29 243 348
30 259 319
31 350 227
32 240 291
33 170 288
34 167 386
