Duration[s]: 184.257 Porcentaje: 0.807215 TerminoTodo: 1
Convexos: 9 VerticesConvexos: 58
0 1 2 38 39 40 41
2 3 4 5 6
7 8 9 10 11 12 13
16 17 18 19 20
15 16 20 21 22 23 24
14 15 24 25 26
28 29 30 31 32 33 34 35
14 26 27 28 35 36 37
2 6 7 13 14 37 38
0 14 340
1 25 253
2 56 207
3 42 92
4 144 56
5 182 71
6 152 131
7 221 131
8 274 82
9 338 53
10 432 78
11 556 161
12 533 226
13 368 201
14 339 238
15 457 298
16 576 236
17 595 165
18 620 242
19 583 348
20 550.266 407.406
21 467 469
22 424 466
23 402 455
24 389 434
25 332 340
26 322 277
27 285 350
28 211 404
29 340 390
30 349 437
31 327 460
32 275 473
33 173 465
34 140 450
35 164 411
36 125 395
37 184 340
38 148 314
39 127 345
40 82 384
41 54 393
