Duration[s]: 3600.15 Porcentaje: 0.707605 TerminoTodo: 0
Convexos: 4 VerticesConvexos: 39
0 1 2 3 4 5 6 7 8 9 10 11 12 29 30 31 32
14 15 16 17 18 19 20 21 22 23
13 14 23 24 25
12 13 25 26 27 28 29
0 22 380
1 23 351
2 27 322
3 34 287
4 41 265
5 53 233
6 72 211
7 95 189
8 134 173
9 176 158
10 212 158
11 251 169
12 324 229
13 283 115
14 140 84
15 127 126
16 116 142
17 104 152
18 88 161
19 56 166
20 35 160
21 26 136
22 24.7068 94.6165
23 90 13
24 187 19
25 428 52
26 551 30.1589
27 551 135.5
28 514.534 323.298
29 436 350
30 253.134 425.531
31 27 445
32 22 413
