Duration[s]: 66.0364 Porcentaje: 0.708038 TerminoTodo: 1
Convexos: 6 VerticesConvexos: 42
0 9 10 27 28 29 30 31
0 1 2 3 4 5 6 7 8 9
11 12 13 14 15
22 23 24 25 26
16 17 18 19 20 21 22 26 27
10 11 15 16 27
0 15 165
1 19.6576 104.452
2 118.818 43
3 198 43
4 230 53
5 262 81
6 249 136
7 222 184
8 157 184
9 102 182
10 264 242
11 325 160
12 264 106
13 325 61
14 407 93
15 381 158
16 438 162
17 460 67
18 522 64
19 586 119
20 620 184
21 611 281
22 591 355
23 626 361
24 590 404
25 458 443
26 454 394
27 397 378
28 404 424
29 354 467
30 48.7547 455.501
31 15 359.3
