Duration[s]: 3600.24 Porcentaje: 0.800723 TerminoTodo: 0
Convexos: 5 VerticesConvexos: 44
0 1 29 30 31 32 33 34 35
5 6 7 8 9 10 11
19 20 21 22 23 24 25 26 27
4 5 11 12 13 14 15 16 17 18 19 27 28
1 2 3 4 28 29
0 112 388
1 177 347
2 90 279
3 102 221
4 173 191
5 179 145
6 102 180
7 30 117
8 48 81
9 89 49
10 232 64
11 273 74
12 374 40
13 401 34
14 416 33
15 478 49
16 601 125
17 608 150
18 606 187
19 535 218
20 549 261
21 539 311
22 505 326
23 427 342
24 390 345
25 327 325
26 301 282
27 325 242
28 255 250
29 291 340
30 343 364
31 360 391
32 342 424
33 286 443
34 241 444
35 141.411 423.713
