Duration[s]: 3601.38 Porcentaje: 0.801255 TerminoTodo: 0
Convexos: 6 VerticesConvexos: 43
0 1 2 3 4 5 6 7 8 9 32
10 11 12 13
16 17 18 19
15 16 19 20 21 22 23 24 25 26 27 28 29
14 15 29 30 31 32
9 10 13 14 32
0 38.7293 107.015
1 91 69
2 145 42
3 326.598 43.4413
4 485 53
5 563 71
6 575 106
7 545 118
8 319 148
9 184 164
10 354 167
11 502 182
12 472 255
13 409 211
14 305 209
15 305 245
16 393 292
17 629 231
18 594 324
19 453 371
20 422 403
21 394 424
22 344 429
23 286 431
24 106 389
25 96 356
26 91 338
27 91 308
28 110 289
29 159 267
30 64 215
31 45 204
32 37 171
