Duration[s]: 525.676 Porcentaje: 0.800341 TerminoTodo: 1
Convexos: 6 VerticesConvexos: 55
0 1 2 3 4 5 6 40 41 42 43 44
16 17 18 19 20 21 22
24 25 26 27 28 29 30 31 32 33 34 35
16 22 23 24 35 36 37 38
9 10 11 12 13 14 15 16 38 39
6 7 8 9 39 40
0 19 308
1 20 270
2 25 160
3 61 63
4 154 39
5 187 32
6 214 51
7 260 14
8 325 11
9 338 45
10 412 12
11 555.682 65.1261
12 579 101
13 577 123
14 565 145
15 522 167
16 466 188
17 563 190
18 616 230
19 547 351
20 517 358
21 474 340
22 444 297
23 434 321
24 410 366
25 392 438
26 279 438
27 265 436
28 227 419
29 210 408
30 203 397
31 194 375
32 195 344
33 202 331
34 216 321
35 276 284
36 236 248
37 231 218
38 321 189
39 298 112
40 215 91
41 201 156
42 171 274
43 119 385
44 25 394
