Duration[s]: 3602.01 Porcentaje: 0.803724 TerminoTodo: 0
Convexos: 7 VerticesConvexos: 49
0 1 2 3 34 35 36
24 25 26 27 28
20 21 22 23 24 28
10 11 12 13 14 15 16 17
3 4 5 6 7 8 9 10 17 18
3 18 19 20 28 29
3 29 30 31 32 33 34
0 109 203
1 129 186
2 151 179
3 207 164
4 205 119
5 216.282 93.6163
6 358 82
7 507.296 92.2963
8 581 166
9 562 195
10 497 223
11 559 273
12 564 283
13 559 304
14 526 322
15 476 323
16 466 309
17 442 244
18 378 262
19 439 326
20 438 336
21 525 369
22 556.011 419.746
23 470 413
24 396 370
25 398 439
26 292.282 439
27 294 372
28 306 293
29 257 269
30 241 331
31 211 356
32 176 349
33 172 325
34 165 265
35 134 264
36 109 241
