Duration[s]: 3600.61 Porcentaje: 0.8058 TerminoTodo: 0
Convexos: 6 VerticesConvexos: 54
0 9 10 35 36 37 38 39 40 41 42 43
0 1 2 3 4 5 6 7 8 9
12 13 14 15 16 17 18
22 23 24 25 26 27 28 29 30 31
12 18 19 20 21 22 31 32
10 11 12 32 33 34 35
0 65 292.5
1 75 275
2 152 178
3 174 171
4 213 171
5 242 184
6 258 202
7 253 223
8 236 236
9 217 247
10 367 264
11 295 194
12 238 82
13 180 132
14 135 151
15 90 139
16 84 74
17 133 46
18 211 58
19 394 17
20 550.045 35.6014
21 615.044 97.5764
22 635 209
23 639 252
24 578.07 365.358
25 497 414
26 455 427
27 428 423
28 402 384
29 439 230
30 484 203
31 524 203
32 420 188
33 421 207
34 405 284
35 399 293
36 380 312
37 340 348
38 284 385
39 245 398
40 215 405
41 167 405
42 137 403
43 65 359.5
