Duration[s]: 3601.87 Porcentaje: 0.912991 TerminoTodo: 0
Convexos: 4 VerticesConvexos: 43
0 1 2 3 4 5 31 32 33 34 35 36
6 7 8 9 10 11 12 13 14 15 16 17
17 18 19 20 21 22 23 24
5 6 17 24 25 26 27 28 29 30 31
0 28 105
1 145.409 42
2 253.542 42
3 320 71
4 331 99
5 338 125
6 419 154
7 424 113
8 438 98
9 448 89
10 463 85
11 482 87
12 554.374 99.7719
13 594.439 172.27
14 590 210
15 581 233
16 572 244
17 541 281
18 588 329
19 592 336
20 596 344
21 602 360
22 602 411.818
23 560 408
24 537 381
25 512 414
26 450.952 443.071
27 395 445
28 357 437
29 319 416
30 300 396
31 276 346
32 237 380
33 200 412
34 157.49 416.723
35 54.9697 325.187
36 28 230
