Duration[s]: 3602.76 Porcentaje: 0.900627 TerminoTodo: 0
Convexos: 10 VerticesConvexos: 65
0 1 2 3 4 5 6 8 46
6 7 8
13 14 15 16 17 18 19 20
10 11 12 13 20 21
30 31 32 33 34 35 36
27 28 29 30 36
23 24 25 26 27 36 37
9 10 21 22 23 37
9 37 38 39 40 41 42
8 9 42 43 44 45 46
0 80 166
1 119 117
2 169 87
3 232 61.5
4 277 48
5 308 59
6 232 155
7 263 191
8 179 209
9 307 242
10 282 177
11 280 115
12 282 95
13 385 59
14 444 78
15 472 101
16 473 132
17 451 162
18 395 182
19 363 157
20 358 144
21 322 177
22 378 216
23 391 229
24 478 168
25 524 143
26 551 198
27 548 248
28 616 213
29 617 279
30 520 323
31 546 370
32 549 401
33 532 429
34 492 434
35 452 401
36 440 339
37 354 347
38 357 421
39 274 435
40 261 427
41 267 385
42 275 346
43 175 355
44 129 318
45 101.936 288.087
46 80 241.778
