Duration[s]: 3602.57 Porcentaje: 0.902645 TerminoTodo: 0
Convexos: 10 VerticesConvexos: 71
0 1 49 50 51 52
7 8 9 10 11 12 13 14 15 16
29 30 31 32 33
34 35 36 37 38
20 21 22 23 24 25
19 20 25 26 27 28 29
17 18 19 29 33 34 38 39
40 41 42 43 44 45 46 47
16 17 39 40 47 48
1 2 3 4 5 6 7 16 48 49
0 72 223
1 135 225
2 107 151
3 122.728 121.511
4 192.221 88.4186
5 245 76
6 300 84
7 303 105
8 409 72
9 484 76
10 494 86
11 517 121
12 505 150
13 459 175
14 420 191
15 391 199
16 262 200
17 358 254
18 385 236
19 423 260
20 537 200
21 545 81
22 578 63
23 622 97
24 617 146
25 569 200
26 582 264
27 579 305
28 559 313
29 481 326
30 575 359
31 540 416
32 490 397
33 443 379
34 392 412
35 420 436
36 342 448
37 314 432
38 336 401
39 296 351
40 236 355
41 259 400
42 260 417
43 201 430
44 171 419
45 139 400
46 159 353
47 188 306
48 206 258
49 142 243
50 139 281
51 106 292
52 66 250
