Duration[s]: 3601.45 Porcentaje: 0.901174 TerminoTodo: 0
Convexos: 8 VerticesConvexos: 53
0 1 2 3 4 5 6 7 8 9 10 11 37 38
12 13 14 15 16
19 20 21 22 23
18 19 23 24 25 26 27
17 18 27 28 29
12 16 17 29
32 33 34 35 36 37
11 12 29 30 31 32 37
0 68.0857 87.7429
1 123.081 57.0479
2 176 51
3 218 53
4 247 67
5 267 79
6 289 96
7 300 116
8 304 133
9 304 162
10 301 176
11 249 358
12 305 358
13 315 249
14 356 217
15 393 273
16 386 304
17 438 309
18 483 262
19 411 167
20 421 91
21 529 60
22 502 101
23 487 116
24 545 168
25 558 194
26 577 267
27 577 342.691
28 420 418
29 378 388
30 380 439
31 328 455
32 265 448
33 214 467
34 128 477
35 100.642 477
36 88 400
37 183 411
38 20 130
