Duration[s]: 106.664 Porcentaje: 0.703902 TerminoTodo: 1
Convexos: 4 VerticesConvexos: 44
0 1 2 3 4 5 6 7 8 32 33 34 35 36 37
10 11 12 13 14 15 16 17
18 19 20 21 22 23 24 25 26 27 28 29 30
8 9 10 17 18 30 31 32
0 65 315
1 67 289
2 75 275
3 152 178
4 174 171
5 213 171
6 242 184
7 258 202
8 266 273
9 287 172
10 320 109
11 135 151
12 90 139
13 84 74
14 112 58
15 146 48
16 394 17
17 407 35
18 545 35
19 562 47
20 605 88
21 623 142
22 635 209
23 639 252
24 596 332
25 557 378
26 497 414
27 455 427
28 428 423
29 402 384
30 429 298
31 284 385
32 245 398
33 215 405
34 167 405
35 137 403
36 82.8605 370.291
37 66.7273 346.091
