Duration[s]: 3600.54 Porcentaje: 0.903386 TerminoTodo: 0
Convexos: 6 VerticesConvexos: 45
0 1 2 3 4 31 32 33 34
4 5 6 7 8 9 10 11
15 16 17 18 19 20
13 14 15 20 21 22
23 24 25 26 27
4 11 12 13 22 23 27 28 29 30 31
0 45 121.029
1 153.524 54
2 212.714 54
3 241 63
4 245 105
5 337 86
6 383 127
7 388 198
8 387 217
9 367 231
10 337 233
11 318 218
12 343 273
13 341 309
14 415 342
15 480 390
16 476 243
17 517 227
18 556 284
19 575 359
20 487.536 450.323
21 383 448
22 266 396
23 226 431
24 309 462
25 270.882 480
26 189.75 480
27 131.755 433.604
28 125 362
29 125 334
30 126 305
31 159 211
32 99 206
33 74 203
34 45 181
