Duration[s]: 3601.14 Porcentaje: 0.902475 TerminoTodo: 0
Convexos: 5 VerticesConvexos: 43
0 1 27 28 29 30 31 32 33 34
6 7 8 9 10 11 12 13 14 15 16 17
17 18 19 20 21 22 23 24 25 26
2 3 4 5 6
1 2 6 17 26 27
0 132 352
1 171 310
2 143 268
3 92 319
4 51 280
5 35 254
6 102 119
7 67 105
8 105 53
9 125 32
10 163 29
11 435.171 42.3016
12 499.343 65.4035
13 546 111
14 562 133
15 569.018 155.058
16 574 261.333
17 574 298.421
18 533 402
19 506.9 444.412
20 468 459
21 414.923 474
22 400 474
23 393 473
24 367 467
25 352 451
26 309 369
27 262 375
28 299 414
29 299 439
30 255 443
31 203 438
32 149.911 425.508
33 129 409
34 111 385
