Duration[s]: 270.926 Porcentaje: 0.70001 TerminoTodo: 1
Convexos: 4 VerticesConvexos: 37
0 1 2 29 30
7 8 9 10 11 12 13 14 15 16
16 17 18 19 20 21 22 23 24 25 26 27
2 3 4 5 6 7 16 27 28 29
0 14 328
1 93 219
2 152 193
3 151 119
4 171 62
5 323 19
6 463 31
7 537 67
8 583 45
9 603 37
10 611 57
11 631.745 157.957
12 639 216
13 620 312
14 600 322
15 574 327
16 414 184
17 461 259
18 500 323
19 509 345
20 493 378
21 442 395
22 406 398
23 340 388
24 288 373
25 243 348
26 259 319
27 350 227
28 240 291
29 170 288
30 167 386
