Duration[s]: 3600.74 Porcentaje: 0.904816 TerminoTodo: 0
Convexos: 6 VerticesConvexos: 51
0 1 2 3 4 5 6 7 39 40
12 13 14 15 16 17 18 19 20 21
32 33 34 35 36 37 38
21 22 23 24 25 26 27 28 29 30 31
11 12 21 31 32 38 39
7 8 9 10 11 39
0 47 112.471
1 126 66
2 207 70
3 216 85
4 217 106
5 217 123
6 212 139
7 192 174
8 302 122
9 336 119
10 346 157
11 280 199
12 356 211
13 368 159
14 414 113
15 455 83
16 491 79
17 568 80
18 590 111
19 570 145
20 533 190
21 473 234
22 565 236
23 594 304
24 597 315
25 599 347
26 599 355.111
27 557.981 391.572
28 486.609 408.933
29 461 410
30 423 410
31 206 351
32 149 370
33 253 430
34 239 438
35 181 449
36 133.843 440.87
37 75.2 392
38 71 343
39 91 316
40 47 177.714
