Duration[s]: 86.0183 Porcentaje: 0.712561 TerminoTodo: 1
Convexos: 8 VerticesConvexos: 46
0 1 2 30 31
3 4 5 6 7 8 9
9 10 11 12
3 9 12 13 14 15 16 17 18
20 21 22
22 23 24 25
20 22 25 26 27 28 29
2 3 18 19 20 29 30
0 136 66
1 223 106
2 174 164
3 271 176
4 248 117
5 226 41
6 418 55
7 609 133
8 549 186
9 412 200
10 573 216
11 553 237
12 518 264
13 614 340
14 615 373
15 609 385
16 578 385
17 518 369
18 392 285
19 470 356
20 141 356
21 540 399
22 143 404
23 465 426
24 152 424
25 101 411
26 92 394
27 90 303
28 93 277
29 106 244
30 136 208
31 65 102
