Duration[s]: 3600.58 Porcentaje: 0.805702 TerminoTodo: 0
Convexos: 6 VerticesConvexos: 40
0 1 2 3 28 29
12 13 14 15 16 17 18
7 8 9 10 11 12 18 19
6 7 19 20 21
3 4 5 6 21 22
3 22 23 24 25 26 27 28
0 49.3729 87.9068
1 157 61
2 210 86
3 234 112
4 373.627 35
5 504.625 35
6 598 118
7 592 219
8 616 239
9 639 295
10 639 402.844
11 580 401
12 416 372
13 342 433
14 286 446
15 183 394
16 240 342
17 341 286
18 467 268
19 526 225
20 439 209
21 505 145
22 372 133
23 405 224
24 114 324
25 87 319
26 41.948 293.971
27 53 247
28 94 186
29 39 167
