Duration[s]: 128.314 Porcentaje: 0.80234 TerminoTodo: 1
Convexos: 6 VerticesConvexos: 38
0 1 2 3 4 23 24 25 26 27
6 7 8 9 10
5 6 10 11 12
4 5 12 13 14 15
15 16 17 18 19 20 21 22
4 15 22 23
0 163 218
1 172 191
2 200 143
3 212 141
4 472 120
5 327 64
6 202 77
7 125 127
8 86 108
9 154.535 49.9192
10 274.301 25.2617
11 410 23
12 429 29
13 497 81
14 536 118
15 543 140
16 618 104
17 601 289
18 554.392 422.745
19 494 462
20 400 449
21 339 419
22 389 328
23 360 296
24 279 364
25 225 371
26 191 336
27 163 277
