Duration[s]: 3601.26 Porcentaje: 0.906137 TerminoTodo: 0
Convexos: 9 VerticesConvexos: 61
0 1 43 44
15 16 17 18 19 20 21 22 23
11 12 13 14 15 23 24
8 9 10 11 24 25 26
28 29 30 31 32 33 34 35 36 37 38
26 27 28 38 39
7 8 26 39 40
2 3 4 5 6 7 40
1 2 40 41 42 43
0 14 328
1 93 219
2 152 193
3 151 119
4 171 62
5 323 19
6 354 43
7 322 120
8 399 121
9 390 45
10 463 31
11 537 67
12 583 45
13 603 37
14 611 57
15 631.745 157.957
16 639 216
17 620 312
18 600 322
19 574 327
20 563 316
21 524 218
22 538 186
23 594 166
24 544 133
25 512 167
26 414 184
27 461 259
28 500 323
29 509 345
30 493 378
31 442 395
32 406 398
33 340 388
34 288 373
35 243 348
36 259 319
37 302 309
38 350 304
39 350 227
40 264 180
41 267 260
42 240 291
43 170 288
44 167 386
