Duration[s]: 610.064 Porcentaje: 0.803268 TerminoTodo: 1
Convexos: 11 VerticesConvexos: 58
0 1 2 36 37
5 6 7 8 9
9 10 11 12 13
16 17 18 19 20 21 22
13 14 15 16 22
3 4 5 9 13 22
26 27 28
28 29 30 31
26 28 31 32 33 34 35
24 25 26
2 3 22 23 24 26 35 36
0 136 66
1 223 106
2 174 164
3 271 176
4 248 117
5 275 83
6 226 41
7 418 55
8 449 90
9 298 90
10 554 114
11 609 133
12 549 186
13 412 200
14 573 216
15 553 237
16 518 264
17 614 340
18 615 373
19 609 385
20 578 385
21 518 369
22 395 270
23 392 285
24 370 327
25 470 356
26 141 356
27 540 399
28 143 404
29 465 426
30 152 424
31 101 411
32 92 394
33 90 303
34 93 277
35 106 244
36 136 208
37 65 102
