Duration[s]: 3600.28 Porcentaje: 0.801094 TerminoTodo: 0
Convexos: 4 VerticesConvexos: 38
0 1 2 26 27 28 29 30 31
16 17 18 19 20 21
8 9 10 11 12 13 14 15 16 21 22
2 3 4 5 6 7 8 22 23 24 25 26
0 40 270
1 49 261
2 140 254
3 129 230
4 121 174
5 129 163
6 144 158
7 169 151
8 257 211
9 228 163
10 225 149
11 235 127
12 274 105
13 313 98
14 434.035 114.694
15 513.032 226.82
16 502 357
17 553 387
18 564 404.6
19 564 437.929
20 451 446
21 445 410
22 372 365
23 346 420
24 290 433
25 267 432
26 235 408
27 204 434
28 185 443
29 163 442
30 51.59 426.808
31 40 297
