Duration[s]: 3600.09 Porcentaje: 0.901259 TerminoTodo: 0
Convexos: 8 VerticesConvexos: 62
0 1 2 3 45 46 47
13 14 15 16 17 18 19
20 21 22 23 24
12 13 19 20 24 25 26 27 28 29
8 9 10 11 12 29 30 31 32 33 34
4 5 6 7 8 34 35 36 37 38 39
40 41 42 43 44 45
3 4 39 40 45
0 88 102
1 121 78
2 150 97
3 151 124
4 210 127
5 217 76
6 223 55
7 261 50
8 286 105
9 338 72
10 361 63
11 376 61
12 413 83
13 456 59
14 464 43
15 482 42
16 531 52
17 545 77
18 520 101
19 503 107
20 536 245
21 596 248
22 607 282
23 602 296
24 548 338
25 547 358
26 542 373
27 495 386
28 474 383
29 437 321
30 439 399
31 425.588 418
32 367 418
33 342 405
34 287 326
35 287 380
36 251 398
37 218 394
38 207 368
39 200 322
40 174 303
41 171 390
42 136 399
43 108 369
44 97 283
45 149 232
46 122 213
47 72 172
