Duration[s]: 3604.23 Porcentaje: 0.902929 TerminoTodo: 0
Convexos: 8 VerticesConvexos: 60
0 1 2 44 45
2 3 4 5 6 7 8
9 10 11 12 13 14 15
23 24 25 26 27 28
19 20 21 22 23 28 29
9 15 16 17 18 19 29 30 31 32 33 34
40 41 42 43 44
2 8 9 34 35 36 37 38 39 40 44
0 40 270
1 49 261
2 140 254
3 129 230
4 121 174
5 129 163
6 144 158
7 169 151
8 212 210
9 257 211
10 228 163
11 225 149
12 235 127
13 274 105
14 313 98
15 327 143
16 371 124
17 399 115
18 440.661 113.611
19 446 163
20 468 171
21 476 180
22 513.175 225.141
23 502 357
24 553 387
25 564 404.6
26 564 437.929
27 451 446
28 445 410
29 372 365
30 346 420
31 290 433
32 267 432
33 235 408
34 221 378
35 204 434
36 185 443
37 163 442
38 144 430
39 133 421
40 99 392
41 98 430
42 48.957 426.73
43 53 358
44 78 350
45 40 297
