Duration[s]: 3602.24 Porcentaje: 0.901956 TerminoTodo: 0
Convexos: 9 VerticesConvexos: 68
0 1 49 50 51
3 4 5 6 7 8 9 10
12 13 14 15 16 17 18
19 20 21 22 23
24 25 26 27 28 29 30 31 32 33
11 12 18 19 23 24 33
2 3 10 11 33 34
41 42 43 44 45 46 47 48
1 2 34 35 36 37 38 39 40 41 48 49
0 77 230
1 143 242
2 204 218
3 199 193
4 105 176
5 100 133
6 137 120
7 199 127
8 238 147
9 260 167
10 260 183
11 329 205
12 344 170
13 321 157
14 404 87
15 486 69
16 532 72
17 474 165
18 449 172
19 555 210
20 556 129
21 594 141
22 620 191
23 595 232
24 531 322
25 597 348
26 601 363
27 604 390
28 600 397
29 544.842 424.579
30 502 435
31 477 432
32 444 412
33 419 304
34 399 341
35 405 356
36 419 405
37 411 439
38 377 440
39 307 442
40 252 420
41 209 399
42 193 436
43 151 451
44 75.1758 451
45 67 427
46 58 395
47 58 352
48 126 314
49 97 279
50 63 297
51 5 245
