Duration[s]: 3601.37 Porcentaje: 0.801223 TerminoTodo: 0
Convexos: 7 VerticesConvexos: 48
0 1 2 3 4 5 35
10 11 12 13 14 15 16
7 8 9 10 16 17
18 19 20 21 22 23
6 7 17 18 23 24 25 26 27
6 27 28 29 30 31 32
5 6 32 33 34 35
0 80 166
1 119 117
2 191 73.8
3 277 48
4 308 59
5 232 155
6 307 242
7 282 177
8 280 115
9 282 95
10 410.163 50.2052
11 472 101
12 473 132
13 451 162
14 395 182
15 363 157
16 358 144
17 322 177
18 438 232
19 478 168
20 524 143
21 616 213
22 617 279
23 520 323
24 546 370
25 551.474 426.566
26 492 434
27 354 347
28 357 421
29 274 435
30 259.857 435
31 267 385
32 275 346
33 175 355
34 108.168 301.244
35 80 241.778
