Duration[s]: 3600.71 Porcentaje: 0.901945 TerminoTodo: 0
Convexos: 7 VerticesConvexos: 60
0 1 2 3 37 38 46 47
16 17 18 19 20 21 22 23
25 26 27 28 29 30 31
10 11 12 13 14 15 16 23 24 25 31 32
9 10 32 33 34 35 36 37
3 4 5 6 7 8 9 37
38 39 40 41 42 43 44 45 46
0 40 279
1 43 267
2 49 261
3 140 254
4 129 230
5 121 174
6 129 163
7 144 158
8 169 151
9 212 210
10 257 211
11 228 163
12 225 149
13 235 127
14 274 105
15 313 98
16 371 142
17 371 124
18 399 115
19 429 114
20 442 126
21 504 214
22 512 239
23 483 263
24 503 322
25 502 357
26 553 387
27 563 403
28 564 431
29 549 439
30 451 446
31 445 410
32 372 365
33 346 420
34 290 433
35 267 432
36 235 408
37 221 378
38 181 383
39 202 425
40 204 434
41 185 443
42 176.364 443.822
43 53 427
44 50 409
45 53 358
46 78 350
47 40 297
