Duration[s]: 3603.31 Porcentaje: 0.901964 TerminoTodo: 0
Convexos: 12 VerticesConvexos: 77
0 51 52 53 54
4 5 6 7 8
9 10 11 12 13 14 15
18 19 20 21
17 18 21 22 23 24 25 26 27 28
29 30 31 32 33 34 35 36
16 17 28 29 36 37
40 41 42 43 44 45 46 47
39 40 47 48 49
16 37 38 39 49 50
2 3 4 8 9 15 16 50
0 1 2 50 51
0 14 340
1 52 305
2 81 294
3 25 253
4 56 207
5 42 92
6 144 56
7 182 71
8 152 131
9 221 131
10 274 82
11 338 53
12 432 78
13 556 161
14 533 226
15 368 201
16 339 238
17 457 298
18 576 236
19 595 165
20 620 242
21 586 303
22 583 348
23 556 397
24 540 415
25 525 426
26 486 423
27 465 397
28 452 331
29 409 375
30 472 450
31 467 469
32 424 466
33 402 455
34 389 434
35 332 340
36 366 333
37 322 277
38 285 350
39 226 369
40 211 404
41 340 390
42 349 437
43 327 460
44 275 473
45 173 465
46 140 450
47 164 411
48 125 395
49 184 340
50 148 314
51 76 342
52 127 345
53 82 384
54 54 393
