Duration[s]: 3600.38 Porcentaje: 0.900319 TerminoTodo: 0
Convexos: 8 VerticesConvexos: 54
0 37 38 39
5 6 7 8 9
14 15 16 17 18 19 20
9 10 11 12 13 14 20 21
22 23 24 25 26 27 28 29 30 31 32 33 34
4 5 9 21 22 34 35
1 2 3 4 35 36
0 1 36 37
0 154.535 49.9192
1 285.286 23
2 421.154 23
3 497 81
4 536 118
5 543 140
6 618 104
7 615 131
8 590 168
9 516 195
10 576 192
11 604 223
12 601 289
13 578 355
14 456 361
15 554 423
16 494 462
17 400 449
18 339 419
19 351 406
20 398 357
21 389 328
22 360 296
23 279 364
24 225 371
25 191 336
26 163 277
27 163 218
28 172 191
29 200 143
30 212 141
31 309 137
32 339 142
33 375 149
34 421 188
35 472 120
36 327 64
37 202 77
38 125 127
39 86 108
