Duration[s]: 3607.63 Porcentaje: 0.900689 TerminoTodo: 0
Convexos: 8 VerticesConvexos: 63
0 1 2 43 44 45 46 47 48
33 34 35 36 37 38 39 40 41
29 30 31 32 33 41 42
4 5 6 7 8 9
3 4 9 10 11 12 13
16 17 18 19 20 21 22 23 24
3 13 14 15 16 24 25
2 3 25 26 27 28 29 42 43
0 115 298
1 137 270
2 243 282
3 262 231
4 204 201
5 227 260
6 184 243
7 126 191
8 125 158
9 158 138
10 185 76
11 210 57
12 253 66
13 267 106
14 294 70
15 325 51
16 375 78
17 376 57
18 379 48
19 387 38
20 402 38
21 437 48
22 503 76
23 455 99
24 396 107
25 412 138
26 449 129
27 538 154
28 533 168
29 478 211
30 512 215
31 528 232
32 528 297
33 510 320
34 578 305
35 594 339
36 598 408
37 598 417.816
38 549 432
39 493 428
40 445 391
41 427 353
42 339 304
43 290 333
44 335 392
45 341 418
46 276 430
47 220.333 408.026
48 132.252 345.442
