Duration[s]: 3600.37 Porcentaje: 0.810559 TerminoTodo: 0
Convexos: 7 VerticesConvexos: 44
0 1 2 3 26 30 31
4 5 6 7 8 9 10
15 16 17 18 19 20
14 15 20 21
21 22 23 24 25
3 4 10 11 12 13 14 21 25 26
26 27 28 29 30
0 72 53
1 103 25
2 182 120
3 162 186
4 268 144
5 262 146
6 160 53
7 162 31
8 192 29
9 352.601 34.9045
10 448 82
11 485 132
12 488 161
13 478 206
14 407 277
15 437 316
16 522 246
17 571 226
18 549.493 468.55
19 399 475
20 361 407
21 274 330
22 222 440
23 183 427
24 170 366
25 233 320
26 124 231
27 93 328
28 60 339
29 60 274
30 62 199
31 8 151
