Duration[s]: 52.3401 Porcentaje: 0.800413 TerminoTodo: 1
Convexos: 6 VerticesConvexos: 46
0 1 2 34 35
7 8 9 10 11 12 13 14 15 16 17 18
19 20 21 22 23 24 25 26 27 28 29 30
19 30 31
3 4 5 6 7 18 19 31
2 3 31 32 33 34
0 14 328
1 93 219
2 152 193
3 151 119
4 171 62
5 323 19
6 463 31
7 537 67
8 583 45
9 603 37
10 611 57
11 631.745 157.957
12 639 216
13 620 312
14 600 322
15 574 327
16 563 316
17 524 218
18 512 167
19 414 184
20 461 259
21 500 323
22 509 345
23 493 378
24 442 395
25 406 398
26 340 388
27 288 373
28 243 348
29 259 319
30 350 227
31 264 180
32 267 260
33 240 291
34 170 288
35 167 386
