Duration[s]: 126.839 Porcentaje: 0.708628 TerminoTodo: 1
Convexos: 5 VerticesConvexos: 40
0 1 2 3 4 27 28 29 30 31
14 15 16 17 18 19 20 21 22 23
13 14 23 24 25
7 8 9 10 11 12 13 25 26
4 5 6 7 26 27
0 19 308
1 20 270
2 25 160
3 61 63
4 154 39
5 260 14
6 325 11
7 338 45
8 412 12
9 570.256 70.5149
10 616 230
11 547 351
12 517 358
13 474 340
14 410 366
15 392 438
16 279 438
17 265 436
18 227 419
19 210 408
20 203 397
21 194 375
22 195 344
23 236 248
24 231 218
25 321 189
26 298 112
27 215 91
28 201 156
29 171 274
30 119 385
31 25 394
