Duration[s]: 27.1134 Porcentaje: 0.625317 TerminoTodo: 1
Convexos: 3 VerticesConvexos: 34
0 1 2 3 4 11 22 23 24 25 26 27 28 29
11 12 13 14 15 16 17 18 19 20 21 22
4 5 6 7 8 9 10 11
0 65 315
1 67 289
2 75 275
3 152 178
4 320 109
5 135 151
6 90 139
7 84 74
8 112 58
9 146 48
10 394 17
11 550.045 35.6014
12 605 88
13 623 142
14 635 209
15 639 252
16 596 332
17 557 378
18 497 414
19 455 427
20 428 423
21 402 384
22 429 298
23 284 385
24 245 398
25 215 405
26 167 405
27 137 403
28 82.8605 370.291
29 66.7273 346.091
