Duration[s]: 591.899 Porcentaje: 0.605598 TerminoTodo: 1
Convexos: 4 VerticesConvexos: 38
0 1 2 3 4 28 29 30 31
6 7 8 9 10 11 12 13 14 15 16 17
19 20 21 22 23 24 25 26
4 5 6 17 18 19 26 27 28
0 14 340
1 42 92
2 144 56
3 182 71
4 221 131
5 274 82
6 338 53
7 432 78
8 595 165
9 620 242
10 583 348
11 550.266 407.406
12 467 469
13 424 466
14 402 455
15 389 434
16 332 340
17 322 277
18 285 350
19 211 404
20 340 390
21 349 437
22 327 460
23 275 473
24 173 465
25 140 450
26 164 411
27 125 395
28 148 314
29 127 345
30 82 384
31 54 393
