Duration[s]: 3602.04 Porcentaje: 0.900225 TerminoTodo: 0
Convexos: 5 VerticesConvexos: 46
0 1 12 13 20 21 29 30 35 36 37
1 2 3 4 5 6 7 8 9 10 11 12
13 14 15 16 17 18 19 20
21 22 23 24 25 26 27 28 29
30 31 32 33 34 35
0 51 300
1 101 274
2 92 255
3 81 230
4 84 174
5 105 139
6 134.412 109.588
7 181 87
8 270 48
9 326 35
10 359 47
11 395 89
12 400 139
13 495 167
14 532 76
15 568 82
16 569 122
17 555 169
18 536 207
19 510 230
20 471 250
21 443 307
22 564 287
23 598 323
24 598 340.295
25 351 435
26 317 429
27 273 417
28 249 405
29 231 389
30 156 407
31 226 442
32 158 459
33 123 443
34 90 417
35 92 385
36 36 351
37 35 312
