Duration[s]: 3600.98 Porcentaje: 0.70105 TerminoTodo: 0
Convexos: 4 VerticesConvexos: 36
0 1 2 13 25 26 27 28 29
2 3 4 5 6 7 8 9 10 11 12 13
14 15 16 17 18 19
13 14 19 20 21 22 23 24 25
0 101.731 39.3627
1 131 31
2 287 48
3 319 43
4 444.118 43
5 536.534 121.554
6 538 189
7 536 227
8 535 240
9 523 256
10 468 326
11 454 339
12 426 352
13 364 224
14 382 380
15 547 313
16 575 349
17 478.847 434.469
18 370 441
19 316 415
20 231 432
21 134.693 412.245
22 139 362
23 188 324
24 258 274
25 290 254
26 152 266
27 102 239
28 68 196
29 20 131
