Duration[s]: 3602.19 Porcentaje: 0.900201 TerminoTodo: 0
Convexos: 8 VerticesConvexos: 60
0 1 42 43 44 45
5 6 7 8 9 10 11 12 13
14 15 16 17 18 19 20 21
21 22 23 24 25
5 13 14 21 25 26 27 28 29 30
4 5 30 31 32 33 34
2 3 4 34 35 36 37 38 39 40 41
1 2 41 42
0 65 347
1 89 321
2 85 263
3 109 227
4 160 253
5 183 218
6 119 170
7 116 114
8 114.725 82.124
9 153 76
10 169 79
11 212 94
12 270 124
13 278 160
14 351 165
15 350 131
16 354 103
17 366 97
18 373 95
19 399 91
20 454 114
21 446 179
22 506 140
23 528.263 137.526
24 547 175
25 545 199
26 606.309 237.174
27 612 314
28 585 329
29 534 325
30 447 306
31 500 363
32 515.368 395.133
33 452 391
34 318 351
35 384 395
36 430 428
37 416 442
38 390 442
39 310 428
40 265 399
41 164 330
42 131 358
43 173 401
44 116 412
45 73 379
