Duration[s]: 1184.95 Porcentaje: 0.800389 TerminoTodo: 1
Convexos: 7 VerticesConvexos: 52
0 1 2 3 4 5 6 38 39
9 10 11 12 13 14 15
16 17 18 19 20 21 22 23
8 9 15 16 23 24 25
27 28 29 30 31 32 33 34 35 36
26 27 36 37
6 7 8 25 26 37 38
0 54 49.4623
1 344 18
2 506 14
3 564 26
4 546 51
5 535 65
6 440 125
7 561 138
8 517 216
9 476 268
10 528 271
11 567 281
12 582 319
13 522 346
14 465 323
15 446 288
16 375 322
17 446 391
18 458 410
19 365 444
20 332 431
21 287 406
22 292 389
23 343 326
24 301 275
25 345 252
26 286 231
27 222 276
28 227 347
29 182 400
30 145 393
31 69.2029 332.362
32 63 306
33 66 272
34 96 202
35 121 184
36 184 196
37 233 211
38 190 110
39 54 99
