Duration[s]: 3601.04 Porcentaje: 0.903334 TerminoTodo: 0
Convexos: 8 VerticesConvexos: 52
0 32 33 34 35 36 37
10 11 12 13 14
9 10 14 15 16
8 9 16 17 18 19
19 20 21 22 23 24
25 26 27 28 29 30
7 8 19 24 25 30 31
0 1 2 3 4 5 6 7 31 32
0 163 218
1 172 191
2 200 143
3 212 141
4 309 137
5 339 142
6 375 149
7 421 188
8 472 120
9 327 64
10 202 77
11 125 127
12 86 108
13 154.535 49.9192
14 274.301 25.2617
15 410 23
16 429 29
17 497 81
18 536 118
19 543 140
20 618 104
21 601 289
22 578 355
23 537 354
24 526 327
25 456 361
26 554 423
27 494 462
28 400 449
29 339 419
30 389 328
31 360 296
32 296 288
33 285 340
34 279 364
35 225 371
36 191 336
37 163 277
