Duration[s]: 3600.78 Porcentaje: 0.900278 TerminoTodo: 0
Convexos: 9 VerticesConvexos: 56
0 4 5 34 38 39
0 1 2 3 4
6 7 8 9 10 11 12 13 14 15 16
28 29 30 31 32 33
18 19 20 21 22
22 23 24 25 26 27
17 18 22 27 28
5 6 16 17 28 33 34
34 35 36 37 38
0 67 118
1 72 53
2 103 25
3 182 120
4 124 154
5 162 186
6 316 165
7 262 146
8 160 53
9 162 31
10 192 29
11 328 34
12 369 43
13 448 82
14 485 132
15 488 161
16 478 206
17 407 277
18 462 324
19 522 246
20 571 226
21 538 338
22 508 381
23 553 429
24 539 469
25 399 475
26 361 407
27 361 381
28 274 330
29 222 440
30 193.215 434.308
31 183 427
32 170 366
33 233 320
34 124 231
35 93 328
36 60 339
37 60 274
38 62 199
39 8 151
