Duration[s]: 3600.31 Porcentaje: 0.90307 TerminoTodo: 0
Convexos: 8 VerticesConvexos: 56
0 1 34 35 41
13 14 15 16 17 18 19 20
24 25 26 27 28 29 30
12 13 20 21 22 23 24 30
7 8 9 10 11 12 30 31
3 4 5 6 7 31 32
1 2 3 32 33 34
35 36 37 38 39 40 41
0 39 215.226
1 101.066 77.0423
2 197 49
3 284 37
4 352.182 12
5 447.5 12
6 434 57
7 420 87
8 484 104
9 492 109
10 539.512 174.07
11 542 189
12 374 199
13 374 252
14 409 217
15 454 243
16 489 284
17 496 299
18 392 360
19 349 363
20 285 354
21 230 338
22 206 313
23 203 289
24 253 219
25 185 226
26 176 208
27 173 163
28 211 154
29 284 139
30 300 186
31 383 110
32 311 74
33 284 95
34 137 123
35 96 192
36 118 296
37 118 301
38 113 317
39 92 333
40 51.3182 337.068
41 39 257
