Duration[s]: 3600.57 Porcentaje: 0.900167 TerminoTodo: 0
Convexos: 15 VerticesConvexos: 75
0 1 2 45 46
5 6 7 8 9
9 10 11 12
12 13 14 15
25 26 27 28 29
19 20 21 22 23 24 25 29
17 18 19 29
15 16 17 29
3 4 5 9 12 15 29
31 32 33
35 36 37
37 38 39 40
35 37 40 41 42 43 44
33 34 35
2 3 29 30 31 33 35 44 45
0 136 66
1 223 106
2 174 164
3 271 176
4 248 117
5 275 83
6 226 41
7 418 55
8 449 90
9 298 90
10 554 114
11 609 133
12 457 146
13 573 161
14 549 186
15 412 200
16 573 216
17 417 218
18 553 237
19 518 264
20 614 340
21 615 373
22 609 385
23 578 385
24 518 369
25 395 270
26 392 285
27 374 306
28 358 295
29 333 210
30 320 250
31 306 291
32 370 327
33 221 327
34 470 356
35 141 356
36 540 399
37 143 404
38 465 426
39 152 424
40 101 411
41 92 394
42 90 303
43 93 277
44 106 244
45 136 208
46 65 102
