Duration[s]: 3600.88 Porcentaje: 0.900918 TerminoTodo: 0
Convexos: 8 VerticesConvexos: 64
0 1 42 43 44 45 46 47 48 49
6 7 8 9 10 11 12 13
5 6 13 14
15 16 17 18 19 20 21 22 23
29 30 31 32 33 34 35 36 37 38
14 15 23 24 25 26 27 28 29 38 39
3 4 5 14 39 40 41
1 2 3 41 42
0 112 388
1 177 347
2 90 279
3 127 258
4 102 221
5 173 191
6 179 145
7 102 180
8 30 117
9 48 81
10 89 49
11 232 64
12 273 74
13 282 97
14 267 158
15 319 125
16 324 67
17 342 52
18 374 40
19 401 34
20 416 33
21 478 49
22 494 78
23 446 110
24 518 102
25 577 112
26 601 125
27 608 150
28 606 187
29 535 218
30 549 261
31 539 311
32 505 326
33 427 342
34 390 345
35 327 325
36 301 282
37 325 242
38 352 223
39 299 196
40 255 250
41 229 277
42 291 340
43 343 364
44 360 391
45 342 424
46 286 443
47 241 444
48 163.624 428.238
49 126 405
