Duration[s]: 394.904 Porcentaje: 0.802359 TerminoTodo: 1
Convexos: 4 VerticesConvexos: 46
0 1 2 3 4 5 6 7 37 38 39
28 29 30 31 32 33 34 35
15 16 17 18 19 20 21 22 23 24 25 26 27
7 8 9 10 11 12 13 14 15 27 28 35 36 37
0 60.4926 104.534
1 126 66
2 207 70
3 216 85
4 217 106
5 217 123
6 212 139
7 192 174
8 302 122
9 455 83
10 491 79
11 568 80
12 590 111
13 570 145
14 533 190
15 473 234
16 565 236
17 594 304
18 597 315
19 599 347
20 599 355.111
21 557.091 392.364
22 485 409
23 461 410
24 423 410
25 374 396
26 332 382
27 280 363
28 149 385
29 225 415
30 253 430
31 239 438
32 181 449
33 133.843 440.87
34 86 401
35 74 378
36 71 343
37 68 241
38 49 184
39 47 166
