Duration[s]: 3600.7 Porcentaje: 0.900064 TerminoTodo: 0
Convexos: 9 VerticesConvexos: 54
0 1 14 15 35 36 37
2 3 4 5 6
7 8 9 10
6 7 10 11
1 2 6 11 12 13 14
27 28 29 30 31 32
25 26 27 32 33
24 25 33 34 35
15 16 17 18 19 20 21 22 23 24 35
0 115 262
1 183 201
2 142 142
3 80 115
4 144 51
5 278 35
6 280 129
7 396 103
8 484 35
9 509 89
10 435 164
11 282 153
12 275 188
13 242 229
14 230 236
15 241 296
16 273 244
17 334 232
18 364 227
19 410 229
20 465 244
21 483 258
22 498 292
23 497 324
24 476 384
25 562 391
26 545 339
27 579 243
28 497 202
29 550 122
30 583 141
31 605 170
32 609 237
33 583.807 406.354
34 473.625 439
35 257.571 439
36 86.1485 391.633
37 79 313
