Duration[s]: 3600.45 Porcentaje: 0.813008 TerminoTodo: 0
Convexos: 6 VerticesConvexos: 49
0 1 2 12 37 38
2 3 4 5 6 7 8 9 10 11 12
14 15 16 17 18 19 20
14 20 21 22 23 24 25 26
13 14 26 27 28 29 30 31 32
12 13 32 33 34 35 36 37
0 28 135
1 80 112
2 168 183
3 115 100
4 114 63
5 138.587 31.8564
6 215 43
7 268 55
8 296 68
9 313 87
10 328 119
11 301 178
12 205 214
13 241 239
14 349 186
15 337 115
16 338 76
17 499 30
18 559.405 32.4655
19 567 75
20 504 138
21 535 160
22 558 244
23 587 365
24 555 367
25 520 359
26 407 245
27 409 343
28 382 366
29 345 378
30 335 377
31 315 369
32 265 293
33 226 374
34 138 406
35 131 386
36 104 279
37 103 237
38 30 158
