Duration[s]: 3601.76 Porcentaje: 0.901157 TerminoTodo: 0
Convexos: 8 VerticesConvexos: 57
0 1 2 36 37 38 39 40 41 42
21 22 23 24 25 26
20 21 26 27 28
13 14 15 16 17 18 19 20 28
12 13 28 29 30
8 9 10 11 12 30 31
7 8 31 32 33 34 35
2 3 4 5 6 7 35 36
0 49 264
1 53 247
2 94 186
3 39 167
4 49.3729 87.9068
5 157 61
6 210 86
7 234 112
8 323 71
9 370 37
10 432 35
11 526 54
12 598 118
13 592 219
14 616 239
15 639 295
16 639 316.5
17 624.783 394.696
18 612 402
19 580 401
20 467 363
21 416 372
22 342 433
23 286 446
24 183 394
25 240 342
26 321 347
27 341 286
28 545 254
29 439 209
30 505 145
31 372 133
32 405 224
33 345 224
34 309 219
35 285 190
36 238 200
37 282 245
38 289 262
39 114 324
40 87 319
41 69 309
42 56 284
