Duration[s]: 3601.31 Porcentaje: 0.902284 TerminoTodo: 0
Convexos: 7 VerticesConvexos: 46
0 1 17 18 33
7 8 9 10 11 12 13 14 15
3 4 5 6 7 15 16
1 2 3 16 17
19 20 21 22 23 24 25 26 27
28 29 30 31 32 33
18 19 27 28 33
0 100 285.4
1 183.793 175.539
2 254.127 138.218
3 379 107
4 449 94
5 497.249 99.4828
6 573 167
7 593 215
8 592 261
9 555 290
10 447 316
11 411 311
12 347 249
13 383 190
14 432 178
15 499 187
16 410 159
17 348 179
18 320 263
19 405 315
20 481 349
21 488 353
22 488 367
23 459 430
24 455 436
25 419 447
26 374 459
27 294 411
28 272 418
29 302 447
30 200 458
31 158.961 449.792
32 127 422
33 100 379.118
