Duration[s]: 3602.48 Porcentaje: 0.802778 TerminoTodo: 0
Convexos: 7 VerticesConvexos: 58
0 1 2 3 43 44 45
14 15 16 17 18 19 20 21
22 23 24 25 26 27
9 10 11 12 13 14 21 22 27 28 29 30
32 33 34 35 36 37 38 39
8 9 30 31 32 39 40
3 4 5 6 7 8 40 41 42 43
0 48 418
1 52 392
2 58 363
3 100 348
4 59 296
5 81 260
6 116 245
7 184 251
8 252 268
9 330 255
10 137 209
11 106 190
12 117 181
13 178 156
14 247 139
15 91 152
16 89 119
17 89 73
18 91.2243 56.4664
19 368 32
20 412 54
21 436 99
22 483 90
23 480 65
24 558 40
25 594 46
26 594 92
27 541 126
28 556 148
29 559 177
30 564 246
31 584 255
32 605 301
33 541.883 436.944
34 451 456
35 427 451
36 386 431
37 372 396
38 372 369
39 439 336
40 313 335
41 309 416
42 265 454
43 189 446
44 157 479
45 81.2391 467.859
