Duration[s]: 3600.1 Porcentaje: 0.90022 TerminoTodo: 0
Convexos: 9 VerticesConvexos: 54
0 1 14 15 24 25 37
2 3 4 5 6
7 8 9 10
6 7 10 11
1 2 6 11 12 13 14
15 16 17 18 19 20 21 22 23 24
28 29 30 31 32
26 27 28 32 33
25 26 33 34 35 36 37
0 79 313
1 115 262
2 183 201
3 80 115
4 144 51
5 278 35
6 280 129
7 396 103
8 484 35
9 509 89
10 435 164
11 282 153
12 275 188
13 242 229
14 218 254
15 269 275
16 273 244
17 334 232
18 364 227
19 410 229
20 465 244
21 483 258
22 498 292
23 497 324
24 452 354
25 476 384
26 562 391
27 545 339
28 579 243
29 497 202
30 550 122
31 603.99 153.085
32 609 237
33 583.807 406.354
34 504 430
35 369 439
36 257.571 439
37 86.1485 391.633
