Duration[s]: 3601.63 Porcentaje: 0.905076 TerminoTodo: 0
Convexos: 8 VerticesConvexos: 70
0 16 17 18 51 52 53 54 55
22 23 24 25 26 27 28 29 30 31 32
33 34 35 36 37 38
21 22 32 33 38
40 41 42 43 44 45
19 20 21 38 39 40 45 46 47
18 19 47 48 49 50 51
0 1 2 3 4 5 6 7 8 9 10 11 12 13 14 15 16
0 22 380
1 23 351
2 27 322
3 34 287
4 41 265
5 53 233
6 72 211
7 95 189
8 134 173
9 176 158
10 212 158
11 251 169
12 275 189
13 285 204
14 289 227
15 289 251
16 283 278
17 307 271
18 360 258
19 360 227
20 324 229
21 283 115
22 140 84
23 127 126
24 116 142
25 104 152
26 88 161
27 56 166
28 35 160
29 26 136
30 24.3489 83.1653
31 75 64
32 103 58
33 173 52
34 114 34
35 90 13
36 187 19
37 428 52
38 336 90
39 404 98
40 458 114
41 473 57
42 535 33
43 551 56
44 523 119
45 499 137
46 541 187
47 497 211
48 517 245
49 523.683 320.188
50 436 350
51 384 360
52 298 407
53 204.863 429.687
54 27 445
55 22 413
