Duration[s]: 3600.48 Porcentaje: 0.901579 TerminoTodo: 0
Convexos: 7 VerticesConvexos: 51
0 1 8 9 37 38
1 2 3 4 5 6 7
1 7 8
22 23 24 25 26 27 28 29 30
10 11 12 13 14 15 16 17 18 19 20 21 22 30
31 32 33 34 35 36
9 10 30 31 36 37
0 140 245
1 169 209
2 159 142
3 163 76
4 178 65
5 193 78
6 212 106
7 203 161
8 225 203
9 323 264
10 373 231
11 268 203
12 251 196
13 237 182
14 235 170
15 235 160
16 237 146
17 254 132
18 268 125
19 282 122
20 299 120
21 313 123
22 368 174
23 329 107
24 375 70
25 415 72
26 443 93
27 470 118
28 475 200
29 438 231
30 408 238
31 368 312
32 554 193
33 602 222
34 552 321
35 354 405
36 245.169 397.58
37 205.69 372.034
38 152.214 291.821
