Duration[s]: 3603.75 Porcentaje: 0.900412 TerminoTodo: 0
Convexos: 12 VerticesConvexos: 70
0 1 2 41 42 43 44 45 46 47
14 15 16 17
13 14 17
12 13 17 18 19
11 12 19 20
7 8 9 10 11 20 21
6 7 21 22 23 24
4 5 6 24 25 26
3 4 26 27 28 29
32 33 34 35 36 37
31 32 37 38 39 40
2 3 29 30 31 40 41
0 118 345
1 303 337
2 380 351
3 413 346
4 418 320
5 387 247
6 459 176
7 403 167
8 370 194
9 324 227
10 271 199
11 257 122
12 179 171
13 191 243
14 311 268
15 300 314
16 124 301
17 165 273
18 76 204
19 159 72
20 261 36
21 425 62
22 456 46
23 512 49
24 525 157
25 567 176
26 542 220
27 570 246
28 585 272
29 562 324
30 551 378
31 501 413
32 552 436
33 602 325
34 639 289
35 625 353
36 588 451
37 571 469
38 512 479
39 481 471
40 400 408
41 292 398
42 213 439
43 189 443
44 162 436
45 115 401
46 99 370
47 93 347
