Duration[s]: 3600.17 Porcentaje: 0.900215 TerminoTodo: 0
Convexos: 4 VerticesConvexos: 47
0 1 38 39 40
5 6 7 8 9 10 11 12 13 14 15 16 17 18 19 20 21 22 23 24 25 26 27 28 29 30 31 32 33 34 35 36
3 4 5 36 37
1 2 3 37 38
0 78 48
1 104.403 13.4733
2 237 12
3 455 19
4 537 51
5 585 165
6 593 172
7 600.172 185.149
8 628 281
9 631 320
10 595.052 408.236
11 435 452
12 404 454
13 361 449
14 298.796 434.534
15 221.573 394.378
16 172.443 354.18
17 163 329
18 155 304
19 148 277
20 144 250
21 142 225
22 142 202
23 144 168
24 147 145
25 157 120
26 172 93
27 189 76
28 205 65
29 217 58
30 230 51
31 252 45
32 273 44
33 284 44
34 297 45
35 308 48
36 417 87
37 392 47
38 166 24
39 121 249
40 57 156
