Duration[s]: 3600.69 Porcentaje: 0.601902 TerminoTodo: 0
Convexos: 5 VerticesConvexos: 42
2 3 4 5 6
1 2 6 11 12 18 19
19 20 21 22 23 24
0 1 12 13 14 15 16 17 18 28 29
1 6 7 8 9 10 11 19 24 25 26 27 28
0 136 66
1 248 117
2 275 83
3 226 41
4 405.6 41
5 449 90
6 298 90
7 554 114
8 609 133
9 573 216
10 553 237
11 518 264
12 555 294
13 614 340
14 615 373
15 615 385
16 578 385
17 518 369
18 470 356
19 141 356
20 540 399
21 465 426
22 107.733 423.717
23 92 394
24 92 362
25 90 303
26 93 277
27 106 244
28 136 208
29 65 102
