Duration[s]: 3602 Porcentaje: 0.901453 TerminoTodo: 0
Convexos: 16 VerticesConvexos: 82
0 1 2 50 51
5 6 7 8 9
9 10 11 12
12 13 14 15
27 28 29 30 31 32 33
20 21 22 23 24 25 26 27 33
17 18 19 20 33 34
15 16 17 34
3 4 5 9 12 15 34
35 36 37
37 38 39
41 42 43
43 44 45 46
41 43 46 47 48 49
39 40 41
2 3 34 35 37 39 41 49 50
0 136 66
1 223 106
2 174 164
3 271 176
4 248 117
5 275 83
6 226 41
7 405.6 41
8 449 90
9 298 90
10 554 114
11 609 133
12 457 146
13 573 161
14 549 186
15 412 200
16 573 216
17 417 218
18 553 237
19 518 264
20 500 269
21 555 294
22 614 340
23 615 373
24 609 385
25 578 385
26 518 369
27 395 270
28 392 285
29 374 306
30 358 295
31 356 285
32 355 277
33 353 228
34 333 210
35 320 240
36 325 309
37 250 311
38 370 327
39 221 327
40 470 356
41 141 356
42 540 399
43 143 404
44 465 426
45 152 424
46 92.325 408.789
47 90 303
48 93 277
49 106 244
50 136 208
51 65 102
