Duration[s]: 3600.56 Porcentaje: 0.903607 TerminoTodo: 0
Convexos: 9 VerticesConvexos: 58
0 1 40 41
13 14 15 16 17 18 19 20 21
11 12 13 21 22
8 9 10 11 22 23 24
26 27 28 29 30 31 32 33 34 35
24 25 26 35 36
7 8 24 36 37
2 3 4 5 6 7 37
1 2 37 38 39 40
0 14 328
1 93 219
2 152 193
3 151 119
4 171 62
5 323 19
6 354 43
7 322 120
8 399 121
9 390 45
10 463 31
11 606.925 37.1682
12 631.745 157.957
13 639 216
14 620 312
15 600 322
16 574 327
17 563 316
18 524 218
19 538 186
20 594 166
21 616 182
22 591 95
23 512 167
24 414 184
25 461 259
26 500 323
27 509 345
28 486.558 391.287
29 406 398
30 340 388
31 288 373
32 243 348
33 259 319
34 302 309
35 350 304
36 350 227
37 264 180
38 267 260
39 240 291
40 170 288
41 167 386
