Duration[s]: 3601.09 Porcentaje: 0.807595 TerminoTodo: 0
Convexos: 7 VerticesConvexos: 49
0 1 2 36
4 5 6 7 8 9 10 11 12 13 14
17 18 19 20
16 17 20 21 22
15 16 22 23 24 25 26 27 28
3 4 14 15 28 29
2 3 29 30 31 32 33 34 35 36
0 101.731 39.3627
1 131 31
2 181 62
3 259 50
4 319 43
5 444.118 43
6 536.534 121.554
7 538 189
8 536 227
9 535 240
10 523 256
11 468 326
12 454 339
13 426 352
14 364 224
15 334 286
16 382 380
17 473 394
18 547 313
19 575 349
20 478.847 434.469
21 370 441
22 316 415
23 231 432
24 134.693 412.245
25 139 362
26 188 324
27 258 274
28 290 254
29 272 183
30 272 207
31 233 241
32 179 262
33 152 266
34 102 239
35 68 196
36 20 131
