Duration[s]: 3600.36 Porcentaje: 0.803962 TerminoTodo: 0
Convexos: 3 VerticesConvexos: 33
0 1 2 3 4 5 6 7 8 9 10 11 28
12 13 14 15 16 17 18 19 20 21
11 12 21 22 23 24 25 26 27 28
0 55 74.1622
1 141.733 39
2 200 39
3 216 40
4 240 50
5 260 62
6 273 77
7 289 103
8 293 119
9 292 144
10 282 173
11 251 239
12 320 240
13 427 77
14 444 61
15 483 43
16 506 34
17 543 35
18 610 83.6078
19 610 152.308
20 580 195
21 518 252
22 557 332
23 568.617 401.705
24 452.41 457.282
25 392 470
26 229 459
27 141.135 416.323
28 55 283.429
