Duration[s]: 3600.88 Porcentaje: 0.906454 TerminoTodo: 0
Convexos: 9 VerticesConvexos: 72
0 1 2 3 52 53 54 55
22 23 24 25 26 27 28
30 31 32 33 34 35 36 37 38 39 40 41 42 43
22 28 29 30 43 44
22 44 45 46 47 48
15 16 17 18 19 20 21 22 48 49
12 13 14 15 49 50
8 9 10 11 12 50 51
3 4 5 6 7 8 51 52
0 19 308
1 20 270
2 44 251
3 103 237
4 51 195
5 25 160
6 37 142
7 72 132
8 126 124
9 61 63
10 154 39
11 187 32
12 214 51
13 260 14
14 325 11
15 338 45
16 412 12
17 555.682 65.1261
18 579 101
19 577 123
20 565 145
21 522 167
22 466 188
23 563 190
24 616 230
25 547 351
26 517 358
27 474 340
28 444 297
29 434 321
30 410 366
31 392 438
32 279 438
33 265 436
34 227 419
35 210 408
36 203 397
37 194 375
38 195 344
39 202 331
40 216 321
41 232 317
42 320 309
43 362 309
44 349 271
45 276 284
46 236 248
47 231 218
48 321 189
49 298 112
50 215 91
51 201 156
52 165 230
53 171 274
54 119 385
55 25 394
