Duration[s]: 3600.36 Porcentaje: 0.806038 TerminoTodo: 0
Convexos: 8 VerticesConvexos: 55
0 34 35 36 37 38 39 40
5 6 7 8 9 10
20 21 22 23 24 25 26 27
12 13 14 15 16 17 18 19 20 27 28
4 5 10 11 12 28 29
3 4 29 30 31 32
1 2 3 32 33
0 1 33 34
0 94 172
1 71 59
2 129 32
3 215 48
4 327 22
5 369 14
6 507.787 42.9139
7 560 64
8 591 124
9 537 161
10 460 104
11 486 143
12 440 171
13 480 187
14 530 212
15 547 229
16 544 284
17 509 349
18 442 373
19 412 348
20 363 268
21 375 388
22 320 422
23 253 376
24 233 208
25 233 179
26 275 146
27 348 210
28 398 164
29 353 80
30 345 164
31 214 115
32 208 78
33 156 90
34 128 138
35 192 206
36 230 289
37 217 425
38 137 400
39 102 326
40 68 253
