Duration[s]: 1948.91 Porcentaje: 0.800981 TerminoTodo: 1
Convexos: 4 VerticesConvexos: 42
0 1 2 31 32 33 34 35
3 4 5 6 7 8 9 10 11 12 13 14 15 16
18 19 20 21 22 23 24 25
2 3 16 17 18 25 26 27 28 29 30 31
0 99 467
1 88 400
2 183 411
3 162 372
4 20 130
5 68.0857 87.7429
6 123.081 57.0479
7 176 51
8 218 53
9 247 67
10 267 79
11 289 96
12 300 116
13 304 133
14 304 162
15 301 176
16 250 288
17 356 217
18 438 309
19 411 167
20 421 91
21 529 60
22 577 267
23 543 359
24 510 370
25 485 375
26 463 395
27 420 418
28 380 439
29 353.004 452.25
30 328 455
31 278 443
32 265 448
33 214 467
34 128 477
35 101.344 477
