Duration[s]: 3600.27 Porcentaje: 0.80382 TerminoTodo: 0
Convexos: 5 VerticesConvexos: 42
0 1 31 32 33
11 12 13 14 15 16 17 18 19 20 21 22
4 5 6 7 8 9 10 11 22 23 24
3 4 24 25
1 2 3 25 26 27 28 29 30 31
0 65 347
1 85 263
2 109 227
3 160 253
4 183 218
5 119 170
6 116 114
7 114.725 82.124
8 153 76
9 169 79
10 212 94
11 351 165
12 350 131
13 354 103
14 366 97
15 373 95
16 399 91
17 529.828 145.136
18 606.752 243.152
19 612 314
20 585 329
21 534 325
22 480 311
23 514.758 395.093
24 452 391
25 357 357
26 430 428
27 416 442
28 390 442
29 310 428
30 265 399
31 164 330
32 173 401
33 82.8494 418.397
