Duration[s]: 3601.4 Porcentaje: 0.901102 TerminoTodo: 0
Convexos: 6 VerticesConvexos: 58
0 1 2 3 42 43 44 45
18 19 20 21 22 23 24 25 26 27
9 10 18 27 28 29 30 31 32
33 34 35 36 37 38 39 40 41
4 5 6 7 8 9 32 33 41 42
3 4 10 11 12 13 14 15 16 17 18 42
0 12 164
1 15 101
2 79 86
3 101 112
4 149 79
5 205 57
6 307 32
7 364 48
8 371 82
9 365 108
10 459 144
11 599 178
12 624 193.625
13 624 226
14 609 331
15 581 362
16 555 381
17 542 382
18 454 346
19 472 404
20 469 412
21 388 427
22 356 426
23 327 425
24 322 404
25 324 390
26 335 383
27 404 350
28 327 356
29 289 353
30 261 336
31 254 309
32 270 253
33 172 248
34 210 297
35 223 328
36 181 357
37 145 359
38 106 340
39 86 297
40 92 265
41 122 236
42 123 172
43 95 210
44 31 253
45 12 230.96
