Duration[s]: 2479.73 Porcentaje: 0.802979 TerminoTodo: 1
Convexos: 4 VerticesConvexos: 38
0 1 2 3 4 5 31
6 7 8 9 10 11 12 13 14 15
16 17 18 19 20 21 22 23 24 25 26
5 6 15 16 26 27 28 29 30 31
0 87.5396 107.775
1 171 73
2 234 64
3 270 70
4 259 117
5 250 141
6 376 124
7 366 66
8 387 52
9 406 48
10 474.842 48
11 518.514 84.0769
12 529 104
13 531 156
14 530 174
15 499 228
16 529 284
17 569 304
18 571 337
19 473 419
20 396 430
21 373 430
22 339 420
23 315 391
24 314 368
25 366 334
26 409 311
27 264 328
28 208 330
29 157 327
30 95.1402 293.152
31 84 247
