Duration[s]: 3600.37 Porcentaje: 0.900564 TerminoTodo: 0
Convexos: 10 VerticesConvexos: 58
0 35 36 37 38 39
13 14 15 16 17 18 19 20 21
12 13 21 22
11 12 22 23
9 10 11 23 24
5 6 7 8 9 24 25
3 4 5 25 26
1 2 3 26 27
0 1 27 28
0 28 29 30 31 32 33 34 35
0 100 285.4
1 183.793 175.539
2 254.127 138.218
3 431 94
4 491.098 94
5 573 167
6 593 215
7 592 261
8 555 290
9 447 316
10 411 311
11 347 249
12 383 190
13 432 178
14 468 187
15 478 197
16 484 227
17 467 251
18 452 256
19 429 258
20 402 237
21 421 186
22 384 207
23 380 245
24 453 268
25 499 217
26 447 162
27 341 195
28 320 263
29 481 349
30 488 353
31 488 367
32 459 430
33 453.865 437.703
34 374 459
35 294 411
36 302 447
37 200 458
38 142.415 446.483
39 100 379.118
