Duration[s]: 3601.94 Porcentaje: 0.910446 TerminoTodo: 0
Convexos: 10 VerticesConvexos: 64
0 1 2 35 45
5 6 7 8 9 10 11 12 13 14 15
18 19 20 21
17 18 21 22 23 24
25 26 27 28 29 30
16 17 24 25 30 31
5 15 16 31 32
2 3 4 5 32 33 34 35
36 37 38 39 40 41 42 43 44
35 36 44 45
0 101.731 39.3627
1 131 31
2 181 62
3 259 50
4 319 43
5 391.25 43
6 460.934 57.2942
7 536.534 121.554
8 538 189
9 536 227
10 535 240
11 523 256
12 468 326
13 454 339
14 426 352
15 364 224
16 332 314
17 382 380
18 473 394
19 547 313
20 575 349
21 478.847 434.469
22 370 441
23 316 415
24 322 376
25 261 346
26 231 432
27 134.693 412.245
28 139 362
29 188 324
30 224 305
31 258 274
32 298 163
33 218 137
34 156 104
35 135 84
36 112 162
37 213 148
38 272 183
39 272 207
40 233 241
41 179 262
42 152 266
43 102 239
44 68 196
45 20 131
