Duration[s]: 109.408 Porcentaje: 0.801178 TerminoTodo: 1
Convexos: 6 VerticesConvexos: 52
0 1 2 3 4 5 6 7 8 41
12 13 14 15 16 17 18 19
11 12 19 20 21
22 23 24 25 26 27 28 29 30 31 32 33 34
9 10 11 21 22 34
8 9 34 35 36 37 38 39 40 41
0 65 315
1 67 289
2 75 275
3 152 178
4 174 171
5 213 171
6 242 184
7 258 202
8 266 273
9 323 276
10 287 172
11 320 109
12 238 82
13 180 132
14 135 151
15 90 139
16 84 74
17 112 58
18 146 48
19 211 58
20 394 17
21 407 35
22 545 35
23 562 47
24 605 88
25 623 142
26 635 209
27 639 252
28 596 332
29 557 378
30 497 414
31 455 427
32 428 423
33 402 384
34 429 298
35 284 385
36 245 398
37 215 405
38 167 405
39 137 403
40 82.8605 370.291
41 66.7273 346.091
