Duration[s]: 3600.5 Porcentaje: 0.708156 TerminoTodo: 0
Convexos: 5 VerticesConvexos: 40
0 1 2 3 27 28 29 30 31
10 11 12 13 14 15 16
10 16 17 18 19 20 21 22 23 24 25
5 6 7 8 9 10 25 26
3 4 5 26 27
0 19 176.167
1 62.7213 58.3622
2 187 32
3 214 51
4 263.73 11
5 409.295 11
6 581.397 74.6341
7 577 123
8 565 145
9 522 167
10 466 188
11 563 190
12 616 230
13 616 334.9
14 517 358
15 474 340
16 444 297
17 392 438
18 269.471 438
19 227 419
20 210 408
21 203 397
22 194 375
23 195 344
24 231 218
25 321 189
26 298 112
27 215 91
28 201 156
29 171 274
30 119 385
31 19 394.574
