Duration[s]: 0.164862 Porcentaje: 0 TerminoTodo: 1
Convexos: 43 VerticesConvexos: 232
0 1 6 14 15 149
8 9 10 11 12 13
7 8 13
6 7 13 14
1 2 3 4 5
1 5 6
37 38 39 40 41 42
34 35 36 37 42 43 44
52 53 54 55 56 57
51 52 57 58
49 50 51 58 59
48 49 59
60 61 62 63 64 65 66
47 48 59 60 66 67
71 72 73 74 75
87 88 89 90 91 92 93
86 87 93 94
95 96 97 98 99 100
102 103 104 105 106 107 108 109
101 102 109 110
100 101 110 111
95 100 111 112
85 86 94 112 113
79 80 81 82 83 84 85
78 79 85 113 114
77 78 114 115 116
76 77 116 117 118
69 70 71 75 76 118
68 69 118 119 120 121 122
46 47 67 68 122
44 45 46 122 123
32 33 34 44 123 124
31 32 124 125
135 136 137 138 139 140 141
131 132 133 134 135 141 142
129 130 131 142 143
127 128 129 143 144 145
30 31 125 126 127 145 146
21 22 23 24 25 26 27
19 20 27 28
17 18 19 28 29
16 17 29 30 146 147
15 16 147 148 149
0 561 321
1 538 374
2 626 345
3 606 386
4 573 419
5 560 411
6 523 400
7 499 441
8 503 448
9 517 463
10 484 479
11 483 478
12 470 445
13 465 424
14 494 397
15 483 371
16 457 355
17 444 376
18 443 396
19 426 406
20 410 436
21 424 443
22 402 462
23 395 463
24 384 464
25 365 465
26 362 447
27 366 414
28 385 390
29 372 367
30 348 356
31 338 371
32 338 387
33 339 394
34 333 420
35 332 432
36 310 443
37 300 446
38 296 465
39 284 473
40 252 476
41 250 464
42 284 431
43 283 401
44 283 381
45 275 381
46 265 375
47 246 388
48 242 396
49 235 411
50 235 440
51 221 450
52 210 464
53 208 473
54 159 479
55 140 478
56 140 454
57 162 435
58 170 405
59 166 394
60 156 392
61 138 412
62 106 425
63 95 417
64 116 372
65 135 354
66 171 347
67 186 333
68 180 310
69 152 302
70 131 314
71 116 309
72 97 305
73 97 270
74 109 265
75 140 266
76 153 254
77 150 239
78 136 225
79 123 221
80 95 213
81 90 208
82 82 190
83 93 169
84 130 159
85 144 162
86 143 128
87 137 125
88 101 108
89 75 75
90 95 60
91 116 56
92 143 71
93 166 87
94 203 89
95 203 65
96 167 46
97 188 31
98 225 25
99 266 54
100 267 82
101 331 90
102 335 68
103 328 38
104 341 36
105 355 38
106 382 52
107 385 69
108 385 79
109 362 109
110 327 127
111 236 139
112 203 154
113 201 172
114 208 193
115 212 196
116 214 202
117 236 210
118 187 261
119 204 273
120 222 286
121 225 299
122 214 317
123 258 315
124 267 311
125 285 293
126 300 268
127 328 239
128 320 189
129 357 171
130 377 158
131 444 133
132 477 82
133 489 68
134 530 92
135 537 115
136 569 86
137 603 80
138 601 105
139 596 124
140 530 155
141 513 159
142 445 176
143 413 196
144 398 215
145 374 238
146 368 269
147 424 301
148 475 268
149 476 268
