Duration[s]: 0.152635 Porcentaje: 0 TerminoTodo: 1
Convexos: 28 VerticesConvexos: 179
0 1 2 124
11 12 13 14 15 16 17
10 11 17 18 19 20 21
9 10 21 22 23 24
8 9 24 25 26 27 28
7 8 28 29 30
6 7 30 31 32
5 6 32
4 5 32
41 42 43 44 45 46 47
40 41 47 48 49 50 51 52 53
38 39 40 53 54
63 64 65 66 67 68 69 70 71 72 73 74 75
57 58 59 60 61 62 63 75 76
57 76 77 78 79 80 81 82 83 84 85
56 57 85 86
89 90 91 92
96 97 98 99 100 101 102 103 104
95 96 104 105
94 95 105 106
93 94 106 107 108 109
89 92 93 109 110
87 88 89 110 111
55 56 86 87 111 112 113 114 115 116 117 118
35 36 37 38 54 55 118 119
33 34 35 119 120 121 122
3 4 32 33 122 123 124
2 3 124
0 538 57
1 529 61
2 513 63
3 496 70
4 486 77
5 469 89
6 465 106
7 463 123
8 464 152
9 470 160
10 481 168
11 522 181
12 547 188
13 566 206
14 568 232
15 560 253
16 552 260
17 532 269
18 528 271
19 514 274
20 492 278
21 465 275
22 459 275
23 430 265
24 427 260
25 414 243
26 410 223
27 412 204
28 426 176
29 394 162
30 396 112
31 385 85
32 403 50
33 371 37
34 354 43
35 331 51
36 338 64
37 338 70
38 332 94
39 330 106
40 329 109
41 331 127
42 334 137
43 335 151
44 336 170
45 336 178
46 335 191
47 331 196
48 330 207
49 309 225
50 294 235
51 274 242
52 262 242
53 248 239
54 230 238
55 201 241
56 180 258
57 196 283
58 214 261
59 226 250
60 234 250
61 262 252
62 318 266
63 320 267
64 366 282
65 426 306
66 449 320
67 460 341
68 461 362
69 460 381
70 448 397
71 414 417
72 386 430
73 379 433
74 363 437
75 335 439
76 307 442
77 290 444
78 255 446
79 215 440
80 192 430
81 163 414
82 143 394
83 134 379
84 130 354
85 128 310
86 105 288
87 85 294
88 98 311
89 82 325
90 95 330
91 92 351
92 79 361
93 75 376
94 81 386
95 90 396
96 110 401
97 133 404
98 156 416
99 174 429
100 171 456
101 108 479
102 47 479
103 27 454
104 34 432
105 30 405
106 20 378
107 7 354
108 5 317
109 15 279
110 13 246
111 10 214
112 22 168
113 61 122
114 95 90
115 139 60
116 181 43
117 219 53
118 231 90
119 241 63
120 228 38
121 279 17
122 374 16
123 466 22
124 517 33
