Duration[s]: 0.328706 Porcentaje: 0 TerminoTodo: 1
Convexos: 33 VerticesConvexos: 193
0 80 81 123 124
109 110 111 112 113 114 115 116 117
108 109 117 118
107 108 118 119
106 107 119 120
86 87 88
88 89 90 91
85 86 88 91 92
85 92 93 94 95 96 97
85 97 98
100 101 102 103 104 105
83 84 85 98 99 105
81 82 83 105 106 120 121 122 123
4 5 6 7 8 9 10
12 13 14 15 16 17
28 29 30 31 32
37 38 39 40
27 28 32 33 34 35 36 37 40 41
23 24 25 26 27 41 42
21 22 23 42 43
20 21 43 44
11 12 17 18 19 20 44 45 46 47
3 4 10 11 47 48
2 3 48 49
68 69 70 71 72
60 61 62 63 64 65 66
55 56 57 58 66 67
54 55 67 68 72 73 74
51 52 53 54 74 75
1 2 49 77
0 1 77 78 79 80
49 50 76 77 99 100 105
50 51 58 59 60 66 75 76
0 325 340
1 298 337
2 281 344
3 256 355
4 243 367
5 260 379
6 255 395
7 206 399
8 199 395
9 196 367
10 198 349
11 168 324
12 162 326
13 161 344
14 146 363
15 117 351
16 113 331
17 134 318
18 115 297
19 118 275
20 131 265
21 107 248
22 94 240
23 93 222
24 79 204
25 76 187
26 96 177
27 117 172
28 126 151
29 103 127
30 98 112
31 137 86
32 190 89
33 207 74
34 255 34
35 278 40
36 295 55
37 293 73
38 334 89
39 319 129
40 262 132
41 226 153
42 170 186
43 181 198
44 228 208
45 264 213
46 293 226
47 290 246
48 298 251
49 348 264
50 349 241
51 337 216
52 302 183
53 322 165
54 349 160
55 349 141
56 340 127
57 355 108
58 384 101
59 402 93
60 433 85
61 437 65
62 452 54
63 496 58
64 498 81
65 485 104
66 462 124
67 487 145
68 497 147
69 523 110
70 540 99
71 571 113
72 548 160
73 539 180
74 479 193
75 479 220
76 481 234
77 506 239
78 542 244
79 544 273
80 512 299
81 513 307
82 527 310
83 506 336
84 542 349
85 547 351
86 590 312
87 591 275
88 612 331
89 624 327
90 603 357
91 562 371
92 549 378
93 546 386
94 506 398
95 499 398
96 495 396
97 484 388
98 474 381
99 454 385
100 450 396
101 450 400
102 443 413
103 403 421
104 366 401
105 347 387
106 334 391
107 326 422
108 326 432
109 308 442
110 286 445
111 267 442
112 258 439
113 243 428
114 242 419
115 243 401
116 260 398
117 274 406
118 285 411
119 294 407
120 298 398
121 281 385
122 276 381
123 277 374
124 288 365
