Duration[s]: 0.229077 Porcentaje: 0 TerminoTodo: 1
Convexos: 24 VerticesConvexos: 149
0 92 93 94 99
1 2 3 4 5
8 9 14 15 16 17
38 39 40 41 42
37 38 42 43
35 36 37 43
44 45 46 47 48 49
34 35 43 44 49 50 51
32 33 34 51 52
31 32 52 53
29 30 31 53 54
28 29 54 55
26 27 28 55 56 57 58 59 60 61 62
26 62 63 64 65 66 67 68 69 70 71
24 25 71 72
75 76 77 78 79 80 81 85 86
73 74 75 86 87 88
23 24 72 89 90 91 92
0 1 5 6 21 22 23 92
94 95 96 97 98
94 98 99
9 10 11 12 13 14 81 82 83 84 85
7 8 17 18 72 73 88 89
6 7 18 19 20 21
0 549 308
1 523 329
2 523 350
3 517 363
4 429 383
5 424 377
6 400 388
7 374 400
8 365 405
9 362 407
10 353 416
11 334 429
12 301 435
13 260 430
14 250 414
15 239 399
16 232 380
17 260 358
18 254 331
19 245 315
20 238 282
21 257 239
22 238 207
23 238 187
24 224 174
25 192 149
26 178 147
27 195 222
28 172 235
29 153 253
30 184 281
31 168 303
32 163 332
33 169 358
34 158 380
35 182 398
36 213 405
37 239 442
38 290 452
39 346 460
40 351 479
41 270 479
42 196 457
43 165 430
44 147 430
45 151 455
46 142 471
47 87 438
48 65 404
49 80 384
50 55 358
51 55 327
52 81 312
53 79 295
54 68 260
55 60 247
56 54 238
57 47 220
58 47 181
59 56 166
60 77 142
61 93 130
62 122 113
63 159 91
64 192 79
65 223 72
66 279 73
67 311 79
68 347 92
69 362 107
70 368 144
71 367 174
72 360 187
73 402 171
74 401 140
75 402 100
76 395 73
77 422 59
78 445 50
79 479 46
80 504 46
81 522 61
82 542 76
83 553 87
84 554 115
85 551 136
86 551 149
87 574 176
88 558 197
89 579 225
90 595 237
91 593 249
92 583 280
93 588 295
94 586 331
95 540 369
96 525 345
97 528 335
98 535 333
99 542 328
