Duration[s]: 0.28696 Porcentaje: 0 TerminoTodo: 1
Convexos: 38 VerticesConvexos: 227
136 137 138 139 140
136 140 141 142 143 144 145 146
135 136 146 147 148 149
88 89 90 91 92 93
87 88 93 94 95
97 98 99 100 101
86 87 95 96 97 101
108 109 110 111 112
105 106 107 108 112
105 112 113 114 115
102 103 104 105 115 116
101 102 116 117
85 86 101 117 118
120 121 122 123 124 125
84 85 118 119 120 125 126
82 83 84 126 127
128 129 130 131
77 78 79 80 81 82 127 128 131 132 133
6 7 8 9 10 11 12 13 14 15 16 17 18 19
5 6 19 20
4 5 20 21
4 21 22
27 28 29 30 31 32 33 34 35 36
26 27 36
25 26 36 37 38
24 25 38 39
50 51 52 53 54
45 46 47 48 49 50 54 55
41 42 44 45 55 56 57 58 59
40 41 59 60
23 24 39 40 60
4 22 23 60
2 3 61 62 64 65 66 67
0 1 2 67 68 134
0 62 63 64 135 149
69 70 71 72 73 74 75
68 69 75 76 77 133 134
3 4 42 43 44 60 61
0 329 230
1 368 206
2 412 225
3 420 192
4 388 171
5 326 162
6 305 191
7 305 222
8 288 232
9 244 232
10 188 221
11 154 206
12 138 174
13 138 144
14 155 127
15 166 124
16 195 119
17 226 120
18 252 125
19 260 129
20 268 130
21 288 132
22 305 130
23 306 123
24 305 114
25 298 103
26 277 99
27 259 106
28 252 109
29 229 107
30 197 100
31 170 86
32 170 62
33 199 39
34 255 23
35 296 22
36 310 60
37 328 80
38 331 104
39 336 113
40 360 128
41 373 120
42 374 97
43 374 74
44 407 57
45 412 54
46 419 47
47 443 44
48 453 43
49 477 43
50 511 47
51 534 37
52 567 44
53 605 77
54 606 99
55 618 132
56 636 149
57 614 178
58 586 201
59 538 219
60 536 239
61 538 259
62 566 281
63 585 295
64 594 307
65 607 321
66 610 333
67 611 361
68 612 379
69 613 401
70 614 416
71 611 429
72 592 443
73 571 453
74 552 460
75 502 464
76 437 471
77 381 472
78 367 473
79 330 472
80 292 464
81 270 452
82 243 436
83 221 423
84 212 413
85 188 390
86 162 370
87 161 402
88 164 426
89 202 433
90 208 445
91 209 466
92 160 475
93 132 464
94 40 428
95 81 413
96 72 383
97 80 369
98 46 326
99 91 294
100 97 294
101 143 324
102 89 249
103 54 223
104 53 171
105 81 145
106 63 124
107 66 71
108 95 53
109 113 39
110 132 72
111 121 95
112 107 114
113 132 136
114 126 158
115 100 183
116 100 217
117 107 224
118 113 228
119 137 234
120 155 240
121 173 242
122 197 254
123 201 279
124 204 301
125 204 325
126 212 340
127 239 341
128 248 341
129 250 337
130 288 340
131 326 354
132 348 362
133 354 368
134 357 338
135 343 284
136 299 305
137 334 327
138 318 335
139 317 335
140 309 333
141 301 333
142 285 331
143 268 325
144 258 316
145 254 290
146 258 264
147 284 248
148 289 246
149 301 243
