Duration[s]: 0.129097 Porcentaje: 0 TerminoTodo: 1
Convexos: 27 VerticesConvexos: 154
0 1 99
4 5 6 7 8 9 10
3 4 10 11 12 13 14
2 3 14 15 16 17
87 88 89 90
85 86 87 90 91
84 85 91 92 93 94 95
83 84 95 96
70 71 72 73 74 77 78 79
70 81 82
66 67 68 69
27 28 29 30 31 32 33
34 35 36 37 38 39
25 26 27 33 34 39
24 25 39 40
23 24 40
43 44 45 46 47 48 49 50 51
41 42 43 51
54 55 56 57 58
53 54 58 59
60 61 62 63
52 53 59 60 63 64
20 21 22 23 40 41 51 52 64 65
19 20 65 66 69 70 82
18 19 82 83 96 97
1 2 17 18 97 98 99
70 74 75 76 77 79 80 81
0 428 405
1 426 369
2 401 348
3 356 362
4 349 379
5 362 414
6 346 438
7 273 442
8 255 438
9 228 420
10 221 389
11 215 365
12 219 346
13 251 325
14 278 314
15 321 295
16 359 295
17 387 304
18 385 274
19 345 231
20 319 238
21 308 251
22 278 270
23 258 270
24 187 289
25 178 298
26 179 332
27 178 363
28 201 393
29 201 403
30 148 431
31 71 405
32 85 383
33 119 350
34 104 327
35 65 298
36 67 261
37 88 239
38 123 248
39 129 257
40 184 230
41 179 204
42 162 193
43 156 186
44 115 164
45 102 148
46 98 120
47 111 102
48 128 92
49 149 87
50 185 92
51 236 123
52 251 103
53 236 89
54 195 55
55 123 71
56 121 25
57 170 12
58 222 22
59 255 54
60 271 54
61 318 16
62 330 34
63 331 64
64 363 89
65 376 126
66 430 80
67 442 63
68 474 73
69 469 134
70 468 164
71 501 101
72 513 90
73 523 96
74 529 101
75 571 89
76 589 107
77 559 166
78 559 191
79 507 210
80 467 229
81 458 202
82 418 198
83 470 248
84 498 272
85 545 249
86 560 228
87 571 224
88 626 202
89 610 250
90 590 271
91 586 288
92 591 296
93 591 314
94 564 327
95 531 317
96 503 310
97 486 325
98 486 371
99 467 377
