Duration[s]: 0.252425 Porcentaje: 0 TerminoTodo: 1
Convexos: 22 VerticesConvexos: 142
0 1 2 3 4 5 6 7 8 89 90 98 99
59 60 61 62 63 64 65 66 67 68
26 27 28 29
32 33 34 35 36
42 43 44 45
41 42 45 46 47 48 49 50 51 52
38 39 40 41
37 38 41 52 53
30 31 32 36 37 53 54
24 25 26 29 30 54 55 56 57
23 24 57 58 59 68 69
22 23 69 70
18 19 20 21 22 70 71
17 18 71 72 73 74 75 76 77
16 17 77 78
15 16 78 79
80 81 82 83 84 85
10 11 12 13 14 15 79 80 85 86 87
9 10 87 88
8 9 88 89
91 92 93 94 95 96 97
90 91 97 98
0 70 53
1 71 51
2 77 45
3 82 42
4 93 39
5 105 37
6 112 42
7 121 54
8 125 63
9 136 71
10 157 69
11 165 63
12 181 54
13 192 49
14 202 50
15 204 66
16 214 72
17 231 73
18 252 62
19 269 52
20 279 49
21 291 59
22 297 73
23 324 74
24 332 69
25 338 64
26 354 67
27 359 67
28 376 71
29 383 79
30 390 85
31 407 78
32 426 72
33 434 67
34 442 67
35 461 83
36 463 93
37 467 98
38 491 96
39 517 82
40 525 80
41 515 102
42 530 103
43 551 101
44 568 104
45 580 119
46 591 128
47 590 140
48 581 159
49 545 174
50 533 177
51 510 172
52 493 163
53 472 154
54 451 151
55 444 172
56 437 182
57 431 187
58 440 200
59 442 207
60 452 229
61 453 236
62 403 256
63 381 258
64 361 258
65 332 247
66 316 232
67 297 203
68 295 166
69 293 157
70 276 147
71 270 156
72 257 176
73 236 191
74 216 198
75 213 193
76 199 159
77 198 154
78 185 142
79 179 139
80 175 148
81 173 166
82 161 186
83 156 184
84 123 160
85 122 157
86 112 139
87 109 127
88 103 116
89 92 111
90 84 120
91 84 133
92 89 146
93 75 162
94 62 163
95 59 155
96 55 135
97 57 119
98 52 110
99 49 107
