Duration[s]: 0.229008 Porcentaje: 0 TerminoTodo: 1
Convexos: 23 VerticesConvexos: 144
0 32 33 99
6 7 8 9 10 11 12
5 6 12 13 14 15 16 17 18 19 20 21
4 5 21 22 23
3 4 23
3 23 24
2 3 24 25
2 25 26 27 28 29 30 31
0 1 2 31 32
36 37 38 39 40 41 42 43 44
51 52 53 54 55 56
50 51 56 57
58 59 60 61
63 64 65 66 67
62 63 67 68 69 70
49 50 57 58 61 62 70 71 72
78 79 80 81 82 83 84
87 88 89 90
74 75 76 77 78 84 85 86 87 90 91
47 48 49 72 73 74 91 92
46 47 92 93 94 95 96
45 46 96 97
33 34 35 36 44 45 97 98 99
0 238 63
1 219 63
2 206 57
3 161 49
4 144 58
5 126 75
6 150 102
7 163 103
8 178 107
9 190 119
10 184 133
11 181 139
12 155 140
13 142 141
14 120 139
15 105 131
16 86 116
17 68 94
18 68 80
19 70 61
20 74 47
21 83 38
22 105 39
23 132 42
24 166 49
25 195 52
26 212 46
27 219 44
28 231 42
29 252 45
30 256 47
31 260 50
32 277 53
33 302 50
34 338 41
35 352 40
36 358 40
37 374 36
38 399 31
39 422 31
40 465 46
41 479 61
42 463 87
43 435 109
44 395 127
45 375 154
46 370 179
47 371 206
48 375 208
49 385 215
50 417 215
51 448 201
52 471 182
53 514 161
54 548 154
55 555 164
56 473 203
57 461 223
58 464 229
59 483 257
60 506 291
61 496 301
62 485 359
63 490 374
64 524 387
65 512 405
66 485 423
67 449 439
68 402 462
69 386 455
70 359 410
71 335 413
72 311 413
73 295 437
74 275 449
75 264 457
76 239 464
77 227 465
78 196 459
79 185 459
80 159 447
81 121 425
82 107 411
83 91 382
84 92 345
85 81 301
86 84 286
87 98 268
88 110 218
89 173 219
90 173 247
91 196 254
92 221 240
93 218 220
94 218 211
95 231 195
96 241 193
97 238 151
98 224 144
99 222 126
