Duration[s]: 0.71021 Porcentaje: 0 TerminoTodo: 1
Convexos: 20 VerticesConvexos: 138
0 86 87 88 99
0 1 2 3 4 5 6 7 8 9 10 11 12 13 14 15 16 17
43 44 45 46 47
37 38 39 40 41 42 43 47 48
36 37 48 49 50 51 52
33 34 35 36 52 53 54
31 32 33 54 55
30 31 55 56 57 58 59
28 29 30 59 60 61 62 63 64 65 66
27 28 66 67 68 69 70 71
26 27 71 72
23 24 25 26 72 73
22 23 73 74
18 19 20 21 22 74 75
77 78 79 80 81
76 77 81 82
82 83 84 85
0 17 18 75 76 82 85 86
94 95 96 97 98
88 89 90 91 92 93 94 98 99
0 162 384
1 143 381
2 129 378
3 119 375
4 93 361
5 81 350
6 78 347
7 63 318
8 56 291
9 52 252
10 52 230
11 62 212
12 85 184
13 102 174
14 126 162
15 151 164
16 165 177
17 168 237
18 204 212
19 197 190
20 197 157
21 221 123
22 229 117
23 242 107
24 254 97
25 267 91
26 281 87
27 289 84
28 325 70
29 345 59
30 349 58
31 365 53
32 383 46
33 387 46
34 398 44
35 409 43
36 419 43
37 434 39
38 460 32
39 480 33
40 499 36
41 522 43
42 542 50
43 549 60
44 562 76
45 574 92
46 576 121
47 572 137
48 570 148
49 569 163
50 566 170
51 560 177
52 551 187
53 549 197
54 546 199
55 540 204
56 553 246
57 553 303
58 551 309
59 546 315
60 529 339
61 518 347
62 515 349
63 508 352
64 501 354
65 492 356
66 488 356
67 460 359
68 447 351
69 443 348
70 423 329
71 420 324
72 412 315
73 398 310
74 390 312
75 373 329
76 354 353
77 357 357
78 362 360
79 355 366
80 345 370
81 297 383
82 288 386
83 275 405
84 242 413
85 221 417
86 203 421
87 181 432
88 148 436
89 100 443
90 71 446
91 62 444
92 49 436
93 22 416
94 33 399
95 40 388
96 68 386
97 99 392
98 122 401
99 135 404
