Duration[s]: 0.0854743 Porcentaje: 0 TerminoTodo: 1
Convexos: 23 VerticesConvexos: 144
0 1 12 13 99
1 2 3 4 5 6 7 8 9 10
1 10 11 12
89 90 91 92 93 94
87 88 89 94 95 96
86 87 96 97
78 79 80 81 82 83 84 85 86 97 98
65 66 67 68 69 70 71
27 28 29 30 31 32 33 34 35 36 37
26 27 37 38
22 23 24 25 26 38
21 22 38 39
41 42 43 44 45 46 47 48 49 50
56 57 58 59 60 61 62
53 54 55 56 62 63
51 52 53 63
40 41 50 51 63
20 21 39 40 63 64
18 19 20 64
16 17 18 64 65 71 72
16 72 73 74 75 76 77
15 16 77 78 98 99
13 14 15 99
0 108 327
1 81 292
2 74 264
3 74 242
4 80 223
5 100 200
6 134 171
7 188 135
8 227 122
9 226 136
10 218 165
11 218 196
12 213 228
13 211 265
14 211 314
15 206 349
16 213 351
17 245 342
18 270 340
19 319 330
20 386 322
21 363 303
22 329 284
23 289 266
24 247 237
25 296 213
26 329 201
27 295 165
28 273 144
29 268 116
30 277 84
31 316 64
32 388 51
33 448 61
34 494 97
35 497 165
36 457 211
37 418 243
38 405 259
39 458 271
40 514 271
41 535 236
42 525 197
43 525 131
44 570 108
45 600 120
46 636 157
47 639 191
48 616 220
49 585 242
50 561 252
51 554 263
52 558 272
53 561 293
54 605 309
55 619 317
56 619 337
57 620 373
58 620 393
59 589 412
60 581 415
61 527 386
62 528 357
63 480 337
64 447 372
65 473 393
66 484 401
67 486 439
68 448 449
69 431 450
70 373 426
71 338 384
72 313 378
73 312 422
74 302 432
75 275 429
76 258 414
77 237 389
78 182 395
79 197 419
80 199 437
81 162 455
82 138 452
83 126 450
84 91 422
85 70 404
86 68 369
87 65 364
88 53 355
89 44 344
90 15 309
91 23 284
92 44 289
93 55 299
94 61 308
95 75 316
96 81 331
97 87 337
98 112 350
99 124 338
