Duration[s]: 0.179105 Porcentaje: 0 TerminoTodo: 1
Convexos: 39 VerticesConvexos: 228
8 9 10 11 12 13 14 15 16 17 18 19 20 21
39 40 41 42 43
46 47 48 49 50 51 52
45 46 52
43 44 45 52 53
38 39 43 53 54
37 38 54 55 56 57 58 59 60
36 37 60 61
35 36 61 62
34 35 62 63 64
33 34 64 65
32 33 65 66
31 32 66 67
30 31 67
29 30 67
75 76 77 78 79 80 81 82 83 84 85 86
74 75 86 87
69 70 71 72 73 74 87 88
68 69 88 89
25 26 27 28 29 67 68 89 90
24 25 90 91
23 24 91 92 93
22 23 93 94 95
104 105 106
110 111 112 113 114
110 114 115 116 117 118
108 109 110 118 119
107 108 119 120
107 120 121 122 123 124 125
103 104 106 107 125 126
102 103 126 127 128 129 130 131
100 101 102 131 132
97 98 99 100 132 133
96 97 133 134
136 137 138 139 140 141 142
22 95 96 134 135 136 142 143
5 6 7 144 145 146 147
1 2 3 4 5 147 148 149
0 1 7 8 21 22 143 144 149
0 620 406
1 619 411
2 606 418
3 590 425
4 572 430
5 549 434
6 536 438
7 514 439
8 500 440
9 483 443
10 466 444
11 446 440
12 427 436
13 418 433
14 406 428
15 392 420
16 373 400
17 372 386
18 377 359
19 417 352
20 458 353
21 464 357
22 486 316
23 436 287
24 332 283
25 335 297
26 348 320
27 305 328
28 286 329
29 259 324
30 221 328
31 196 336
32 179 348
33 174 355
34 170 375
35 170 402
36 174 415
37 179 421
38 227 445
39 244 418
40 251 393
41 264 371
42 298 396
43 283 413
44 313 435
45 305 451
46 319 450
47 368 439
48 381 451
49 383 466
50 364 476
51 308 479
52 275 466
53 270 451
54 234 477
55 189 471
56 139 459
57 109 446
58 102 427
59 102 405
60 112 391
61 137 372
62 140 340
63 140 321
64 164 314
65 177 308
66 205 300
67 213 293
68 208 274
69 192 253
70 168 257
71 129 261
72 82 228
73 130 189
74 169 182
75 173 177
76 177 150
77 180 132
78 199 116
79 224 112
80 249 115
81 291 136
82 296 149
83 296 170
84 280 202
85 269 212
86 267 212
87 250 226
88 252 235
89 269 241
90 285 237
91 310 206
92 333 202
93 363 208
94 392 178
95 452 238
96 432 159
97 395 144
98 367 155
99 364 156
100 358 140
101 335 116
102 330 90
103 318 85
104 284 83
105 283 95
106 223 63
107 209 58
108 188 76
109 180 90
110 127 99
111 118 132
112 47 159
113 38 140
114 86 109
115 75 83
116 78 61
117 114 60
118 135 75
119 150 71
120 168 60
121 173 56
122 183 53
123 208 46
124 233 42
125 273 52
126 293 51
127 320 45
128 337 47
129 387 71
130 388 75
131 389 83
132 426 103
133 437 103
134 452 101
135 462 98
136 543 133
137 560 139
138 599 191
139 600 214
140 600 235
141 596 250
142 576 264
143 575 281
144 584 290
145 605 275
146 611 276
147 612 298
148 614 312
149 615 331
