Duration[s]: 0.143141 Porcentaje: 0 TerminoTodo: 1
Convexos: 35 VerticesConvexos: 193
0 118 119 124
4 5 6
3 4 6 7 8 9
2 3 9 10 11
31 32 33 34 35
30 31 35 36
30 36 37 38 39
26 27 28 29 30 39 40
67 68 69 70 71 72 73 74
48 49 50 51 52 53 54
48 54 55 56 57 58
47 48 58 59
44 45 46 47 59 60 61
62 63 64 65
43 44 61 62 65 66
42 43 66 67 74
25 26 40 41 42 74 75
19 20 21 22 23
18 19 23 24
17 18 24 25 75 76
15 16 17 76 77
13 14 15 77 78 79 80
82 83 84 85 86
81 82 86 87 88
12 13 80 81 88
1 2 11 12 88 89
90 91 92 93 94
0 1 89 90 94 95 96 97
98 99 100 101
107 108 109 110 111 112
106 107 112 113 114
104 105 106 114 115 116
102 103 104 116 117
0 97 98 101 102 117 118
119 120 121 122 123 124
0 555 216
1 534 219
2 515 243
3 521 261
4 556 289
5 579 294
6 541 337
7 519 378
8 461 333
9 466 307
10 451 278
11 451 240
12 449 199
13 412 174
14 436 229
15 406 258
16 396 277
17 389 287
18 389 331
19 399 363
20 409 376
21 409 401
22 364 409
23 353 381
24 326 338
25 301 312
26 251 322
27 305 364
28 322 379
29 230 409
30 200 383
31 189 416
32 192 440
33 132 409
34 120 388
35 139 369
36 140 344
37 118 316
38 115 304
39 129 295
40 131 287
41 133 261
42 134 249
43 116 227
44 94 216
45 93 227
46 82 257
47 65 288
48 79 344
49 82 337
50 92 338
51 96 340
52 98 347
53 100 356
54 90 362
55 69 364
56 47 356
57 37 329
58 37 276
59 38 235
60 53 199
61 79 162
62 75 72
63 62 49
64 170 49
65 171 70
66 183 98
67 216 105
68 235 74
69 240 66
70 271 66
71 286 93
72 268 123
73 250 140
74 210 164
75 270 192
76 315 191
77 341 150
78 330 118
79 337 100
80 359 102
81 386 110
82 407 91
83 396 60
84 435 52
85 445 61
86 454 103
87 462 132
88 464 142
89 477 144
90 506 117
91 508 84
92 530 81
93 534 84
94 543 97
95 555 105
96 559 114
97 560 141
98 572 148
99 597 159
100 597 174
101 586 189
102 597 237
103 605 250
104 616 271
105 616 293
106 597 318
107 597 334
108 599 344
109 573 379
110 544 371
111 550 343
112 556 333
113 559 321
114 576 311
115 583 299
116 593 290
117 591 275
118 576 266
119 568 266
120 565 267
121 550 264
122 542 259
123 538 234
124 543 226
