Duration[s]: 0.0886555 Porcentaje: 0 TerminoTodo: 1
Convexos: 28 VerticesConvexos: 156
0 1 94 95 99
95 96 97 98 99
4 5 6 7 8
13 14 15 16 17 18 19 20 21 22 23
13 23 24 25
12 13 25 26
34 35 36 37 38 39 40 41 42
44 45 46
43 44 46 47
31 32 33 34 42 43 47 48
29 30 31 48 49
61 62 63 64 65 66 67
54 55 56 57 58 59 60 67 68
84 85 86
78 79 80 81 82
75 76 77 78 82
75 82 83
72 73 74 75 83 84 86 87
69 70 71 72 87 88
50 52 53 54 68 69 88 89
49 50 89 90
49 90 91
28 29 49 91 92
27 28 92 93
11 12 26 27 93
9 10 11 93 94
1 2 3 4 8 9 94
50 51 52 60 61 67
0 148 149
1 158 116
2 180 85
3 211 74
4 231 73
5 242 72
6 255 85
7 255 95
8 254 105
9 254 123
10 262 129
11 253 144
12 279 143
13 330 117
14 331 91
15 346 76
16 387 61
17 416 73
18 459 115
19 462 138
20 449 174
21 422 195
22 365 222
23 348 217
24 318 192
25 308 175
26 289 172
27 274 200
28 274 223
29 289 264
30 355 239
31 408 226
32 474 195
33 543 164
34 565 193
35 594 224
36 623 280
37 639 330
38 639 373
39 626 405
40 556 394
41 520 336
42 522 275
43 408 348
44 445 398
45 472 412
46 311 364
47 337 328
48 318 299
49 284 317
50 292 380
51 309 394
52 261 407
53 256 411
54 244 415
55 211 429
56 210 429
57 193 424
58 181 420
59 150 409
60 148 406
61 132 393
62 92 373
63 90 371
64 93 336
65 101 328
66 127 337
67 179 356
68 190 344
69 174 311
70 124 277
71 92 238
72 79 194
73 52 141
74 34 100
75 38 57
76 61 30
77 110 24
78 162 31
79 224 33
80 246 39
81 179 44
82 123 46
83 99 60
84 105 89
85 120 114
86 110 133
87 109 162
88 121 179
89 148 202
90 157 209
91 176 219
92 215 190
93 209 162
94 190 135
95 181 159
96 194 163
97 191 179
98 171 184
99 164 184
