Duration[s]: 0.222799 Porcentaje: 0 TerminoTodo: 1
Convexos: 25 VerticesConvexos: 175
2 3 4 5
0 1 2 5 6 7 8 9 10 11 12 13 14
18 19 20 21
24 25 26 27 28 29 30 31 32 33 34 35 36 37 38 39
23 24 39 40
22 23 40 41
43 44 45 46 47 48 49 50 51 52 53 54
43 54 55
42 43 55 56
71 72 73 74 75
59 60 61 62 63 64 65 66 67 68 69 70 71 75
58 59 75 76
57 58 76 77
82 83 84 85 86 87 88 89 90 91 92
81 82 92 93 94
80 81 94 95 96
78 79 80 96 97 98 99
21 22 41 42 56 57 77 78 99 100
17 18 21 100 101
16 17 101 102
105 106 107 108 109 110 111 112 113
104 105 113 114 115 116 117 118
15 16 103 104 118 119 120 121 122
0 14 15 122 123
0 16 102 103 123 124
0 147 94
1 172 75
2 192 71
3 208 65
4 218 68
5 220 72
6 250 83
7 260 91
8 261 105
9 261 120
10 258 129
11 242 140
12 220 149
13 198 151
14 175 145
15 157 144
16 156 157
17 176 195
18 226 202
19 204 178
20 267 193
21 295 222
22 346 217
23 320 189
24 312 183
25 299 174
26 289 154
27 286 142
28 283 120
29 291 101
30 309 89
31 317 86
32 334 85
33 369 86
34 391 90
35 409 100
36 419 120
37 419 135
38 397 177
39 369 184
40 370 197
41 397 214
42 414 215
43 445 181
44 446 146
45 463 115
46 490 102
47 544 111
48 573 124
49 588 147
50 592 178
51 582 206
52 563 230
53 512 256
54 486 242
55 461 231
56 433 254
57 436 272
58 443 276
59 472 287
60 507 264
61 570 302
62 576 324
63 576 349
64 557 374
65 472 432
66 460 435
67 447 434
68 425 430
69 419 428
70 408 422
71 407 413
72 402 399
73 400 376
74 408 370
75 417 369
76 418 336
77 377 318
78 372 319
79 333 335
80 311 343
81 303 363
82 314 373
83 340 378
84 355 390
85 361 399
86 352 423
87 346 427
88 282 434
89 275 433
90 246 425
91 217 416
92 216 413
93 194 402
94 186 391
95 160 370
96 160 360
97 150 319
98 152 316
99 161 308
100 176 277
101 157 239
102 152 236
103 139 244
104 122 259
105 120 278
106 119 295
107 93 328
108 72 310
109 60 297
110 40 263
111 39 260
112 41 236
113 44 222
114 46 197
115 47 193
116 50 183
117 55 172
118 63 162
119 71 151
120 77 143
121 94 126
122 102 120
123 119 100
124 127 83
