Duration[s]: 0.376902 Porcentaje: 0 TerminoTodo: 1
Convexos: 35 VerticesConvexos: 218
0 9 10 149
1 2 3 4 5 6 7 8
0 1 8 9
59 60 61 62 63
68 69 70 71 72 73 74 75 76 77 78
64 65 66 67 68 78 79
80 81 82 83 84
79 80 84
59 63 64 79 84 85
92 93 94
85 86 87 88 89 90 91 92 94
58 59 85 94 95
57 58 95 96 97 98
109 110 111 112 113 114
108 109 114 115 116 117
104 105 106 107 108 117 118
101 102 103 104 118
119 120 121 122 123 124
100 101 118 119 124
130 131 132 133 134 135 136 137 138
127 128 129 130 138 139
125 126 127 139 140
99 100 124 125 140 141
56 57 98 99 141 142
143 144 145 146 147 148
20 21 22 23 24
13 14 15 16 17 18 19 20 24 25
27 28 29 30 31 32
37 38 39 40 41 42 43 44 45 46
35 36 37 46 47 48
33 34 35 48 49
26 27 32 33 49 50
12 13 25 26 50 51
11 12 51 52
10 11 52 53 54 55 56 142 143 148 149
0 342 67
1 383 71
2 412 65
3 463 76
4 465 80
5 465 92
6 457 101
7 434 112
8 424 115
9 402 125
10 394 134
11 402 155
12 443 165
13 459 157
14 461 146
15 467 128
16 478 121
17 495 117
18 535 120
19 573 127
20 576 136
21 584 156
22 587 166
23 578 178
24 563 180
25 545 204
26 545 215
27 557 224
28 559 231
29 559 244
30 555 257
31 552 263
32 546 272
33 544 278
34 548 284
35 548 305
36 554 311
37 554 314
38 559 320
39 556 333
40 554 336
41 551 340
42 538 340
43 514 334
44 498 326
45 496 314
46 501 298
47 470 283
48 470 269
49 461 253
50 447 235
51 437 233
52 414 250
53 412 277
54 404 306
55 368 297
56 356 285
57 280 308
58 278 351
59 390 375
60 412 326
61 432 313
62 446 338
63 455 365
64 497 363
65 519 361
66 545 368
67 569 384
68 593 403
69 608 407
70 609 432
71 607 448
72 604 454
73 591 463
74 573 472
75 537 477
76 480 471
77 464 462
78 450 434
79 408 419
80 405 436
81 414 446
82 396 450
83 379 441
84 362 411
85 353 407
86 346 435
87 333 452
88 319 459
89 188 448
90 158 423
91 186 395
92 192 391
93 197 372
94 222 385
95 224 365
96 206 342
97 196 317
98 206 293
99 203 277
100 148 260
101 138 284
102 191 305
103 175 324
104 158 332
105 173 356
106 166 376
107 149 382
108 89 375
109 77 391
110 74 418
111 45 446
112 11 432
113 0 398
114 19 385
115 28 333
116 79 317
117 83 323
118 90 300
119 92 262
120 75 247
121 72 242
122 68 231
123 72 220
124 122 212
125 123 189
126 104 171
127 106 144
128 97 139
129 84 114
130 99 97
131 106 73
132 124 51
133 143 47
134 170 42
135 201 43
136 224 62
137 227 76
138 227 90
139 228 94
140 229 97
141 254 94
142 262 91
143 264 78
144 262 60
145 266 53
146 277 49
147 302 52
148 311 57
149 315 59
