Duration[s]: 0.160997 Porcentaje: 0 TerminoTodo: 1
Convexos: 37 VerticesConvexos: 197
0 123 124
9 10 11 12 13
9 13 14 15 16
18 19 20 21
9 16 17 18 21
5 6 7 8 9 21 22
1 2 3 4 5 22 23 24 25
32 33 34 35 36
37 38 39 40
31 32 36 37 40
29 30 31 40 41 42
43 44 45 46 47 48 49 50 51
42 43 51
28 29 42 51 52
61 62 63 64 65
60 61 65 66
59 60 66 67
58 59 67 68
55 56 57 58 68 69 70 71
83 84 85 86 87
82 83 87 88 89
81 82 89 90 91 92
93 94 95 96
93 96 97 98 99
80 81 92 93 99 100
105 106 107 108 109
102 103 104 105 109 110
101 102 110 111 112 113
79 80 100 101 113 114
77 78 79 114 115 116
74 75 76 77 116 117
73 74 117 118
54 55 71 72 73 118 119
53 54 119 120 121
27 28 52 53 121 122
26 27 122 123
0 1 25 26 123
0 297 159
1 309 146
2 291 113
3 289 102
4 319 94
5 349 102
6 349 82
7 364 40
8 410 42
9 430 60
10 459 28
11 515 0
12 551 37
13 499 64
14 534 76
15 558 86
16 514 99
17 536 115
18 536 129
19 538 150
20 506 168
21 431 131
22 398 133
23 394 172
24 388 176
25 328 177
26 336 192
27 376 218
28 415 235
29 449 216
30 451 213
31 495 250
32 541 249
33 571 211
34 577 207
35 626 230
36 599 269
37 595 290
38 612 305
39 575 312
40 497 293
41 473 308
42 425 330
43 472 352
44 498 364
45 533 388
46 475 409
47 411 399
48 390 383
49 373 370
50 372 344
51 382 316
52 342 288
53 309 276
54 281 284
55 273 320
56 305 343
57 310 363
58 292 371
59 279 387
60 268 406
61 261 420
62 247 451
63 216 447
64 165 415
65 196 411
66 228 402
67 222 379
68 196 326
69 187 316
70 180 300
71 176 257
72 163 244
73 161 224
74 158 207
75 154 191
76 152 175
77 161 154
78 129 126
79 141 99
80 120 88
81 80 98
82 87 149
83 90 163
84 104 192
85 100 219
86 60 236
87 61 214
88 55 180
89 57 158
90 48 138
91 47 105
92 48 66
93 41 34
94 33 73
95 24 45
96 24 16
97 49 7
98 90 36
99 95 40
100 110 42
101 150 44
102 179 38
103 182 24
104 208 15
105 231 21
106 244 24
107 268 32
108 264 60
109 239 70
110 232 74
111 229 91
112 226 100
113 218 119
114 245 149
115 247 160
116 229 168
117 227 187
118 234 204
119 246 215
120 278 205
121 283 206
122 305 203
123 301 175
124 280 179
