Duration[s]: 0.260257 Porcentaje: 0 TerminoTodo: 1
Convexos: 42 VerticesConvexos: 232
0 1 149
132 133 134 135
131 132 135 136 137 138
126 127 128 129 130 131 138 139
123 124 125 126 139 140 141 142
23 24 25
17 18 19 20 21 22 23 25
16 17 25 26
77 78 79 80 81
83 84 85 86
82 83 86 87
81 82 87
76 77 81 87 88
75 76 88 89 90
95 96 97
74 75 90 91 92 93 94 95 97 98 99 100 101
73 74 101 102 103
72 73 103 104 105
72 105 106 107 108
33 34 35 36
41 42 43 44 45 46
40 41 46 47 48
38 39 40 48 49 50
37 38 50 51 52
32 33 36 37 52
58 59 60 61 62 63 64 65
55 56 57 58 65 66 67 68
54 55 68 69 70
53 54 70 71
31 32 52 53 71 72
30 31 72 108 109
27 28 29 30 109 110
15 16 26 27 110 111 112
114 115 116 117 118 119
113 114 119 120 121
14 15 112 113 121 122
13 14 122 123 142 143
12 13 143 144
11 12 144 145 146
7 8 9 10 11 146 147
4 5 6 7 147 148
1 2 3 4 148 149
0 626 388
1 620 407
2 619 422
3 604 444
4 585 458
5 579 466
6 564 478
7 532 479
8 528 480
9 521 479
10 499 474
11 496 450
12 493 433
13 489 423
14 474 412
15 468 412
16 443 416
17 439 423
18 440 436
19 429 463
20 310 443
21 300 422
22 309 399
23 343 386
24 360 377
25 380 397
26 391 389
27 401 358
28 373 336
29 372 320
30 379 294
31 338 270
32 313 275
33 311 280
34 311 307
35 302 322
36 281 338
37 273 351
38 262 374
39 262 399
40 260 404
41 252 449
42 193 432
43 147 406
44 129 383
45 151 374
46 197 390
47 197 346
48 206 315
49 184 278
50 212 255
51 243 224
52 274 220
53 255 179
54 238 162
55 219 170
56 195 208
57 156 223
58 104 224
59 117 240
60 124 271
61 125 303
62 61 303
63 39 254
64 45 205
65 56 167
66 110 105
67 190 55
68 258 64
69 277 93
70 277 136
71 307 172
72 347 192
73 436 202
74 472 179
75 424 87
76 357 57
77 361 104
78 359 140
79 346 140
80 317 97
81 339 80
82 297 47
83 272 28
84 263 33
85 236 18
86 259 6
87 339 31
88 352 20
89 399 26
90 419 34
91 440 31
92 467 32
93 491 37
94 502 52
95 528 92
96 550 124
97 553 153
98 558 169
99 558 204
100 555 226
101 543 239
102 540 245
103 485 237
104 481 247
105 453 269
106 448 280
107 442 287
108 438 284
109 436 297
110 456 315
111 489 324
112 495 327
113 514 331
114 532 313
115 520 291
116 552 278
117 592 282
118 589 314
119 570 327
120 570 335
121 569 347
122 569 349
123 571 349
124 587 339
125 598 334
126 607 330
127 609 323
128 614 316
129 629 316
130 631 320
131 632 328
132 633 335
133 634 338
134 631 352
135 630 353
136 627 361
137 624 363
138 616 367
139 597 377
140 593 381
141 585 387
142 570 395
143 563 403
144 562 407
145 564 410
146 562 422
147 564 422
148 591 417
149 599 403
