Duration[s]: 0.351289 Porcentaje: 0 TerminoTodo: 1
Convexos: 36 VerticesConvexos: 224
0 1 2 47 48 149
10 11 12
4 5 6 7 8 9 10 12 13
3 4 13 14 15 16 17 18 19
2 3 19 20
24 25 26 27 28 29 30 31 43 44 45
2 20 21 47
124 125 126 127 128 129 130 131
118 119 120 121
118 121 122 123
117 118 123 124 131 132
111 112 113 114
109 110 111 114 115
109 115 116
109 116 117 132 133 134 135 136 137 138
139 140 141 142 143
108 109 138 139 143 144
56 57 58 59
61 62 63 64 65
68 69 70 71 72 73
66 67 68 73 74 75
60 61 65 66 75 76 84 85
54 55 56 59 87 88 89 90
53 54 90 91 92 93 94 95
98 99 100 101 102
96 97 98 102 103
52 53 95 96 105 106 107
51 52 107 108 144 145
145 146 147
49 50 51 145 147 148
48 49 148 149
22 23 24 31 32 33 34 35 36 37 38 39 40 41 42 43 45 46
21 22 46 47
77 78 79 80 81 82 83 96 103 104 105
76 77 83 84
59 60 85 86 87
0 213 69
1 252 65
2 300 65
3 263 47
4 232 47
5 216 55
6 198 60
7 178 53
8 173 39
9 179 29
10 189 27
11 212 20
12 215 26
13 220 28
14 231 24
15 248 18
16 274 15
17 284 15
18 295 20
19 297 33
20 300 38
21 306 40
22 322 42
23 346 26
24 398 21
25 420 15
26 452 16
27 491 25
28 519 34
29 535 47
30 554 63
31 572 80
32 605 109
33 609 128
34 610 162
35 608 188
36 560 259
37 530 285
38 511 292
39 489 296
40 443 285
41 392 267
42 361 246
43 351 228
44 327 186
45 323 149
46 316 112
47 309 80
48 289 88
49 274 108
50 277 151
51 276 182
52 259 218
53 250 261
54 263 282
55 285 252
56 292 249
57 297 232
58 333 274
59 316 322
60 328 329
61 390 319
62 385 301
63 398 300
64 431 303
65 443 313
66 487 313
67 520 300
68 543 310
69 592 298
70 631 318
71 639 367
72 639 384
73 631 393
74 629 397
75 610 410
76 606 419
77 605 433
78 605 447
79 600 461
80 575 472
81 553 479
82 536 478
83 524 477
84 501 476
85 466 475
86 441 476
87 350 477
88 347 478
89 274 479
90 228 477
91 207 479
92 170 477
93 154 458
94 153 434
95 153 413
96 130 394
97 127 400
98 120 413
99 112 428
100 71 434
101 57 412
102 97 387
103 87 362
104 73 339
105 104 333
106 104 317
107 115 285
108 119 264
109 120 234
110 101 253
111 92 255
112 42 300
113 8 235
114 59 241
115 68 234
116 92 210
117 91 190
118 53 173
119 50 196
120 49 196
121 40 168
122 25 146
123 58 120
124 63 112
125 35 79
126 41 65
127 86 19
128 93 17
129 98 32
130 99 54
131 99 63
132 109 80
133 124 50
134 134 45
135 145 57
136 147 70
137 149 88
138 148 117
139 175 125
140 186 115
141 208 130
142 209 137
143 207 159
144 208 175
145 257 162
146 231 140
147 223 118
148 211 99
149 202 93
