Duration[s]: 0.0998513 Porcentaje: 0 TerminoTodo: 1
Convexos: 23 VerticesConvexos: 144
0 1 99
15 16 17 18 19 20 21
14 15 21 22 23
32 33 34 35 36 37 38
40 41 42 43
31 32 38 39 40 43 44
29 30 31 44
28 29 44 45 46 47
28 47 48
27 28 48 49
74 75 76 77 78
67 68 69 70 71 72 73 74 78 79 80
64 65 66 67 80 81 82 83
63 64 83 84 85 86 87
57 58 59 60 61 62 63 87 88
52 53 54 55 56 57 88 89
27 49 50 51 52 89 90
26 27 90
26 90 91
13 14 23 24 25 26 91 92 93
12 13 93 94 95 96 97
10 11 12 97 98
1 2 3 4 5 6 7 8 9 10 98 99
0 448 288
1 472 299
2 489 315
3 490 343
4 489 362
5 449 383
6 404 390
7 390 390
8 367 378
9 353 353
10 352 334
11 305 326
12 317 312
13 290 276
14 233 282
15 228 365
16 248 367
17 331 397
18 337 414
19 264 432
20 196 425
21 145 384
22 146 322
23 207 284
24 194 224
25 206 183
26 322 215
27 309 131
28 227 66
29 175 90
30 170 174
31 160 169
32 125 202
33 128 224
34 105 276
35 42 282
36 21 252
37 29 221
38 75 182
39 59 142
40 64 117
41 68 88
42 94 74
43 126 83
44 164 67
45 184 39
46 205 15
47 254 39
48 258 53
49 290 58
50 322 40
51 332 36
52 342 34
53 368 28
54 421 35
55 443 44
56 452 48
57 461 53
58 477 60
59 503 79
60 518 102
61 524 112
62 538 173
63 538 186
64 545 205
65 562 210
66 577 226
67 579 244
68 584 270
69 586 291
70 587 308
71 588 331
72 588 353
73 586 370
74 562 383
75 554 388
76 522 387
77 519 377
78 516 363
79 505 332
80 500 312
81 487 296
82 475 274
83 471 266
84 462 259
85 437 235
86 433 229
87 418 199
88 397 201
89 389 206
90 391 234
91 392 235
92 402 241
93 405 246
94 421 260
95 423 265
96 426 275
97 428 294
98 435 301
99 444 299
