Duration[s]: 0.162269 Porcentaje: 0 TerminoTodo: 1
Convexos: 24 VerticesConvexos: 147
57 58 59 60 61 62
69 70 71 72
80 81 82 83 84
78 79 80 84 85
77 78 85 86 87 88
75 76 77 88 89
73 74 75 89 90 91
92 93 94 95 96
68 69 72 73 91 92 96 97
64 65 66 67 68 97 98
63 64 98 99
10 11 12 13 14 15 16 17 18 19 20
45 46 47 48 49 50 51
45 51 52 53 54
28 29 30 31 32 33
25 26 27 28 33 34
37 38 39 40 41
35 36 37 41 42
34 35 42 43 44
23 24 25 34 44 45 54
7 8 9 22 23 54 55
0 1 2 3 4 5 6 7 55 56
0 10 20 21 22 56 99
56 57 62 63 99
0 410 383
1 394 396
2 374 405
3 335 409
4 325 409
5 280 404
6 254 397
7 248 394
8 204 380
9 186 369
10 170 368
11 196 382
12 209 392
13 233 414
14 219 423
15 187 425
16 129 417
17 104 401
18 92 380
19 91 356
20 93 338
21 102 327
22 132 305
23 143 293
24 139 275
25 137 255
26 128 235
27 121 205
28 146 130
29 148 116
30 210 89
31 225 87
32 224 148
33 218 158
34 222 169
35 239 157
36 240 121
37 241 96
38 274 79
39 332 65
40 437 70
41 380 84
42 352 110
43 455 139
44 397 153
45 549 165
46 568 108
47 584 64
48 608 42
49 638 96
50 612 141
51 584 162
52 606 186
53 538 237
54 434 219
55 428 226
56 439 273
57 503 291
58 521 279
59 603 255
60 603 268
61 574 298
62 537 323
63 537 341
64 551 363
65 559 371
66 567 395
67 566 408
68 501 428
69 488 438
70 489 450
71 448 453
72 441 447
73 398 438
74 392 464
75 377 469
76 374 479
77 310 479
78 274 474
79 264 475
80 239 461
81 214 452
82 261 438
83 274 437
84 298 448
85 302 448
86 319 434
87 332 431
88 333 437
89 354 428
90 366 421
91 373 419
92 376 418
93 388 413
94 394 411
95 410 410
96 433 411
97 436 411
98 442 390
99 442 360
