Duration[s]: 0.380355 Porcentaje: 0 TerminoTodo: 1
Convexos: 41 VerticesConvexos: 230
0 1 49 50 147 148 149
7 8 9 10 11 12 13 14 15
5 6 7 15 16 17 18
22 23 24 25
4 5 18 19 20 21 22 25 26 27
2 3 4 27 28 29
41 42 43 44 45 46 47
40 41 47 48
33 34 35 36
30 31 32 33 36 37 38 39
1 2 29 30 39 40 48 49
52 53 54 55 56
59 60 61 62 63
68 69 70 71 72
67 68 72 73 74
79 80 81 82
75 76 77 78 79 82 83
89 90 91 92 93 94 95
88 89 95 96
86 87 88 96 97
84 85 86 97
66 67 74 75 83 84 97 98
64 65 66 98 99
107 108 109 110 111
106 107 111
106 111 112
105 106 112 113 114 115 116 117 118
120 121 122 123 124
119 120 124 125
104 105 118 119 125 126
103 104 126 127
129 130 131 132 133 134 135
128 129 135 136 137
128 137 138
127 128 138 139 140
101 102 103 127 140 141
99 100 101 141 142
58 59 63 64 99 142 143 144
57 58 144 145
51 52 56 57 145 146
50 51 146 147
0 223 192
1 195 194
2 187 206
3 186 224
4 171 247
5 217 244
6 228 239
7 232 245
8 240 256
9 244 274
10 244 279
11 243 285
12 241 293
13 238 296
14 232 299
15 227 301
16 221 304
17 216 306
18 213 304
19 208 305
20 183 300
21 172 296
22 164 292
23 141 282
24 130 275
25 118 264
26 109 257
27 107 253
28 100 236
29 98 229
30 94 223
31 91 219
32 86 209
33 83 202
34 79 193
35 76 179
36 75 165
37 74 154
38 75 140
39 78 126
40 78 109
41 73 97
42 52 77
43 51 51
44 57 43
45 77 31
46 95 35
47 115 55
48 137 71
49 146 76
50 171 78
51 185 68
52 186 49
53 186 42
54 201 34
55 222 37
56 235 60
57 259 76
58 277 78
59 286 59
60 286 44
61 300 23
62 349 34
63 344 52
64 354 61
65 401 89
66 408 101
67 420 92
68 398 50
69 388 36
70 403 20
71 413 27
72 432 51
73 436 53
74 461 74
75 503 67
76 467 30
77 504 16
78 525 26
79 547 53
80 596 76
81 599 97
82 588 106
83 595 130
84 562 154
85 557 165
86 523 175
87 543 194
88 555 218
89 559 241
90 525 262
91 477 264
92 420 217
93 402 186
94 405 168
95 448 183
96 466 186
97 454 153
98 405 138
99 329 136
100 350 188
101 327 209
102 397 261
103 401 299
104 446 325
105 488 338
106 526 343
107 547 278
108 550 268
109 594 288
110 596 321
111 571 344
112 579 363
113 594 386
114 608 413
115 605 434
116 581 448
117 542 448
118 508 402
119 433 385
120 448 442
121 465 475
122 361 463
123 327 417
124 352 383
125 340 347
126 319 308
127 311 260
128 268 262
129 310 330
130 306 357
131 292 391
132 263 424
133 253 408
134 231 355
135 268 340
136 263 317
137 262 291
138 252 249
139 243 212
140 260 214
141 280 202
142 282 187
143 275 178
144 275 170
145 261 157
146 257 156
147 256 172
148 256 184
149 253 188
