Duration[s]: 0.209227 Porcentaje: 0 TerminoTodo: 1
Convexos: 24 VerticesConvexos: 173
0 1 124
10 11 12 13 14 15 16 17 18 19 20 21 22 23
7 8 9 10 23 24
27 28 29 30 31 32 33 34 35 36 37 38 39
44 45 46 47 48 49 50 51 52
42 43 44 52 53 54
41 42 54 55 56 57
58 59 60 61 62
40 41 57 58 62 63
67 68 69 70 71 72
73 74 75 76 77 78 79 80
66 67 72 73 80 81 82 83
84 85 86 87 88 89 93 94 95 96
64 65 66 83 84 96 97
103 104 105 106 107 108
98 99 100 101 102 103 108
97 98 108 109
25 26 63 64 97 109 110
7 24 25 110 111
7 111 112 113 114 115 116 117 118
6 7 118 119
6 119 120 121 122 123
1 2 3 4 5 6 123 124
26 27 39 40 63 89 90 91 92 93
0 555 387
1 534 383
2 516 373
3 511 360
4 511 342
5 517 333
6 526 332
7 497 304
8 497 344
9 493 364
10 480 392
11 527 395
12 533 404
13 536 419
14 535 426
15 532 429
16 521 434
17 481 445
18 462 449
19 433 448
20 394 436
21 381 426
22 379 406
23 381 386
24 393 372
25 414 345
26 353 330
27 318 361
28 345 402
29 355 425
30 350 435
31 346 438
32 313 444
33 277 443
34 232 435
35 200 416
36 191 401
37 191 377
38 195 361
39 218 355
40 220 317
41 163 284
42 104 313
43 157 369
44 162 395
45 170 426
46 125 447
47 69 427
48 62 417
49 51 397
50 50 370
51 53 351
52 68 335
53 71 313
54 79 295
55 82 270
56 86 244
57 117 199
58 109 184
59 85 161
60 133 150
61 161 174
62 175 193
63 263 214
64 249 174
65 231 152
66 224 135
67 207 135
68 217 154
69 214 167
70 179 163
71 172 143
72 165 117
73 138 104
74 132 124
75 125 126
76 116 128
77 74 114
78 57 102
79 61 68
80 75 50
81 159 54
82 202 70
83 229 98
84 263 78
85 294 54
86 326 48
87 344 48
88 425 51
89 444 59
90 483 72
91 504 88
92 515 107
93 518 125
94 522 139
95 522 160
96 511 181
97 510 195
98 550 195
99 551 165
100 554 122
101 565 107
102 568 107
103 581 118
104 585 121
105 594 161
106 594 177
107 589 192
108 569 203
109 568 218
110 570 241
111 579 248
112 594 249
113 605 256
114 613 267
115 616 288
116 604 312
117 591 314
118 572 316
119 571 317
120 587 345
121 587 360
122 581 368
123 568 373
124 558 378
