Duration[s]: 0.133765 Porcentaje: 0 TerminoTodo: 1
Convexos: 20 VerticesConvexos: 138
0 18 93 94 95 97 98 99
6 7 8 9 10 11 12 13 14 15 16 17
0 1 2 3 4 5 6 17 18
24 25 26 27
62 63 64 65 66 67 68 69 70 71
57 58 59 60 61 62 71
56 57 71 72
33 34 35 36 37 38 39
31 32 33 39 40
42 43 44 45 46
41 42 46 47
30 31 40 41 47 48
28 29 30 48 49
28 49 50 51 52 53 54
28 54 55
24 27 28 55 56 72 73
23 24 73 74 75
20 21 22 23 75 76 77 78 79 80 81 82
18 19 20 82 83 84 85 86 87 88 89 90 91 92 93
95 96 97
0 307 420
1 276 421
2 225 421
3 189 411
4 158 392
5 138 376
6 119 351
7 102 329
8 99 311
9 100 277
10 112 246
11 147 223
12 164 214
13 195 210
14 267 215
15 283 231
16 286 296
17 287 325
18 335 338
19 334 320
20 483 324
21 417 297
22 395 271
23 389 240
24 346 196
25 343 223
26 324 262
27 262 194
28 176 157
29 204 191
30 155 186
31 112 195
32 89 223
33 62 254
34 75 295
35 84 327
36 44 336
37 22 308
38 0 258
39 24 215
40 64 200
41 64 167
42 46 148
43 10 121
44 17 90
45 58 88
46 85 119
47 115 135
48 122 131
49 107 87
50 110 66
51 142 24
52 160 18
53 182 43
54 182 86
55 193 101
56 232 106
57 252 99
58 260 53
59 295 38
60 343 35
61 381 35
62 436 48
63 471 55
64 495 62
65 526 75
66 545 99
67 556 131
68 546 149
69 522 153
70 478 140
71 421 112
72 440 133
73 505 167
74 524 171
75 534 186
76 556 200
77 584 221
78 599 243
79 600 258
80 600 286
81 585 312
82 548 341
83 562 355
84 571 372
85 571 379
86 570 388
87 566 392
88 558 398
89 543 406
90 537 409
91 521 416
92 501 420
93 481 420
94 459 424
95 435 426
96 423 428
97 395 429
98 375 430
99 334 428
