Duration[s]: 0.284018 Porcentaje: 0 TerminoTodo: 1
Convexos: 27 VerticesConvexos: 179
0 111 112 124
11 12 13 14
16 17 18 19 20
0 1 2 3 4 5 6 7 8 9 10 11 14 15 16 20 21
44 45 46 47 48 49 50 51 52
41 42 43 44 52 53
54 55 56 57 58 59
54 59 60
61 62 63 64 65
54 60 61 65
40 41 53 54 65 66
39 40 66 67 68 69 70 71 72
36 37 38 39 72 73
75 76 77 78 79 80 81 82
74 75 82 83
32 33 34 35 36 73 74 83 84
86 87 90 91 92 93 94 95
31 32 84 85 86 95 96
28 29 100 101 102 103
27 28 103 104 105 106
26 27 106 107
25 26 107 108 109
22 23 24 25 109 110
0 21 22 110 111
112 113 114 115 116 117 118 119 120 121 122 123 124
30 31 87 88 89 90 96 97 98 99
29 30 99 100
0 204 127
1 221 108
2 241 96
3 267 90
4 295 90
5 311 95
6 326 107
7 329 128
8 329 141
9 328 152
10 325 162
11 318 168
12 314 172
13 309 175
14 290 181
15 287 182
16 276 183
17 265 185
18 258 184
19 241 179
20 229 174
21 218 170
22 204 166
23 193 190
24 177 196
25 159 199
26 141 203
27 121 221
28 118 241
29 122 269
30 127 272
31 157 282
32 176 278
33 176 243
34 179 225
35 201 214
36 218 209
37 233 204
38 260 206
39 312 226
40 335 230
41 348 217
42 354 185
43 386 136
44 415 95
45 418 81
46 450 72
47 464 75
48 474 78
49 519 103
50 519 113
51 517 130
52 490 146
53 485 155
54 485 183
55 520 204
56 526 209
57 528 246
58 527 257
59 524 260
60 514 271
61 516 290
62 521 301
63 485 344
64 462 367
65 444 377
66 436 387
67 434 393
68 419 398
69 391 407
70 387 406
71 371 393
72 336 350
73 306 337
74 298 362
75 314 382
76 326 389
77 339 405
78 344 419
79 320 432
80 270 443
81 222 433
82 233 412
83 233 373
84 180 338
85 179 361
86 172 384
87 169 413
88 167 433
89 150 439
90 111 425
91 108 424
92 83 413
93 57 398
94 56 386
95 70 379
96 71 363
97 51 329
98 51 322
99 56 291
100 53 274
101 51 264
102 49 228
103 53 213
104 54 203
105 57 190
106 66 173
107 70 150
108 71 125
109 96 114
110 116 99
111 131 72
112 139 54
113 143 28
114 152 20
115 172 9
116 181 9
117 193 10
118 204 11
119 223 21
120 228 27
121 236 37
122 237 50
123 236 65
124 224 78
