Duration[s]: 0.274397 Porcentaje: 0 TerminoTodo: 1
Convexos: 35 VerticesConvexos: 193
0 117 118 124
118 119 120 121 122 123 124
10 11 12
12 13 14
42 43 44 45 46 47 48
41 42 48 49
35 36 37 38 39 40
34 35 40 41 49 50 51 52
31 32 33 34 52 53
59 60 61 62 63 64 65 66
68 69 70 71 72 73 74 75 76
67 68 76 77
79 80 81 82
82 83 84 85
86 87 88 89 90 91
78 79 82 85 86 91 92
67 77 78 92
66 67 92 93
58 59 66 93 94 95 96
53 54 55 56 57 58 96
14 15 16
25 26 27 28
23 24 25 28
20 21 22
17 18 19 20 22 23 28 29
14 16 17 29 30
14 30 31 53 96 97
9 10 12 14 97 98
5 6 7 8 9 98 99 100 101
4 5 101 102
3 4 102 103 104
2 3 104 105
1 2 105 106 107 108 109 110 111 112 113
0 1 113 114
0 114 115 116 117
0 568 75
1 538 89
2 529 97
3 518 109
4 524 141
5 542 150
6 569 156
7 586 171
8 592 191
9 549 208
10 541 227
11 583 241
12 516 271
13 541 280
14 432 281
15 534 315
16 523 319
17 473 344
18 520 357
19 524 359
20 524 365
21 585 385
22 517 403
23 492 415
24 505 424
25 448 450
26 445 461
27 404 459
28 359 421
29 356 398
30 321 380
31 294 395
32 306 426
33 308 444
34 298 439
35 291 441
36 251 456
37 222 461
38 196 448
39 183 436
40 149 400
41 147 399
42 149 435
43 154 444
44 135 447
45 119 444
46 92 421
47 85 398
48 101 393
49 103 375
50 83 357
51 102 349
52 134 349
53 113 312
54 99 307
55 91 293
56 86 279
57 120 241
58 136 234
59 99 208
60 89 202
61 89 180
62 90 159
63 125 140
64 158 130
65 202 133
66 241 147
67 219 70
68 152 79
69 121 109
70 116 111
71 95 118
72 92 118
73 81 88
74 84 58
75 98 53
76 104 54
77 137 56
78 171 50
79 188 40
80 207 23
81 230 27
82 240 37
83 262 27
84 282 21
85 304 43
86 355 48
87 372 40
88 408 41
89 415 44
90 409 89
91 398 91
92 386 98
93 364 130
94 386 155
95 393 163
96 370 202
97 401 211
98 441 172
99 429 159
100 431 143
101 439 132
102 439 108
103 435 93
104 445 80
105 447 70
106 449 52
107 460 41
108 466 38
109 484 30
110 490 29
111 504 28
112 520 33
113 530 39
114 532 40
115 580 45
116 584 48
117 583 75
118 587 91
119 596 105
120 591 131
121 555 127
122 549 115
123 547 95
124 555 88
