Duration[s]: 0.117652 Porcentaje: 0 TerminoTodo: 1
Convexos: 33 VerticesConvexos: 164
0 85 97 98 99
11 12 13 14 15 16 17 18
9 10 11 18 19
8 9 19
22 23 24
21 22 24 25
33 34 35 36 37 38 39
31 32 33 39 40
30 31 40 41
28 29 30 41 42
27 28 42 43 44 45 46 47
26 27 47 48
21 25 26 48 49
49 50 51 52 53 54
7 8 19 20 21 49 54 55
6 7 55 56
5 6 56
62 63 64 65 66 67 68 69
60 61 62 69 70 71 72
60 72 73 74
57 58 59 60 74 75
57 75 76 77
4 5 56 57 77 78
3 4 78 79
2 3 79 80
1 2 80 81
0 1 81 82 83 84 85
91 92 93
90 91 93
90 93 94 95
86 87 88 89
86 89 90 95 96
85 86 96 97
0 206 54
1 207 58
2 218 69
3 237 83
4 251 91
5 278 102
6 298 107
7 309 107
8 350 106
9 384 95
10 400 88
11 427 77
12 448 68
13 480 60
14 508 66
15 515 74
16 520 86
17 511 133
18 475 155
19 472 184
20 490 196
21 502 205
22 575 160
23 577 150
24 584 193
25 541 209
26 508 229
27 524 269
28 538 280
29 544 282
30 542 298
31 541 347
32 546 366
33 508 392
34 485 414
35 430 412
36 403 397
37 376 379
38 399 363
39 415 353
40 433 336
41 435 319
42 405 309
43 385 309
44 377 305
45 361 281
46 393 271
47 440 264
48 433 248
49 393 221
50 350 223
51 326 224
52 318 198
53 330 179
54 341 181
55 304 148
56 264 138
57 252 165
58 281 197
59 280 231
60 253 246
61 277 286
62 288 309
63 324 360
64 328 373
65 327 401
66 277 413
67 255 403
68 237 354
69 241 333
70 231 324
71 223 311
72 216 293
73 175 264
74 178 247
75 181 223
76 171 181
77 202 170
78 205 157
79 202 132
80 199 122
81 189 105
82 171 101
83 157 96
84 153 83
85 160 56
86 128 82
87 131 121
88 129 149
89 92 198
90 84 210
91 119 255
92 68 267
93 81 228
94 62 178
95 91 124
96 103 53
97 156 17
98 206 33
99 230 45
