Duration[s]: 0.448517 Porcentaje: 0 TerminoTodo: 1
Convexos: 21 VerticesConvexos: 140
0 96 97 98 99
9 10 11 12 13 14 15
17 18 19 20 21 22
16 17 22 23
31 32 33 34
24 25 26 27 28 29 30 31 34 35
40 41 42 43 44
52 53 54 55 56 57 58
50 51 52 58 59
47 48 49 50 59 60
45 46 47 60 61 62 63
37 38 39 40 44 45 63
36 37 63 64
67 68 69 70 71 72
66 67 72 73 74 75 76 77 78 79 80 81 82 83 84 85
65 66 85 86 87
16 23 24 35 36 64 65 87 88
8 9 15 16 88 89
7 8 89 90 91 92
2 3 4 5 6 7 92 93 94
0 1 2 94 95 96
0 59 281
1 59 268
2 63 246
3 66 215
4 87 195
5 104 190
6 110 201
7 110 230
8 124 232
9 155 206
10 134 185
11 130 175
12 140 145
13 165 143
14 177 165
15 180 189
16 215 185
17 220 165
18 214 143
19 229 121
20 264 109
21 280 120
22 279 144
23 282 149
24 312 142
25 313 121
26 325 112
27 356 100
28 393 91
29 413 92
30 427 96
31 430 102
32 439 116
33 439 132
34 426 144
35 423 150
36 423 161
37 427 172
38 443 173
39 460 175
40 480 182
41 502 182
42 515 192
43 512 205
44 502 217
45 505 232
46 536 250
47 514 266
48 538 280
49 539 282
50 527 293
51 544 320
52 547 340
53 549 354
54 525 376
55 503 388
56 468 385
57 447 365
58 493 344
59 486 320
60 458 295
61 436 277
62 429 263
63 424 230
64 394 230
65 364 256
66 368 278
67 374 298
68 402 330
69 402 352
70 388 377
71 384 380
72 360 387
73 304 409
74 222 425
75 205 428
76 184 430
77 170 431
78 161 430
79 137 424
80 121 417
81 114 413
82 108 409
83 104 406
84 86 391
85 85 388
86 83 383
87 81 377
88 79 372
89 77 368
90 74 365
91 72 361
92 69 352
93 68 351
94 67 346
95 64 342
96 61 337
97 55 326
98 52 319
99 48 305
