Duration[s]: 0.134569 Porcentaje: 0 TerminoTodo: 1
Convexos: 42 VerticesConvexos: 232
0 17 149
10 11 12 13 14
6 7 8 9 10 14 15
3 4 5 6 15 16
0 1 2 3 16 17
18 19 20
140 141 142 143 144 145 146
139 140 146 147
136 137 138 139 147 148
25 26 27 28 29
126 127 128 129 130 131
125 126 131 132 133
88 89 90 91 92 93
93 94 95 96 97
86 87 88 93 97 98
81 82 83 84 85 86 98 99
80 81 99 100
79 80 100 101
77 78 79 101 102
76 77 102 103 104 105
67 68 69 70 71 72 73 74
65 66 67 74 75
65 75 76
59 60 61 62 63 64 65 76 105 106
58 59 106 107 108
57 58 108 109 110
56 57 110 111
52 53 54 55 56 111
45 46 47 48 49 50 51 52 111 112
44 45 112 113
114 115 116 117 118 119
43 44 113 114 119 120
42 43 120 121 122
41 42 122 123
40 41 123
33 34 35 36 37 38 39
32 33 39 40 123 124
31 32 124 125 133
23 24 25 29 30 31 133 134
21 22 23 134 135
20 21 135 136 148 149
17 18 20 149
0 589 260
1 612 249
2 626 244
3 628 263
4 631 277
5 633 298
6 626 324
7 628 362
8 626 397
9 621 421
10 594 422
11 577 391
12 576 355
13 578 345
14 588 365
15 601 336
16 599 303
17 570 279
18 563 302
19 580 315
20 545 321
21 544 345
22 546 376
23 538 390
24 531 409
25 485 425
26 517 432
27 478 445
28 432 446
29 427 442
30 410 435
31 384 411
32 376 410
33 366 417
34 357 426
35 347 434
36 317 444
37 301 443
38 279 431
39 273 414
40 265 399
41 255 389
42 245 387
43 234 387
44 225 389
45 193 402
46 183 409
47 175 414
48 127 433
49 117 429
50 89 410
51 75 387
52 74 358
53 64 319
54 66 293
55 91 281
56 108 274
57 119 235
58 107 217
59 87 191
60 60 164
61 59 129
62 63 96
63 88 81
64 108 78
65 165 86
66 190 39
67 225 28
68 258 24
69 313 22
70 338 23
71 348 51
72 331 84
73 277 92
74 224 51
75 207 77
76 208 133
77 270 134
78 320 122
79 325 133
80 380 132
81 386 110
82 391 74
83 394 53
84 426 47
85 465 40
86 477 63
87 500 26
88 539 20
89 566 7
90 590 33
91 587 56
92 576 86
93 523 61
94 521 94
95 517 122
96 493 146
97 458 153
98 440 157
99 407 181
100 370 207
101 348 186
102 317 170
103 305 189
104 256 200
105 225 173
106 185 185
107 198 214
108 165 237
109 172 264
110 167 293
111 149 321
112 163 333
113 198 333
114 226 298
115 221 258
116 224 210
117 265 222
118 286 254
119 267 278
120 263 322
121 309 326
122 303 356
123 314 369
124 356 361
125 355 326
126 336 299
127 329 274
128 339 241
129 389 230
130 411 253
131 386 282
132 414 319
133 404 349
134 477 359
135 467 321
136 447 265
137 446 216
138 478 189
139 506 181
140 540 164
141 552 128
142 575 116
143 588 133
144 583 161
145 569 182
146 529 215
147 499 228
148 487 253
149 532 261
