Duration[s]: 0.115827 Porcentaje: 0 TerminoTodo: 1
Convexos: 30 VerticesConvexos: 160
0 4 99
0 1 2 3 4
75 76 77 78 79
87 88 89 90 91 92
80 81 82 83 84 85 86 87 92 93
79 80 93 94
79 94 95 96 97
74 75 79 97 98
68 69 70 71 72
8 9 10 11 12
7 8 12 13
23 24 25 26 27 28 29 30 31
20 21 22 23 31 32
18 19 20 32 33
17 18 33 34
36 37 38
35 36 38 39 40 41
35 41 42
16 17 34 35 42 43 44 45
46 47 48 49
56 57 58 59
51 52 53 54
50 51 54 55
15 45 46 49 50 55 59 60 61
14 15 61 62
13 14 62 63 64
6 7 13 64 65 66 67
5 6 67 68 72 73
4 5 73 74 98 99
15 16 45 55 56 59
0 219 363
1 218 329
2 237 325
3 243 337
4 249 363
5 275 366
6 285 360
7 298 330
8 271 296
9 291 250
10 343 191
11 370 232
12 309 274
13 397 301
14 410 259
15 393 172
16 227 117
17 235 204
18 210 239
19 202 277
20 166 309
21 144 312
22 130 310
23 107 296
24 87 276
25 78 258
26 75 243
27 75 227
28 76 209
29 84 194
30 111 192
31 111 210
32 136 230
33 147 230
34 163 218
35 157 171
36 115 145
37 89 136
38 87 109
39 84 88
40 115 81
41 133 85
42 146 75
43 146 38
44 187 38
45 208 57
46 254 44
47 291 14
48 352 21
49 365 47
50 386 51
51 434 41
52 440 34
53 477 48
54 462 74
55 457 100
56 532 120
57 545 113
58 565 142
59 521 176
60 534 204
61 510 225
62 507 247
63 541 273
64 512 301
65 541 324
66 536 343
67 471 373
68 509 386
69 481 411
70 427 442
71 419 438
72 399 418
73 353 402
74 330 409
75 330 421
76 332 428
77 252 435
78 243 430
79 240 423
80 209 424
81 203 432
82 172 441
83 152 442
84 148 442
85 131 439
86 108 425
87 84 401
88 71 389
89 71 370
90 85 361
91 109 368
92 121 385
93 129 388
94 149 393
95 158 379
96 180 383
97 194 391
98 207 384
99 215 372
