Duration[s]: 0.156933 Porcentaje: 0 TerminoTodo: 1
Convexos: 27 VerticesConvexos: 179
0 12 13 103 104 105 106 124
111 112 113 114 115 116 117 118
109 110 111 118 119
108 109 119 120
106 107 108 121 122
106 122 123 124
0 1 2 3 4 5 6 7 8 9 10 11 12
81 82 83 84 85 86 87 88 89 90 91 92 93
79 80 81 93 94
77 78 79 94 95
97 98 99 100 101
96 97 101 102
18 19 20 21 22 23 24 25 26 27 28 29 30 31 32 33
16 17 18 33
15 16 33 34
39 40 41 42 43
44 45 46 47 48 49 50
39 43 44 50 51 52 53 54 55 56 57 58 59 60 61
38 39 61 62
64 65 66 67 68 69 70
63 64 70 71 72 73
37 38 62 63 73
35 36 37 73
34 35 73
14 15 34 73 74
13 14 74 75 76 102 103
76 77 95 96 102 108 120 121
0 131 117
1 124 100
2 121 77
3 125 62
4 146 51
5 171 43
6 202 41
7 228 46
8 246 58
9 252 71
10 255 86
11 253 101
12 230 113
13 233 123
14 248 128
15 281 130
16 279 115
17 277 108
18 274 89
19 271 77
20 273 51
21 296 33
22 325 20
23 362 14
24 420 12
25 483 18
26 522 27
27 544 43
28 567 117
29 558 144
30 527 173
31 493 201
32 455 212
33 361 216
34 303 210
35 321 234
36 349 236
37 410 289
38 432 300
39 449 304
40 446 279
41 474 226
42 504 224
43 529 255
44 564 246
45 578 217
46 630 187
47 639 191
48 639 232
49 628 268
50 607 300
51 623 323
52 639 365
53 640 382
54 639 413
55 576 450
56 533 446
57 506 438
58 481 427
59 465 415
60 442 393
61 435 370
62 398 324
63 345 361
64 364 394
65 408 431
66 393 451
67 322 442
68 270 409
69 250 386
70 282 347
71 272 322
72 255 277
73 282 257
74 236 233
75 214 262
76 160 288
77 164 309
78 174 331
79 180 347
80 201 354
81 203 371
82 227 408
83 230 426
84 230 430
85 214 448
86 172 464
87 138 464
88 102 458
89 83 440
90 72 418
91 72 386
92 81 374
93 99 372
94 121 363
95 124 328
96 104 302
97 95 309
98 93 335
99 41 315
100 40 295
101 55 288
102 90 262
103 78 236
104 38 210
105 40 197
106 50 166
107 51 156
108 61 126
109 17 108
110 20 85
111 29 71
112 22 51
113 27 28
114 34 15
115 67 9
116 107 20
117 114 30
118 102 40
119 70 68
120 69 89
121 80 104
122 84 108
123 107 112
124 111 124
