Duration[s]: 0.302482 Porcentaje: 0 TerminoTodo: 1
Convexos: 37 VerticesConvexos: 222
0 1 6 7 149
1 2 3 4 5 6
118 119 120 121 122 123 124
117 118 124 125 126 127 128 129 130 131
116 117 131 132
135 136 137 138 139 140 141 142 143 144
134 135 144 145 146 147
133 134 147 148
112 113 114 115 116 132 133 148
12 13 14 15 16 17 18 19 20 21 22
10 11 12 22 23
97 98 99 100 101 102
32 33 34 35 36 37 38
40 41 42 43 44 45
39 40 45 46
47 48 49 50 51 52 53 54 55
46 47 55 56
58 59 60 61 62 63
57 58 63 64 65
31 32 38 39 46 56 57 65 66
28 29 30 31 66 67
73 74 75 76 77
72 73 77 78 79 80
91 92 93 94
83 84 85 86 87 88 89
82 83 89 90 91
81 82 91 94 95
69 70 71 72 80 81 95 96
68 69 96 97
27 28 67 68 97
26 27 97 102 103
24 25 26 103 104
24 104 105
9 10 23 24 105 106
107 108 109
8 9 106 107 109 110
7 8 110 111 112 148 149
0 51 161
1 52 148
2 49 135
3 52 128
4 58 115
5 63 118
6 63 139
7 68 146
8 75 149
9 94 152
10 101 146
11 95 129
12 95 113
13 93 100
14 120 83
15 140 72
16 180 65
17 204 70
18 212 83
19 214 98
20 213 111
21 206 120
22 196 126
23 194 138
24 211 150
25 225 146
26 308 161
27 321 158
28 320 134
29 296 115
30 287 107
31 285 94
32 277 88
33 256 110
34 247 115
35 239 103
36 238 81
37 242 74
38 262 75
39 278 75
40 295 62
41 303 54
42 315 48
43 334 46
44 353 56
45 355 84
46 359 91
47 391 88
48 393 74
49 399 62
50 417 52
51 474 51
52 490 51
53 493 59
54 481 84
55 469 100
56 464 118
57 492 142
58 513 138
59 515 117
60 522 109
61 546 129
62 545 164
63 540 172
64 536 192
65 523 211
66 516 236
67 528 256
68 540 274
69 567 303
70 600 331
71 601 357
72 601 410
73 603 426
74 616 455
75 612 467
76 589 462
77 580 458
78 552 449
79 543 417
80 543 395
81 513 385
82 490 389
83 476 399
84 474 418
85 468 440
86 446 453
87 404 451
88 375 424
89 350 385
90 313 342
91 351 335
92 367 303
93 399 264
94 405 283
95 414 290
96 427 251
97 375 200
98 365 222
99 311 261
100 294 241
101 303 211
102 334 185
103 324 176
104 256 177
105 221 194
106 210 225
107 242 260
108 268 273
109 256 309
110 230 332
111 234 340
112 238 350
113 264 361
114 282 369
115 303 388
116 303 396
117 304 408
118 305 413
119 307 422
120 305 430
121 301 441
122 298 444
123 289 450
124 283 450
125 253 452
126 227 453
127 201 447
128 184 438
129 176 409
130 176 391
131 177 375
132 166 358
133 130 339
134 112 349
135 121 374
136 146 377
137 144 387
138 132 404
139 121 411
140 114 413
141 95 413
142 73 407
143 48 390
144 46 371
145 47 347
146 56 340
147 73 336
148 79 299
149 48 255
