Duration[s]: 0.523212 Porcentaje: 0 TerminoTodo: 1
Convexos: 38 VerticesConvexos: 232
0 148 149
15 16 17
21 22 23 24
27 28 29 30 31 32
35 36 37 38 39 40 41
34 35 41
34 41 42
43 44 45 46 47
48 49 50
33 34 42 43 47 48 50 51 52 53
55 56 57 58 59 60 61 62
54 55 62 63
26 27 32 33 53 54 63 64
25 26 64 65
68 69 70 71 72 73 74 75 76 77
66 67 68 77 78
20 21 24 25 65 66 78 79 80
86 87 88 90 91
84 85 86 91 92
82 83 84 92 93
18 19 81 82 93 94 95 96 97
17 18 97 98
13 14 15 17 98 99
12 13 99 100 101
11 12 101 102
111 112 113 114 115
103 104 105 106 120 121 122 123 124 125
4 5 6 7
3 4 7 8 9 10
129 130 131 132 133 134 143 144
0 1 127 128 145 146
0 146 147 148
19 20 80 81 88 89 90
110 111 115 116 135 136 137 138 139
1 2 107 108 109 110 116 117 118 126 127
2 3 10 11 102 103 106 107 118 119 120 125 126
134 135 139 140 141 142 143
128 129 144 145
0 320 240
1 372 224
2 357 200
3 338 196
4 325 200
5 317 208
6 302 205
7 290 197
8 258 178
9 256 165
10 307 158
11 315 140
12 289 90
13 264 82
14 236 107
15 214 122
16 238 130
17 182 133
18 172 148
19 160 172
20 177 209
21 213 223
22 241 228
23 239 237
24 234 254
25 231 272
26 255 286
27 286 296
28 301 282
29 319 279
30 334 285
31 343 315
32 340 328
33 370 346
34 413 365
35 499 364
36 540 333
37 568 329
38 612 342
39 588 374
40 560 388
41 503 393
42 510 409
43 565 436
44 605 422
45 617 428
46 622 453
47 604 457
48 569 467
49 555 473
50 498 455
51 470 450
52 430 435
53 385 402
54 361 428
55 357 447
56 387 462
57 339 471
58 318 473
59 289 457
60 258 439
61 236 417
62 258 404
63 263 385
64 233 369
65 194 362
66 191 369
67 188 389
68 184 407
69 211 429
70 211 458
71 162 466
72 124 459
73 68 432
74 21 387
75 20 354
76 23 337
77 57 314
78 61 269
79 48 225
80 49 217
81 48 206
82 38 183
83 28 170
84 26 146
85 20 131
86 20 111
87 15 88
88 45 70
89 52 60
90 79 63
91 92 63
92 105 58
93 119 52
94 133 40
95 149 34
96 184 23
97 218 45
98 243 40
99 272 33
100 301 18
101 347 66
102 361 73
103 406 47
104 410 38
105 431 32
106 443 38
107 477 45
108 521 23
109 533 26
110 542 32
111 556 41
112 582 45
113 593 50
114 585 90
115 576 98
116 574 112
117 580 130
118 582 148
119 599 166
120 610 181
121 631 202
122 639 215
123 640 231
124 639 244
125 592 243
126 576 243
127 564 246
128 554 255
129 549 262
130 567 272
131 573 284
132 555 296
133 541 299
134 517 296
135 496 301
136 490 305
137 448 319
138 428 317
139 395 303
140 383 298
141 361 285
142 357 278
143 356 274
144 354 271
145 344 261
146 332 258
147 326 260
148 313 258
149 285 259
