Duration[s]: 0.119018 Porcentaje: 0 TerminoTodo: 1
Convexos: 44 VerticesConvexos: 236
0 1 148 149
11 12 13 14 15 16 17 18 19
22 23 24 25 26 27 28 29 30
31 32 33 34 35 36
21 22 30 31 36
38 39 40 41 42 43
37 38 43 44 45
21 36 37 45 46
20 21 46
10 11 19 20 46 47
10 47 48 49 50 51 52
9 10 52 53
85 86 87 88 89 90
122 123 124 125
106 107 108 109 110 111 112 113 114 115 116 117 118
106 118 119
103 104 105 106 119 120
102 103 120 121
101 102 121 122 125 126
100 101 126 127
97 98 99 100 127 128 129
95 96 97 129 130
94 95 130 131 132
94 132 133
93 94 133 134 135
91 92 93 135 136
84 85 90 91 136 137
84 137 138
84 138 139 140
61 62 63 64 65
60 61 65 66
56 57 58 59 60 66
67 68 69 70 71 72
73 74 75 76
55 56 66 67 72 73 76 77
78 79 80 81 82
77 78 82 83
54 55 77 83 84
54 84 140 141
8 9 53 54 141 142
7 8 142 143 144 145
7 145 146
3 4 5 6 7 146 147
1 2 3 147 148
0 301 72
1 344 63
2 408 71
3 412 92
4 404 112
5 373 127
6 359 130
7 330 132
8 309 126
9 323 187
10 353 202
11 370 180
12 403 138
13 465 124
14 510 130
15 522 153
16 524 169
17 502 199
18 472 203
19 416 201
20 443 235
21 544 303
22 571 262
23 531 210
24 547 169
25 569 163
26 585 168
27 621 191
28 632 221
29 627 255
30 605 262
31 601 285
32 634 336
33 639 367
34 571 393
35 551 377
36 551 348
37 474 346
38 461 363
39 460 399
40 378 400
41 377 367
42 395 341
43 411 327
44 414 321
45 455 302
46 454 266
47 424 259
48 389 300
49 332 320
50 309 296
51 306 262
52 323 239
53 295 216
54 217 216
55 209 244
56 230 285
57 258 303
58 281 331
59 286 348
60 286 383
61 302 401
62 347 418
63 328 451
64 277 439
65 242 394
66 203 373
67 177 381
68 167 401
69 107 401
70 65 355
71 111 324
72 132 317
73 97 233
74 57 215
75 52 173
76 95 167
77 109 163
78 80 106
79 67 86
80 61 52
81 115 67
82 117 100
83 128 126
84 157 137
85 178 116
86 177 97
87 180 69
88 190 57
89 211 78
90 215 90
91 240 74
92 253 55
93 270 48
94 322 24
95 351 20
96 385 11
97 392 14
98 432 18
99 433 19
100 437 26
101 440 29
102 452 40
103 458 41
104 484 34
105 500 34
106 533 42
107 560 52
108 587 68
109 615 87
110 636 108
111 635 131
112 609 159
113 607 159
114 573 158
115 544 143
116 526 132
117 508 114
118 508 105
119 507 94
120 492 80
121 485 80
122 465 96
123 460 103
124 428 87
125 426 68
126 410 53
127 395 50
128 386 52
129 385 50
130 380 48
131 370 48
132 352 46
133 317 45
134 316 46
135 293 55
136 285 59
137 282 61
138 278 65
139 273 76
140 269 82
141 269 109
142 279 96
143 277 81
144 294 79
145 310 96
146 315 100
147 330 96
148 324 79
149 308 77
