Duration[s]: 0.11786 Porcentaje: 0 TerminoTodo: 1
Convexos: 50 VerticesConvexos: 248
0 1 149
143 144 145 146 147
139 140 141 142 143 147 148
137 138 139 148 149
135 136 137 149
3 4 5 6 7 8
2 3 8 9
13 14 15 16
11 12 13 16 17
19 20 21 22
18 19 22 23
11 17 18 23 24
29 30 31 32
26 27 28 29 32 33
35 36 37 38 39
34 35 39 40
104 105 106 107 108 109
111 112 113 114 115 116 117
118 119 120 121
117 118 121 122 123
110 111 117 123
103 104 109 110 123 124
102 103 124 125
101 102 125 126 127
101 127 128 129
44 45 46 47 48
64 65 66
57 58 59 60 61 62 63
54 55 56 57 63 64
53 54 64 66 67
50 51 52 53 67 68 69
44 48 49 50 69
42 43 44 69 70
41 42 70
79 80 81 82 83 84
76 77 78 79 84 85
86 87 88 89 90
76 85 86 90 91 92
75 76 92 93
93 94 95 96
74 75 93 96 97
72 73 74 97 98
71 72 98 99
41 70 71 99 100
40 41 100 101 129 130
26 33 34 40 130 131
25 26 131 132
10 11 24 25 132 133 134
9 10 134
1 2 9 134 135 149
0 491 302
1 472 302
2 469 318
3 468 329
4 473 338
5 476 357
6 452 364
7 427 345
8 424 320
9 396 314
10 380 337
11 369 357
12 401 363
13 418 383
14 457 379
15 453 393
16 392 407
17 367 383
18 333 392
19 336 411
20 405 427
21 345 441
22 286 418
23 307 390
24 297 345
25 268 331
26 244 352
27 271 355
28 270 371
29 250 397
30 252 425
31 158 426
32 214 390
33 209 351
34 174 343
35 166 370
36 171 378
37 145 390
38 116 371
39 114 325
40 137 298
41 105 267
42 95 284
43 98 320
44 80 358
45 99 376
46 127 409
47 112 425
48 83 391
49 56 369
50 15 328
51 15 287
52 19 259
53 25 220
54 27 183
55 14 121
56 30 92
57 56 64
58 34 25
59 57 7
60 94 2
61 104 33
62 102 63
63 73 94
64 79 128
65 147 128
66 86 155
67 66 189
68 69 212
69 60 238
70 86 229
71 131 183
72 99 169
73 136 144
74 190 135
75 184 118
76 158 90
77 117 99
78 122 72
79 127 47
80 140 22
81 180 5
82 204 15
83 201 29
84 163 46
85 211 64
86 270 47
87 251 17
88 278 5
89 321 15
90 322 43
91 288 84
92 215 95
93 222 124
94 284 126
95 293 135
96 239 156
97 221 170
98 171 171
99 168 195
100 160 211
101 190 235
102 236 211
103 299 177
104 346 146
105 351 107
106 390 80
107 428 85
108 450 114
109 397 144
110 416 163
111 465 137
112 493 87
113 521 59
114 559 64
115 560 97
116 538 126
117 489 155
118 523 177
119 562 148
120 568 173
121 565 206
122 448 216
123 382 203
124 322 194
125 307 218
126 311 242
127 259 247
128 239 267
129 181 278
130 171 295
131 196 308
132 229 295
133 267 279
134 316 264
135 364 234
136 390 214
137 409 225
138 468 223
139 491 229
140 520 218
141 530 218
142 564 222
143 566 249
144 588 266
145 582 283
146 549 281
147 530 251
148 470 248
149 408 261
