Duration[s]: 0.273703 Porcentaje: 0 TerminoTodo: 1
Convexos: 44 VerticesConvexos: 236
0 117 118 149
4 5 6 7 8 9 10
3 4 10 11
25 26 27 28 29 30
22 23 24 25 30 31
32 33 34 35 36 37 38 39
54 55 56 57 58
52 53 54 58 59
47 48 49
46 47 49 50 51
46 51 52 59 60
44 45 46 60
43 44 60 61
32 39 40 41 42 43 61 62 63 64
32 64 65 66
21 22 31 32 66 67
20 21 67 68
19 20 68
76 77 78 79 80
72 73 74 75 76 80
69 70 71 72 80 81
18 19 68 69 81 82
83 84 85 86 87 88 89 90
17 18 82 83 90 91
14 15 16 17 91 92
13 14 92 93 94 95
12 13 95 96 97
100 101 102 103
98 99 100 103 104 105
2 3 11 12 97 98 105
2 105 106
109 110 111 112
108 109 112 113 114 115
1 2 106 107 108 115 116
0 1 116 117
134 135 136 137 138
129 130 131 132 133
129 133 134 138
139 140 141 142 143
128 129 138 139 143
123 124 125 126 127 128
122 123 128 143 144
121 122 144 145 146 147 148
118 119 120 121 148 149
0 140 120
1 73 148
2 75 166
3 140 192
4 168 172
5 183 158
6 231 166
7 248 201
8 229 222
9 216 231
10 185 238
11 167 246
12 159 265
13 159 276
14 188 283
15 215 287
16 231 291
17 233 306
18 260 320
19 314 329
20 341 311
21 345 288
22 337 262
23 326 256
24 303 241
25 297 226
26 282 200
27 299 176
28 317 162
29 380 192
30 372 237
31 377 248
32 409 251
33 406 224
34 408 202
35 428 194
36 446 189
37 464 186
38 479 186
39 489 189
40 502 190
41 516 196
42 520 213
43 519 235
44 554 221
45 557 216
46 555 281
47 583 268
48 622 247
49 610 293
50 616 315
51 586 363
52 584 392
53 618 404
54 563 425
55 633 455
56 599 475
57 533 455
58 499 434
59 509 398
60 496 359
61 465 369
62 457 374
63 418 365
64 411 352
65 394 330
66 393 309
67 359 332
68 336 360
69 348 380
70 364 397
71 398 436
72 381 460
73 422 478
74 422 479
75 398 478
76 383 477
77 369 479
78 347 470
79 339 461
80 329 445
81 316 426
82 295 416
83 280 445
84 280 466
85 262 477
86 234 475
87 207 465
88 165 443
89 159 423
90 170 407
91 181 386
92 161 364
93 144 348
94 131 334
95 123 321
96 116 318
97 115 310
98 113 306
99 100 294
100 95 286
101 81 276
102 80 264
103 81 250
104 80 242
105 84 238
106 70 215
107 45 209
108 37 190
109 25 175
110 13 161
111 15 147
112 19 138
113 20 127
114 29 119
115 36 113
116 49 101
117 72 93
118 85 82
119 114 54
120 155 51
121 195 59
122 250 61
123 283 49
124 323 26
125 353 29
126 355 46
127 355 76
128 349 106
129 419 91
130 409 49
131 448 28
132 476 33
133 478 63
134 523 84
135 598 89
136 569 128
137 528 137
138 473 107
139 426 143
140 424 154
141 398 166
142 352 149
143 345 135
144 276 100
145 263 124
146 255 137
147 213 116
148 195 104
149 185 120
