Duration[s]: 0.37511 Porcentaje: 0 TerminoTodo: 1
Convexos: 24 VerticesConvexos: 152
0 1 2 3 4
7 8 9 10 11
6 7 11 12 14 15 16 17
20 21 22 23 24 25
19 20 25 26 27
32 33 34 35 36
31 32 36 37
88 89 90 91 92
76 77 78 79
75 76 79 80
74 75 80 81 82
83 84 85
71 72 73 74 82 83 85
70 71 85 86
69 70 86 87 88
66 67 68 69 88 92 93
52 53 54 55 56 57 58 65 66 93 94
51 52 94 95
0 18 19 27 28 30 31 37 38 44 45 97 98 99
12 13 14 38 39 40 41 42 43 44
28 29 30 58 59 60 61 62 63 64 65
5 6 17 18 45 46 47 48 49 50
5 50 51 95 96
0 4 5 96 97
0 338 292
1 352 310
2 354 336
3 311 346
4 288 326
5 280 323
6 258 344
7 259 356
8 267 364
9 257 376
10 214 378
11 204 371
12 185 360
13 165 349
14 161 339
15 156 331
16 156 320
17 157 306
18 157 288
19 119 267
20 112 276
21 111 316
22 107 328
23 66 313
24 64 284
25 87 270
26 53 237
27 70 224
28 70 211
29 62 194
30 81 184
31 82 182
32 82 161
33 67 131
34 82 102
35 104 107
36 116 125
37 132 135
38 160 119
39 162 100
40 168 83
41 172 82
42 214 72
43 228 85
44 236 98
45 243 102
46 248 98
47 268 91
48 275 90
49 281 90
50 291 108
51 303 111
52 322 104
53 324 86
54 368 67
55 381 64
56 426 61
57 446 61
58 459 66
59 495 79
60 509 88
61 529 111
62 533 129
63 534 144
64 523 173
65 482 190
66 472 248
67 509 259
68 523 276
69 450 325
70 455 338
71 498 388
72 483 404
73 408 429
74 310 441
75 260 441
76 74 434
77 79 406
78 114 410
79 137 421
80 156 424
81 172 414
82 197 414
83 214 410
84 249 398
85 300 393
86 354 373
87 377 356
88 401 345
89 383 314
90 385 292
91 405 285
92 412 287
93 431 265
94 398 257
95 387 258
96 365 272
97 361 275
98 361 284
99 356 288
