Duration[s]: 0.153119 Porcentaje: 0 TerminoTodo: 1
Convexos: 31 VerticesConvexos: 187
1 2 3 4 5 6 7
8 9 10 11 12 13 14 15 16
0 1 7 8 16 17
20 21 22 23 24 25 26 27 28 29
31 32 33 34 35
19 20 29 30 31 35
18 19 35 36
73 74 75 76 77 78 79 80
72 73 80 81 82 83
83 84 85 86 87
70 71 72 83 87 88 89 90
91 92 93 94 95 96
69 70 90 91 96
68 69 96 97
67 68 97 98
113 114 115 116 117 118 119 120
112 113 120 121
103 104 105 106 107 108
101 102 103 108 109 110 111
100 101 111 112 121
67 98 99 100 121 122
41 42 43 44 45 46
49 50 51 52 53 54
54 55 56 57 58 59 60 61 62 63
48 49 54 63
47 48 63 64
40 41 46 47 64
39 40 64 65
37 38 66 67 122 123
17 18 36 37 123 124
0 17 38 39 65 66 124
0 468 329
1 492 343
2 504 320
3 511 315
4 551 319
5 555 328
6 515 349
7 497 352
8 500 369
9 528 386
10 529 407
11 492 430
12 429 434
13 402 413
14 383 383
15 370 359
16 402 341
17 397 312
18 315 303
19 311 327
20 324 368
21 348 384
22 353 403
23 323 425
24 256 428
25 166 408
26 136 388
27 121 359
28 126 310
29 147 300
30 159 289
31 182 282
32 193 277
33 206 272
34 223 280
35 229 294
36 245 293
37 269 286
38 260 271
39 212 244
40 152 227
41 140 245
42 129 269
43 48 263
44 0 201
45 75 191
46 83 192
47 154 184
48 153 164
49 78 139
50 50 133
51 12 107
52 70 103
53 140 127
54 150 134
55 153 112
56 160 95
57 164 90
58 199 95
59 236 111
60 265 134
61 260 151
62 180 167
63 166 162
64 168 187
65 204 202
66 243 209
67 262 209
68 262 167
69 283 153
70 302 110
71 297 109
72 271 69
73 239 64
74 219 70
75 188 69
76 158 62
77 157 36
78 175 23
79 220 30
80 242 44
81 278 36
82 320 31
83 352 48
84 399 29
85 451 38
86 474 51
87 482 63
88 532 72
89 551 89
90 548 107
91 550 121
92 568 146
93 525 176
94 488 184
95 396 174
96 388 157
97 341 175
98 338 185
99 386 199
100 419 209
101 443 207
102 476 195
103 518 196
104 527 192
105 548 183
106 582 180
107 596 196
108 580 215
109 589 241
110 591 263
111 590 280
112 590 294
113 608 343
114 616 359
115 621 374
116 622 399
117 606 419
118 577 421
119 553 361
120 569 325
121 543 282
122 490 291
123 474 300
124 482 313
