Duration[s]: 0.289658 Porcentaje: 0 TerminoTodo: 1
Convexos: 34 VerticesConvexos: 191
0 1 6 7 122 123 124
1 2 3 4 5 6
8 9 10 11 12 13
8 13 14
20 21 22 23 24 25 26
19 20 26 27
17 18 19 27 28 29
16 17 29 30
34 35 36 37 38 39
41 42 43 44 45 46
47 48 49 50
54 55 56 57 58
51 52 53 54 58
60 61 62 63 64
59 60 64 65 66 67 68
58 59 68
81 82 83 84
94 95 96 97 98 99
93 94 99 100
89 90 91 92 93 100 101
87 88 89 101 102 103
86 87 103 104 105
79 80 81 84 85 86 105 106
78 79 106 107
76 77 78 107 108 109 110 111
71 72 73
70 71 73 74 75
69 70 75 76 111 112 113
50 51 58 68 69 113 114
46 47 50 114 115
40 41 46 115 116 117
33 34 39 40 117 118
15 16 30 31 32 33 118 119 120
7 8 14 15 120 121 122
0 424 405
1 353 420
2 340 432
3 311 441
4 282 438
5 276 424
6 313 410
7 279 384
8 264 380
9 265 397
10 265 412
11 238 418
12 208 413
13 208 379
14 205 350
15 155 320
16 119 299
17 113 333
18 140 356
19 113 363
20 116 374
21 149 391
22 160 409
23 138 416
24 84 407
25 39 385
26 58 372
27 75 360
28 31 321
29 67 305
30 70 257
31 43 223
32 29 204
33 70 184
34 73 162
35 70 122
36 90 100
37 158 52
38 172 70
39 173 103
40 201 105
41 219 90
42 221 67
43 252 51
44 284 44
45 310 84
46 315 103
47 358 84
48 362 64
49 396 62
50 394 85
51 406 79
52 431 64
53 480 56
54 488 63
55 507 49
56 517 72
57 487 115
58 463 129
59 495 153
60 507 149
61 542 109
62 567 93
63 576 103
64 555 141
65 559 149
66 564 161
67 559 174
68 505 200
69 507 208
70 522 215
71 545 219
72 564 222
73 567 242
74 602 283
75 576 288
76 548 300
77 564 310
78 563 317
79 571 339
80 596 364
81 586 375
82 582 394
83 558 399
84 553 398
85 539 406
86 512 408
87 512 416
88 521 433
89 508 435
90 513 438
91 511 442
92 450 434
93 447 431
94 427 434
95 425 438
96 388 438
97 390 425
98 401 420
99 426 417
100 437 415
101 454 406
102 454 394
103 481 390
104 478 380
105 478 362
106 472 343
107 467 337
108 454 331
109 430 317
110 420 294
111 426 282
112 418 260
113 436 238
114 395 222
115 394 222
116 378 240
117 361 251
118 361 255
119 382 265
120 331 291
121 367 314
122 386 329
123 418 327
124 423 349
