Duration[s]: 0.243089 Porcentaje: 0 TerminoTodo: 1
Convexos: 14 VerticesConvexos: 126
0 36 37 72 99
26 27 28 29 30 31 32 33 34
4 5 6 7 8 9 10 11 12 13 14 15 16 17 18 19 20 21 22 23 24 25 26 34 35
0 1 2 3 4 35 36
75 76 77 78 79
74 75 79 80 81 82 83 84 85 86 87 88 89 90 91 92 93 94 95 96
73 74 96 97
72 73 97 98 99
47 48 49 50 51 52 53
44 45 46 47 53 54 55 56 57 58 59 60 61 62
42 43 44 62 63
66 67 68 69
39 40 41 42 63 64 65 66 69 70
37 38 39 70 71 72
0 287 225
1 280 232
2 271 239
3 263 245
4 251 250
5 231 260
6 213 265
7 198 267
8 176 268
9 163 268
10 122 257
11 92 248
12 80 241
13 64 230
14 55 222
15 51 214
16 49 197
17 48 158
18 49 151
19 52 135
20 55 127
21 59 122
22 65 116
23 82 101
24 89 97
25 124 86
26 144 85
27 158 84
28 178 85
29 189 87
30 199 90
31 210 94
32 240 113
33 247 119
34 249 131
35 252 136
36 267 156
37 281 155
38 288 147
39 292 144
40 303 130
41 309 124
42 320 118
43 332 110
44 358 97
45 378 86
46 396 81
47 409 79
48 426 74
49 445 74
50 465 78
51 478 84
52 492 91
53 501 105
54 517 120
55 519 129
56 521 141
57 522 151
58 523 167
59 523 176
60 516 187
61 509 196
62 500 200
63 492 204
64 484 209
65 478 212
66 464 217
67 457 220
68 428 230
69 428 229
70 413 229
71 389 231
72 373 231
73 369 237
74 379 244
75 390 245
76 406 246
77 419 249
78 439 255
79 457 262
80 479 270
81 500 289
82 510 300
83 512 320
84 512 338
85 494 356
86 430 392
87 381 406
88 338 408
89 310 402
90 293 391
91 282 379
92 279 364
93 279 342
94 281 318
95 307 286
96 317 279
97 322 259
98 320 251
99 318 235
