Duration[s]: 0.157521 Porcentaje: 0 TerminoTodo: 1
Convexos: 37 VerticesConvexos: 222
0 148 149
5 6 7 8
12 13 14 15 16 17 18 19 20 21 22 23 24 25
87 88 89 90 91 92
31 32 33 34
31 34 35
31 35 36
42 43 44 45 46 47 48 49
41 42 49 50 51 52 53
40 41 53
38 39 40 53
37 38 53 54 55 56
31 36 37 56
30 31 56 57 58 59 60 61
29 30 61 62
63 64 65 66 67 68
29 62 63 68 69 70 71 72
28 29 72 73 74 75 76 77 78 79 80 81 82 83 84 85
25 26 27 28 85 86
25 86 87
25 87 92 93
11 12 25 93 94
110 111 112 113 114 115 116
109 110 116 117 118
108 109 118 119 120 121
105 106 107 108 121 122 123
103 104 105 123 124
102 103 124 125
101 102 125 126 127 128 129 130
132 133 134 135 136
131 132 136 137
95 96 97 98 99 100 101 130 131 137 138
94 95 138 139
10 11 94 139 140
142 143 144 145 146 147 148
9 10 140 141 142 148
0 1 2 3 4 5 8 9 148
0 30 115
1 30 101
2 36 89
3 40 84
4 46 80
5 56 76
6 59 74
7 80 77
8 89 92
9 102 103
10 124 107
11 146 109
12 171 109
13 126 90
14 124 71
15 131 60
16 145 54
17 168 48
18 203 45
19 281 44
20 341 49
21 417 60
22 462 73
23 471 79
24 511 108
25 526 132
26 528 168
27 504 216
28 414 266
29 389 303
30 425 328
31 460 329
32 461 275
33 476 265
34 481 281
35 489 305
36 500 323
37 544 325
38 547 309
39 546 282
40 548 251
41 549 209
42 546 173
43 549 142
44 583 90
45 633 56
46 636 65
47 636 107
48 605 146
49 562 167
50 594 215
51 613 246
52 602 289
53 570 317
54 583 348
55 580 391
56 572 440
57 599 472
58 552 479
59 496 479
60 452 468
61 424 422
62 399 401
63 384 425
64 385 441
65 380 455
66 358 467
67 331 471
68 294 466
69 245 461
70 209 444
71 194 434
72 179 414
73 155 390
74 148 366
75 146 331
76 145 309
77 159 275
78 170 261
79 195 243
80 218 229
81 244 217
82 270 212
83 295 212
84 336 221
85 377 238
86 385 216
87 372 158
88 351 177
89 328 192
90 304 195
91 294 192
92 268 169
93 235 152
94 164 153
95 184 182
96 191 198
97 186 222
98 180 230
99 164 241
100 137 256
101 124 262
102 74 307
103 88 323
104 92 326
105 98 338
106 106 362
107 105 376
108 100 390
109 102 401
110 112 415
111 131 424
112 165 441
113 175 453
114 170 470
115 143 479
116 110 458
117 54 438
118 54 425
119 44 404
120 50 400
121 57 397
122 47 373
123 64 358
124 63 347
125 59 318
126 38 317
127 30 292
128 36 266
129 51 253
130 57 250
131 62 246
132 68 226
133 65 219
134 81 205
135 88 204
136 102 206
137 117 204
138 127 199
139 126 175
140 119 160
141 104 172
142 88 173
143 79 175
144 65 175
145 45 163
146 37 152
147 31 137
148 47 129
149 12 123
