Duration[s]: 0.15101 Porcentaje: 0 TerminoTodo: 1
Convexos: 36 VerticesConvexos: 197
0 2 124
22 23 24 25 26
21 22 26 27 28 29
18 19 20 21 29 30
18 30 31 32
16 17 18 32 33
13 14 15 16 33 34
12 13 34 35 36 37
10 11 12 37
9 10 37 38 39
6 7 8 9 39 40
5 6 40 41
45 46 47 48 49
44 45 49 50 51 52
43 44 52 53 54 55 56
4 5 41 42 57 58
3 4 58
69 70 71 72
93 94 95
89 90 91 92 93 95 96
88 89 96 97 98 99
82 83 84 85 86 87 88 99 100
79 80 81 82 100 101
76 77 78 79 101 102
102 103 104 105 106
75 76 102 106 107 108 109
69 72 73 74 75 109 110
68 69 110 111
64 65 66 67
63 64 67 68 111
114 115 116 117 118 119 120 121
113 114 121 122
63 111 112 113 122 123
59 60 61 62 63 123 124
2 3 58 59 124
0 1 2 42 43 56 57
0 244 183
1 245 197
2 242 202
3 241 214
4 242 225
5 246 235
6 262 240
7 269 242
8 282 262
9 266 267
10 270 278
11 291 283
12 275 296
13 282 309
14 296 314
15 319 343
16 326 358
17 328 359
18 292 371
19 322 388
20 323 400
21 271 438
22 251 462
23 257 472
24 203 479
25 201 476
26 200 466
27 189 441
28 188 423
29 220 418
30 219 402
31 197 368
32 244 363
33 243 340
34 230 328
35 204 312
36 197 295
37 223 281
38 200 260
39 219 242
40 219 236
41 207 226
42 195 202
43 156 192
44 170 238
45 145 261
46 142 306
47 137 341
48 58 342
49 71 325
50 57 290
51 48 254
52 88 238
53 82 213
54 72 171
55 65 129
56 77 78
57 153 106
58 191 110
59 200 89
60 208 70
61 240 54
62 275 49
63 288 98
64 325 93
65 380 50
66 392 94
67 383 106
68 385 149
69 395 154
70 431 150
71 441 153
72 444 168
73 470 177
74 485 190
75 474 218
76 474 226
77 500 240
78 512 250
79 491 277
80 511 300
81 525 318
82 524 343
83 548 353
84 558 374
85 559 382
86 532 409
87 509 419
88 448 412
89 428 423
90 417 454
91 371 452
92 363 441
93 363 424
94 339 397
95 364 385
96 366 378
97 350 336
98 348 318
99 372 318
100 371 286
101 369 264
102 343 241
103 335 260
104 306 257
105 304 233
106 319 224
107 325 192
108 347 177
109 355 173
110 342 157
111 312 141
112 299 159
113 292 161
114 294 185
115 296 192
116 288 202
117 278 203
118 263 198
119 250 184
120 255 174
121 259 168
122 263 158
123 264 144
124 241 134
