Duration[s]: 0.104219 Porcentaje: 0 TerminoTodo: 1
Convexos: 27 VerticesConvexos: 152
0 97 98 99
1 2 3 4
9 10 11 12
7 8 9 12 13
15 16 17 18 19 20 21
30 31 32 33 34 35 36
29 30 36 37
27 28 29 37 38 39
23 24 25 26 27 39 40
22 23 40 41 42 43
49 50 51 52 53
47 48 49 53 54
45 46 47 54 55 56
44 45 56 57
43 44 57 58 59
15 21 22 43 59
14 15 59 60
6 7 13 14 60 61 62
68 69 70 71 72 73 74 75 76 77 78 79 80 81 82 83 84 85
67 68 85 86
66 67 86 87
63 64 65 66 87
89 90 91 92 93
88 89 93 94
5 6 62 63 87 88 94
5 94 95
0 1 4 5 95 96 97
0 550 375
1 495 375
2 523 426
3 446 382
4 452 346
5 470 307
6 411 301
7 388 324
8 394 364
9 361 392
10 412 429
11 368 434
12 300 401
13 340 357
14 330 339
15 308 309
16 315 340
17 284 355
18 265 359
19 247 361
20 231 321
21 233 309
22 216 291
23 194 284
24 176 293
25 148 274
26 127 233
27 121 214
28 91 183
29 89 153
30 85 136
31 54 111
32 50 53
33 80 45
34 149 52
35 158 64
36 158 82
37 177 109
38 198 119
39 200 130
40 215 158
41 228 165
42 249 184
43 263 204
44 286 187
45 269 142
46 236 121
47 236 113
48 233 92
49 239 74
50 239 39
51 264 31
52 300 64
53 303 89
54 314 109
55 371 151
56 327 175
57 325 195
58 306 241
59 299 244
60 319 256
61 337 257
62 366 263
63 384 240
64 378 185
65 387 176
66 397 167
67 392 133
68 378 117
69 362 108
70 343 91
71 339 70
72 339 47
73 361 29
74 371 23
75 375 21
76 417 12
77 444 10
78 475 26
79 521 58
80 545 87
81 553 107
82 553 126
83 531 146
84 481 157
85 459 154
86 437 158
87 437 179
88 463 179
89 486 176
90 492 175
91 514 177
92 519 218
93 504 228
94 496 241
95 538 262
96 571 244
97 570 280
98 601 301
99 596 331
