Duration[s]: 0.286117 Porcentaje: 0 TerminoTodo: 1
Convexos: 38 VerticesConvexos: 225
0 1 116 117 149
118 119 120 121 122
134 135 136 137 138
132 133 134 138 139 140 141
129 130 131 132 141 142
143 144 145 146 147
128 129 142 143 147 148
126 127 128 148
117 118 122 123 125 126 148 149
3 4 5 6 7 8 9
11 12 13 14 15
15 16 17 18 19 20
11 15 20 21
24 25 26 27 28 29 30
23 24 30 31
32 33 34 35 36 37 38
32 39 40
44 45 46 47 48 49 50
52 53 54 55 56 57 58 59
51 52 59 60
43 44 50 51 60 61
98 99 100 101 102
66 67 68 69 70 71 72
89 90 91 92 93 94 95 96
74 75 76 77 78 79
80 81 82 83 84
73 74 79 80 84 85 86 87 88 89
73 89 96 97
65 66 72 73 97
62 63 64 65 97 98 102 103
61 62 103 104 105
42 43 61 105 106
41 42 106 107
23 31 32 40 41 107
10 11 21 22 108 109 110
2 3 9 10 110 111
1 2 111 112 113 114 115 116
22 23 107 108 123 124 125
0 548 332
1 513 334
2 512 359
3 513 364
4 532 371
5 538 382
6 509 405
7 486 409
8 465 392
9 453 347
10 428 338
11 410 353
12 433 369
13 434 387
14 394 404
15 368 401
16 364 411
17 347 437
18 323 451
19 256 431
20 274 415
21 273 392
22 255 360
23 213 339
24 205 367
25 204 395
26 203 417
27 134 424
28 124 408
29 136 392
30 151 374
31 157 348
32 155 338
33 140 336
34 107 325
35 86 301
36 100 253
37 113 251
38 137 266
39 140 278
40 166 279
41 184 262
42 173 236
43 159 221
44 136 221
45 111 226
46 77 221
47 60 210
48 58 192
49 63 178
50 84 183
51 91 181
52 113 164
53 126 120
54 156 101
55 189 88
56 209 86
57 223 117
58 213 138
59 202 154
60 208 177
61 249 178
62 262 150
63 254 126
64 273 116
65 289 116
66 295 92
67 303 76
68 318 69
69 329 67
70 344 75
71 345 96
72 345 103
73 382 113
74 388 97
75 388 66
76 406 53
77 428 55
78 433 59
79 446 77
80 465 72
81 485 55
82 508 53
83 527 54
84 531 56
85 560 67
86 564 79
87 571 102
88 544 124
89 524 132
90 549 151
91 567 176
92 567 189
93 522 206
94 497 207
95 465 181
96 462 159
97 396 172
98 403 197
99 408 212
100 398 238
101 361 239
102 347 218
103 311 219
104 312 236
105 302 245
106 303 258
107 345 283
108 357 278
109 379 263
110 426 263
111 442 255
112 439 240
113 440 221
114 448 215
115 460 222
116 471 239
117 484 248
118 526 229
119 538 222
120 553 221
121 574 238
122 556 252
123 565 266
124 595 285
125 585 300
126 589 315
127 601 333
128 599 352
129 604 375
130 612 400
131 586 422
132 574 418
133 563 426
134 531 430
135 528 444
136 485 444
137 495 423
138 513 415
139 526 407
140 533 403
141 560 401
142 566 391
143 560 378
144 551 378
145 543 368
146 539 355
147 555 348
148 569 330
149 549 320
