Duration[s]: 0.146477 Porcentaje: 0 TerminoTodo: 1
Convexos: 32 VerticesConvexos: 187
0 105 106 124
108 109 110 111 112 113 114 115 116 117 118
107 108 118 119 120 121 122 123
106 107 123 124
61 62 63 64
38 39 40 41 42 43 44 45 46 47 48 49 50 51
36 37 38 51 52 53 54 55 56
33 34 35 36 56 57
32 33 57 58
31 32 58 59
30 31 59 60
29 30 60 61 64 65
27 28 29 65 66
26 27 66 67
25 26 67 68
24 25 68 69 70
23 24 70 71
22 23 71 72
21 22 72 73
20 21 73 74
19 20 74 75
76 77 78 79 80 81 82 83 84 85 86 87 88
18 19 75 76 88 89
17 18 89 90
16 17 90 91
15 16 91 92
14 15 92 93
13 14 93 94
7 8 9 10 11 12 13 94 95
96 97 98 99 100 101 102 103
0 1 2 3 4 5 6 7 95 96 103 104
0 104 105
0 414 446
1 387 447
2 362 445
3 332 435
4 313 421
5 303 410
6 289 392
7 285 371
8 282 359
9 281 325
10 285 315
11 292 300
12 314 282
13 327 274
14 342 258
15 349 247
16 361 219
17 360 192
18 348 173
19 333 164
20 321 159
21 295 153
22 273 152
23 255 152
24 232 153
25 221 156
26 214 161
27 208 166
28 197 176
29 188 183
30 183 195
31 181 210
32 180 254
33 182 274
34 189 290
35 192 300
36 195 317
37 202 337
38 205 349
39 210 366
40 212 387
41 211 403
42 209 412
43 201 418
44 194 422
45 161 428
46 115 423
47 96 416
48 86 408
49 77 397
50 72 386
51 70 368
52 66 341
53 69 321
54 75 305
55 85 287
56 120 263
57 143 232
58 150 221
59 155 206
60 154 180
61 119 120
62 145 47
63 160 65
64 157 83
65 162 96
66 169 100
67 183 105
68 190 107
69 201 110
70 227 118
71 257 123
72 270 123
73 328 121
74 353 117
75 391 106
76 434 83
77 467 65
78 506 50
79 527 48
80 558 58
81 581 90
82 584 112
83 584 129
84 583 160
85 579 182
86 565 197
87 530 209
88 496 211
89 450 215
90 420 223
91 404 230
92 397 238
93 392 255
94 391 277
95 392 301
96 405 305
97 425 309
98 436 314
99 466 334
100 474 348
101 475 368
102 461 396
103 454 405
104 453 408
105 458 409
106 512 410
107 511 359
108 488 302
109 458 297
110 450 268
111 458 260
112 489 253
113 516 250
114 542 251
115 553 255
116 565 265
117 573 279
118 582 295
119 615 350
120 608 362
121 592 380
122 560 398
123 542 407
124 516 424
