Duration[s]: 0.12235 Porcentaje: 0 TerminoTodo: 1
Convexos: 18 VerticesConvexos: 136
46 47 48 49 50 51 52 53 54 55
63 64 65 66 67 68 69 70
62 63 70 71 72
58 59 60 61 62 72 73
75 76 77 78
74 75 78 79 80 81 82
57 58 73 74 82 83
56 57 83 84 85
56 85 86
55 56 86 87 88
91 92 93 94 95 96 97 98
90 91 98 99
12 13 14 15 16 17 18 19 20 21 22 23 24 25 26 27
31 32 33 34 35 36
30 31 36 37 38 39 40 41 42 43 44
29 30 44 45
0 1 2 3 4 5 6 7 8 9 10 28 29 45 46
0 10 11 12 27 28 46 55 88 89 90 99
0 558 360
1 555 374
2 543 383
3 525 394
4 492 412
5 445 427
6 397 435
7 355 438
8 305 438
9 256 428
10 242 422
11 196 404
12 155 381
13 124 363
14 107 353
15 80 333
16 68 315
17 64 294
18 62 274
19 85 232
20 116 225
21 152 224
22 164 225
23 173 230
24 201 250
25 208 264
26 208 284
27 204 300
28 239 292
29 255 286
30 238 266
31 223 245
32 218 239
33 212 229
34 212 208
35 216 190
36 254 166
37 276 152
38 295 149
39 322 155
40 366 192
41 366 215
42 363 229
43 337 248
44 297 261
45 354 266
46 437 260
47 420 216
48 421 193
49 448 176
50 472 166
51 505 168
52 514 173
53 522 188
54 521 218
55 502 250
56 574 219
57 516 157
58 451 146
59 371 153
60 315 136
61 260 118
62 216 101
63 158 124
64 160 154
65 111 171
66 85 157
67 59 122
68 67 89
69 89 57
70 125 49
71 211 61
72 243 72
73 283 70
74 319 61
75 361 47
76 399 33
77 440 35
78 472 45
79 511 55
80 561 88
81 565 107
82 564 119
83 596 152
84 624 164
85 617 196
86 612 237
87 614 259
88 561 277
89 585 294
90 588 312
91 591 342
92 598 358
93 607 390
94 606 413
95 570 424
96 559 424
97 553 406
98 566 370
99 567 346
