Duration[s]: 0.148267 Porcentaje: 0 TerminoTodo: 1
Convexos: 22 VerticesConvexos: 143
0 1 2 3 4 94 97 98 99
84 85 86 87 88
65 66 67 68 69 70 71 72
63 64 65 72 73 74 75 76
62 63 76 77 78
61 62 78 79 80 81
60 61 81 82 83
59 60 83 84 88 89
52 53 54 55 56
51 52 56 57
37 38 39 40 41 42 43 44 45 46
35 36 37 46 47 48
28 29 30 31 32 33
13 14 15 16 17 18 19 20 21 22 23 24 25 26
12 13 26 27
11 12 27 28 33 34
10 11 34 35 48 49
9 10 49 50
8 9 50 51 57 58
6 7 59 89 90 91
4 5 6 91 92 93 94
7 8 58 59 95 96 97
0 279 33
1 296 42
2 288 63
3 272 87
4 265 95
5 263 117
6 261 128
7 264 144
8 275 160
9 286 163
10 311 163
11 331 161
12 331 147
13 326 135
14 320 129
15 307 108
16 306 97
17 306 83
18 312 65
19 335 53
20 347 47
21 368 40
22 383 37
23 406 33
24 429 41
25 429 64
26 417 78
27 441 95
28 493 87
29 549 70
30 565 71
31 582 79
32 593 116
33 587 136
34 506 148
35 519 193
36 537 209
37 546 232
38 552 241
39 553 266
40 536 302
41 524 310
42 498 314
43 478 313
44 457 306
45 447 299
46 434 282
47 403 248
48 401 238
49 385 226
50 359 222
51 333 241
52 329 262
53 361 274
54 337 299
55 295 307
56 233 262
57 303 245
58 267 210
59 177 240
60 228 308
61 242 319
62 311 337
63 382 326
64 390 316
65 445 365
66 566 366
67 585 384
68 590 400
69 581 427
70 534 440
71 496 439
72 470 434
73 453 449
74 431 460
75 410 461
76 387 459
77 352 456
78 333 446
79 296 428
80 268 411
81 238 386
82 213 385
83 182 380
84 150 377
85 116 374
86 92 346
87 92 321
88 125 302
89 122 270
90 105 233
91 118 217
92 103 187
93 110 144
94 129 129
95 144 116
96 158 101
97 174 90
98 194 75
99 236 48
