Duration[s]: 0.123577 Porcentaje: 0 TerminoTodo: 1
Convexos: 27 VerticesConvexos: 152
0 93 99
0 1 2 3 4 5 6 7 8 9 10 11
18 19 20 21 22 23 24 25 26
17 18 26 27 28
30 31 32 33 34
35 36 37 38 39
29 30 34 35 39
28 29 39 40 41 42
15 16 17 28 42
43 44 45 46 47 48 49
52 53 54 55 56 57 58 59 60 61
51 52 61 62
50 51 62 63 64
83 84 85 86 87
68 69 70 71 72 73
66 67 68 73 74
76 77 78 79
75 76 79 80 81
74 75 81 82
65 66 74 82 83
64 65 83 87 88
14 15 42 43 49 50 64 88 89
13 14 89 90
12 13 90 91 92
0 11 12 92 93
94 95 96 97 98
93 94 98 99
0 132 120
1 130 97
2 149 77
3 163 76
4 182 78
5 210 93
6 219 107
7 219 131
8 211 150
9 197 157
10 164 164
11 143 165
12 144 179
13 168 204
14 192 204
15 221 189
16 224 179
17 260 159
18 263 143
19 240 123
20 231 111
21 228 97
22 258 72
23 307 57
24 361 56
25 357 78
26 333 98
27 367 119
28 386 145
29 414 132
30 398 103
31 380 81
32 398 53
33 452 48
34 456 74
35 476 78
36 513 48
37 558 62
38 550 95
39 523 117
40 568 153
41 524 177
42 454 193
43 478 198
44 543 209
45 574 222
46 608 239
47 563 267
48 528 269
49 483 253
50 445 266
51 436 302
52 482 322
53 531 296
54 581 288
55 599 317
56 613 358
57 600 386
58 530 415
59 462 428
60 399 419
61 362 399
62 337 352
63 314 332
64 337 283
65 261 299
66 290 370
67 333 393
68 336 411
69 354 424
70 322 443
71 295 449
72 275 447
73 241 398
74 216 377
75 190 387
76 200 423
77 220 429
78 210 442
79 199 435
80 128 413
81 144 377
82 146 358
83 135 321
84 101 345
85 61 337
86 52 304
87 109 285
88 125 278
89 107 248
90 83 222
91 48 200
92 93 175
93 95 164
94 75 143
95 67 113
96 73 86
97 105 86
98 99 99
99 100 118
