Duration[s]: 0.318597 Porcentaje: 0 TerminoTodo: 1
Convexos: 37 VerticesConvexos: 222
0 98 99 100 149
80 81 82 83 84 85 86 87
78 79 80 87 88 89
76 77 78 89 90
75 76 90 91 92 93
73 74 75 93 94
72 73 94 95
71 72 95 96 97 98
4 5 6 7 8
26 27 28 29
25 26 29 30 31 32 33
23 24 25 33 34 35 36 37
39 40 41 42 43 44
38 39 44 45 46 47 48 49 50
22 23 37 38 50 51
21 22 51 52
20 21 52 53 54 55 56 57
17 18 19 20 57 58
16 17 58 59
14 15 16 59 60
12 13 14 60 61
11 12 61 62
9 10 11 62 63 64
3 4 8 9 64 65
1 2 3 65 66 67 68 69 70
0 1 70 71 98
136 137 138 139 140 141 142 143
129 130 131 132 133
122 123 124 125 126
116 117 118 119 120 121 122 126 127
113 114 115 116 127 128
112 113 128 129 133 134
109 110 111 112 134 135
107 108 109 135 136 143 144
106 107 144 145
102 103 104 105 106 145 146 147 148
100 101 102 148 149
0 273 102
1 272 118
2 274 128
3 275 146
4 278 154
5 286 163
6 288 168
7 287 176
8 285 187
9 284 199
10 286 210
11 284 214
12 292 232
13 309 250
14 313 265
15 315 272
16 313 288
17 314 297
18 328 311
19 331 315
20 332 326
21 354 338
22 371 344
23 403 352
24 407 350
25 422 351
26 457 339
27 459 328
28 500 351
29 498 363
30 503 370
31 504 377
32 505 391
33 490 404
34 476 419
35 463 430
36 451 437
37 381 416
38 371 419
39 349 434
40 348 442
41 337 459
42 316 466
43 295 451
44 280 433
45 222 415
46 184 392
47 181 373
48 183 356
49 204 351
50 244 364
51 265 356
52 261 337
53 245 326
54 225 308
55 218 293
56 217 275
57 228 272
58 230 259
59 229 240
60 224 223
61 219 213
62 212 201
63 207 197
64 207 188
65 205 171
66 202 165
67 201 153
68 200 136
69 200 119
70 203 110
71 200 94
72 172 94
73 161 128
74 163 158
75 144 181
76 148 190
77 156 203
78 154 229
79 153 245
80 147 276
81 147 301
82 134 305
83 84 292
84 72 275
85 65 263
86 70 248
87 78 226
88 67 179
89 65 160
90 63 150
91 34 120
92 40 94
93 64 93
94 103 77
95 133 61
96 148 48
97 196 41
98 233 54
99 269 51
100 305 55
101 333 67
102 347 76
103 434 71
104 470 75
105 504 95
106 503 124
107 512 139
108 544 169
109 551 188
110 581 225
111 584 246
112 580 261
113 590 320
114 601 333
115 617 355
116 621 366
117 628 379
118 630 391
119 628 397
120 610 412
121 606 415
122 588 415
123 558 417
124 522 408
125 507 363
126 524 343
127 518 326
128 511 321
129 510 321
130 502 330
131 487 328
132 485 314
133 485 304
134 474 294
135 453 286
136 442 286
137 439 287
138 407 281
139 381 266
140 372 236
141 372 213
142 376 197
143 380 192
144 380 183
145 368 170
146 344 161
147 312 148
148 311 123
149 305 106
