Duration[s]: 0.10626 Porcentaje: 0 TerminoTodo: 1
Convexos: 26 VerticesConvexos: 150
0 1 99
3 4 5 6 7 8 9 10 11 12 13 14
2 3 14 15 16 17 18
28 29 30 31 32 33 34
27 28 34 35 36
26 27 36 37
42 43 44 45 46 47 48 49 50 51
41 42 51 52 53
40 41 53 54 55
39 40 55 56
38 39 56 57
60 61 62 63 64 65 66 67
59 60 67 68
69 70 71 72
58 59 68 69 72
22 23 24 25 26 37 38 57 58 72 73
21 22 73 74 75 76
77 78 79
20 21 76 77 79 80
82 83 84 85 86 87 88
81 82 88 89
19 20 80 81 89
19 89 90
91 92 93 94 95
1 2 18 19 90 91 95 96
1 96 97 98 99
0 604 400
1 569 383
2 515 373
3 511 413
4 530 419
5 546 429
6 548 432
7 545 466
8 540 469
9 514 472
10 472 470
11 430 456
12 376 433
13 345 409
14 334 372
15 347 340
16 395 312
17 437 301
18 515 284
19 544 232
20 497 186
21 395 174
22 359 208
23 366 247
24 369 265
25 315 294
26 278 294
27 224 316
28 175 361
29 249 431
30 290 472
31 166 463
32 150 456
33 136 389
34 141 363
35 125 343
36 192 308
37 191 263
38 171 238
39 157 231
40 139 232
41 134 235
42 129 255
43 142 277
44 142 290
45 116 306
46 100 305
47 67 283
48 37 256
49 36 232
50 54 205
51 71 198
52 98 199
53 119 210
54 132 210
55 144 212
56 163 214
57 173 212
58 179 203
59 184 170
60 160 157
61 140 155
62 111 142
63 88 106
64 103 76
65 115 68
66 131 73
67 164 108
68 193 112
69 213 76
70 212 71
71 248 66
72 256 109
73 267 112
74 343 83
75 354 79
76 377 97
77 415 94
78 439 84
79 457 116
80 472 127
81 498 132
82 494 97
83 490 80
84 494 74
85 523 66
86 573 78
87 579 110
88 529 151
89 528 178
90 560 209
91 581 222
92 601 230
93 604 252
94 604 280
95 602 304
96 606 322
97 625 333
98 622 351
99 614 367
