Duration[s]: 0.146046 Porcentaje: 0 TerminoTodo: 1
Convexos: 29 VerticesConvexos: 181
0 92 93 122 123 124
0 1 2
8 9 10 11 12
20 21 22 23 24
25 26 27 28 29 30 31 32 33 34 35 36 37 38 39
24 25 39
19 20 24 39
14 15 16 17 18 19 39 40
57 58 59 60 61 62 63 64 65
44 45 46 47 48 49 50 51 52 53 54 55 56 57 65
41 42 43 44 65 66
40 41 66 67
71 72 73 74
76 77 78 79 80 81 82
71 74 75 76 82 83 84 85
70 71 85 86
13 14 40 67 68 69 70 86
7 8 12 13 86 87
5 6 7 87 88 89
3 4 5 89 90
0 2 3 90 91 92
99 100 101 102 103 104 105 106 107
96 97 98 99 107 108 109 110
111 112 113 114
95 96 110 111 114 115 116 117
95 117 118 119
94 95 119 120
94 120 121
93 94 121 122
0 232 407
1 180 389
2 203 376
3 196 366
4 167 358
5 199 346
6 173 323
7 149 300
8 125 297
9 139 337
10 108 338
11 71 303
12 109 270
13 119 240
14 81 224
15 61 216
16 55 213
17 31 165
18 32 156
19 71 148
20 75 137
21 61 107
22 85 81
23 122 104
24 129 112
25 156 94
26 160 80
27 175 56
28 196 42
29 211 37
30 236 36
31 265 41
32 288 51
33 299 57
34 320 77
35 327 98
36 325 128
37 290 158
38 236 178
39 195 184
40 273 228
41 309 216
42 323 194
43 347 160
44 389 159
45 362 111
46 363 76
47 373 66
48 396 53
49 407 50
50 421 48
51 449 49
52 470 56
53 480 60
54 501 75
55 525 93
56 537 108
57 540 126
58 555 144
59 567 159
60 568 176
61 565 198
62 545 221
63 525 225
64 499 225
65 437 175
66 404 210
67 419 235
68 485 258
69 538 308
70 533 325
71 536 345
72 583 346
73 583 398
74 548 405
75 530 411
76 459 418
77 462 430
78 400 460
79 374 447
80 363 431
81 363 403
82 392 392
83 358 366
84 357 349
85 370 334
86 331 313
87 310 318
88 311 341
89 310 366
90 311 388
91 296 410
92 252 419
93 236 427
94 236 439
95 198 442
96 142 439
97 129 439
98 96 436
99 80 422
100 55 403
101 52 388
102 51 372
103 51 358
104 55 357
105 73 363
106 90 375
107 108 390
108 112 391
109 128 397
110 143 406
111 151 401
112 153 394
113 162 396
114 165 398
115 175 402
116 179 404
117 183 410
118 189 413
119 190 416
120 197 419
121 206 422
122 214 421
123 215 418
124 218 415
