Duration[s]: 0.347306 Porcentaje: 0 TerminoTodo: 1
Convexos: 27 VerticesConvexos: 181
0 1 123 124
21 22 23 24 25 26 29 30 31 32
12 13 14 15 16 17
8 9 10 11 18 19
7 8 19 20
3 4 5 6 7 20 33 34
35 36 37 38 39
2 3 34 35 39 40
55 56 57 58 59 60 61
53 54 55 61 62
46 47 48 49 50 51 52 53 62 63
44 45 46 63 64
94 95 96 97 98 99 100 101 102 103 104 105
93 94 105 106
87 88 89 90 91 92 93 106 107
86 87 107 108 109 110 111 112 113
85 86 113 114
79 80 81 82 83 84 85 114 115
75 76 77 78 79 115 116
67 68 69 70 71 72 73 74 75 116 117
66 67 117 118
65 66 118 119
43 44 64 65 119 120 121
41 42 43 121 122
1 2 40 41 122
20 21 26 27 28 29 32 33
1 11 12 17 18 122 123
0 433 197
1 411 214
2 408 242
3 431 253
4 457 257
5 467 268
6 435 283
7 406 292
8 412 296
9 437 304
10 427 318
11 372 339
12 369 346
13 381 357
14 376 374
15 326 394
16 290 392
17 310 366
18 311 336
19 287 323
20 265 319
21 264 332
22 264 356
23 256 374
24 236 387
25 211 388
26 198 386
27 189 387
28 160 383
29 148 369
30 128 349
31 115 327
32 163 317
33 181 313
34 160 277
35 139 273
36 112 287
37 92 289
38 57 264
39 111 255
40 103 226
41 91 203
42 85 193
43 106 189
44 112 180
45 103 160
46 94 136
47 80 122
48 79 116
49 85 97
50 97 86
51 106 82
52 113 80
53 123 78
54 126 77
55 138 78
56 151 79
57 162 85
58 170 93
59 173 97
60 175 106
61 176 114
62 179 126
63 181 132
64 185 136
65 189 136
66 196 132
67 198 127
68 198 120
69 199 102
70 202 91
71 214 80
72 229 70
73 264 53
74 279 48
75 314 40
76 342 31
77 357 30
78 430 31
79 454 32
80 482 32
81 521 37
82 548 46
83 584 92
84 573 117
85 549 139
86 535 172
87 540 183
88 569 218
89 589 248
90 591 259
91 589 293
92 582 311
93 557 331
94 529 358
95 513 375
96 483 379
97 445 382
98 409 364
99 408 358
100 411 342
101 421 335
102 433 329
103 457 318
104 475 312
105 491 313
106 498 312
107 499 290
108 479 276
109 472 262
110 469 246
111 467 228
112 470 214
113 475 206
114 473 182
115 451 157
116 399 143
117 362 144
118 313 149
119 303 156
120 338 165
121 341 175
122 370 182
123 389 179
124 412 168
