Duration[s]: 0.731557 Porcentaje: 0 TerminoTodo: 1
Convexos: 25 VerticesConvexos: 206
34 35 36 41 42 43 44 57 58 59
88 89 90 91 92 93
87 88 93 94
76 77 78 79 80 81 82 83 84 85 86 87 94
70 71 72 73 74 75 76 94 95
65 66 67 68 69 97 98 99 100
32 33 34 59 60 61 62 63 64 101
107 108 109 110 111
124 125 126 127 128 129 130
121 122 123 124 130 131
137 138 139 140 141 142 143
136 137 143 144
135 136 144 145
132 133 134 135 145 146
131 132 146 147
118 119 120 121 131 147 148
0 1 2 19 20 21 22 23 24 36 37 38 39 40 41 149
4 5 6 7 8 16 17 18 19 24 25 26 27 28 29 30 103 104
30 31 32 44 45 46 47 48 49 50 51 52 53 54 55 56 57 101 102 103
64 65 69 70 95 96 100 101
69 96 97
106 107 111 112 113 114
12 13 14 15 16 104 105 106 114 115
117 118 148 149
2 3 9 10 11 12 115 116 117 149
0 585 330
1 582 345
2 580 352
3 571 363
4 564 370
5 562 378
6 554 386
7 549 390
8 536 398
9 530 404
10 524 408
11 511 414
12 496 420
13 480 427
14 460 434
15 443 439
16 419 443
17 407 447
18 394 449
19 382 449
20 361 451
21 333 451
22 308 450
23 275 448
24 250 443
25 226 439
26 201 429
27 187 421
28 177 415
29 159 400
30 148 389
31 130 376
32 125 367
33 112 348
34 110 336
35 92 324
36 90 312
37 82 300
38 79 289
39 78 271
40 78 246
41 80 234
42 79 224
43 79 212
44 80 179
45 80 152
46 81 134
47 83 123
48 86 107
49 92 95
50 111 74
51 134 60
52 148 54
53 159 52
54 171 52
55 203 57
56 218 60
57 234 65
58 244 68
59 253 74
60 268 83
61 276 92
62 283 100
63 287 113
64 289 122
65 296 88
66 295 41
67 309 30
68 326 43
69 339 69
70 375 57
71 372 34
72 406 14
73 418 13
74 435 13
75 457 14
76 492 25
77 531 35
78 540 38
79 549 42
80 553 44
81 572 56
82 598 83
83 601 90
84 604 105
85 608 138
86 602 168
87 592 176
88 573 193
89 558 213
90 531 222
91 438 220
92 430 167
93 458 144
94 486 107
95 426 120
96 394 153
97 388 181
98 386 198
99 364 207
100 317 197
101 284 168
102 312 237
103 296 263
104 328 247
105 349 231
106 379 217
107 397 195
108 393 164
109 407 152
110 408 165
111 409 190
112 415 191
113 415 212
114 414 229
115 425 244
116 438 238
117 456 245
118 487 245
119 487 238
120 493 232
121 499 230
122 505 226
123 512 225
124 544 227
125 559 225
126 567 228
127 591 242
128 594 247
129 588 263
130 568 267
131 567 277
132 582 278
133 599 274
134 607 281
135 608 293
136 611 307
137 616 318
138 619 329
139 624 359
140 597 383
141 585 374
142 584 361
143 589 353
144 594 338
145 594 325
146 589 314
147 577 312
148 573 317
149 570 321
