Duration[s]: 0.758917 Porcentaje: 0 TerminoTodo: 1
Convexos: 25 VerticesConvexos: 180
0 104 105 124
90 91 92 93 94 95 96 97 98 99 100 101 102
89 90 102 103
9 10 11 12 13 14
23 24 25 26 40 41 42
8 9 14 15 22 23 42 43 44 45
53 54 55 56 65 66 67
50 51 52 53 67 68 69 70 73 74 75
3 4 7 8 45 46 84 85
2 3 85 86
1 2 86 87 88
0 1 88 89 103 104
111 112 113 114 115 116
110 111 116 117 118
110 118 119
110 119 120
105 106 107 108 109 110 120 121 122 123 124
4 5 6 7 27 28 32 33 34 35
16 17 18 19 20 21 60 61 62 63 64
15 16 21 22
28 29 30 31 32 70 71 72 73
26 27 35 36 37 38 39 40
49 56 57 58 59 60 64 65 75 76 77 78 79 80 81
47 48 49 81 82 83
46 47 83 84
0 465 196
1 456 211
2 450 244
3 482 257
4 485 258
5 500 258
6 525 282
7 502 292
8 499 305
9 498 324
10 515 334
11 516 339
12 510 348
13 481 357
14 458 355
15 431 362
16 430 380
17 430 392
18 428 404
19 418 412
20 403 412
21 383 402
22 346 384
23 329 385
24 326 404
25 304 420
26 246 396
27 227 394
28 207 400
29 184 420
30 164 429
31 136 427
32 117 416
33 91 401
34 77 385
35 84 374
36 69 363
37 61 354
38 60 343
39 63 332
40 67 318
41 64 304
42 63 284
43 58 272
44 52 251
45 66 241
46 69 225
47 65 213
48 54 203
49 52 196
50 51 193
51 47 187
52 44 181
53 40 170
54 36 160
55 34 151
56 34 142
57 30 126
58 28 98
59 31 89
60 37 81
61 42 74
62 48 66
63 56 59
64 61 57
65 83 48
66 100 41
67 122 37
68 145 28
69 153 26
70 169 24
71 213 11
72 239 15
73 251 65
74 256 76
75 258 93
76 262 100
77 266 109
78 272 128
79 275 139
80 276 155
81 277 179
82 278 192
83 277 202
84 276 224
85 295 227
86 298 203
87 299 182
88 313 162
89 329 129
90 327 117
91 321 102
92 321 86
93 324 74
94 337 65
95 351 58
96 360 56
97 375 54
98 380 54
99 399 56
100 442 69
101 441 95
102 431 113
103 427 123
104 440 138
105 471 130
106 489 122
107 506 121
108 539 133
109 557 183
110 543 200
111 559 232
112 588 264
113 589 286
114 562 321
115 543 315
116 541 287
117 527 264
118 527 256
119 523 235
120 513 229
121 499 232
122 483 218
123 475 205
124 473 196
