Duration[s]: 0.0783528 Porcentaje: 0 TerminoTodo: 1
Convexos: 31 VerticesConvexos: 187
0 102 103 122 123 124
2 3 4 5 6 7 8
28 29 30 31 32 33
27 28 33 34
26 27 34 35
25 26 35
25 35 36 37 38 39 40 41 42 43 44
25 44 45 46
24 25 46 47
12 13 14 15 16 17 18 19 20 21 22 23 24 47 48
11 12 48 49
10 11 49 50
54 55 56 57 58 59 60
52 53 54 60 61 66 67 68 69
73 74 75 76 77 78 79
72 73 79 80 81
85 86 87 88 89 90 91
84 85 91 92
83 84 92 93 94 95 96 97
82 83 97 98
71 72 81 82 98 99
9 10 50 51 71 99
1 2 8 9 99 100 101
0 1 101 102
108 109 110 111 112 113 114
108 114 115 116
107 108 116 117
106 107 117 118 119 120
104 105 106 120 121
103 104 121 122
51 52 61 62 63 64 65 66 69 70 71
0 538 284
1 503 291
2 505 316
3 531 325
4 551 337
5 555 354
6 500 358
7 444 329
8 435 300
9 425 274
10 388 267
11 388 297
12 398 321
13 413 337
14 417 367
15 408 386
16 377 401
17 355 408
18 329 410
19 280 411
20 245 400
21 228 394
22 202 381
23 182 366
24 178 357
25 148 317
26 131 355
27 127 368
28 149 386
29 202 397
30 212 416
31 175 422
32 118 416
33 79 392
34 76 355
35 106 330
36 65 295
37 60 269
38 79 225
39 101 199
40 140 183
41 195 174
42 253 194
43 299 220
44 306 250
45 266 286
46 232 305
47 285 326
48 331 319
49 331 289
50 372 250
51 369 224
52 315 189
53 277 175
54 153 113
55 140 137
56 98 167
57 62 151
58 38 102
59 79 76
60 138 96
61 181 78
62 211 54
63 254 56
64 281 59
65 299 62
66 310 69
67 348 87
68 372 101
69 377 122
70 392 149
71 388 182
72 399 157
73 417 109
74 368 90
75 422 63
76 454 69
77 466 76
78 471 84
79 481 114
80 480 139
81 449 156
82 443 179
83 470 191
84 507 182
85 527 137
86 505 96
87 500 79
88 544 60
89 575 73
90 610 104
91 613 149
92 543 176
93 571 198
94 581 221
95 579 249
96 507 244
97 488 230
98 418 202
99 398 199
100 450 228
101 470 240
102 500 252
103 543 251
104 587 264
105 612 301
106 605 316
107 603 324
108 617 368
109 602 399
110 576 411
111 539 423
112 477 412
113 462 391
114 521 382
115 558 366
116 575 363
117 571 333
118 546 314
119 552 301
120 561 294
121 567 285
122 552 277
123 549 281
124 546 284
