Duration[s]: 0.0680311 Porcentaje: 0 TerminoTodo: 1
Convexos: 43 VerticesConvexos: 184
0 1 67 99
80 81 82 83
76 77 78 79 80 83
76 83 84
74 75 76 84 85
74 85 86 87
74 87 88
73 74 88 89
72 73 89 90
71 72 90 91
70 71 91 92 93 94
70 94 95 96
69 70 96 97
68 69 97 98
67 68 98 99
64 65 66
5 6 7
7 8 9
13 14 15
15 16 17
17 18 19
15 17 19
23 24 25 26 27 28 29 30 31 32 33
21 22 23 33
19 20 21
13 15 19 21 33 34
35 36 37 38 39
34 35 39 40
11 12 13
43 44 45 46 47
43 47 48 49
54 55 56
49 50 51 52 53 54 56
56 57 58
42 43 49 56 58
42 58 59 60
41 42 60 61 62
11 13 34 40 41 62
9 10 11 62
5 7 9 62 63
3 4 5 63
3 63 64 66
1 2 3 66 67
0 498 75
1 387 76
2 523 137
3 366 126
4 530 164
5 353 153
6 467 175
7 364 188
8 504 220
9 314 216
10 535 258
11 302 246
12 631 314
13 376 290
14 575 331
15 385 318
16 554 352
17 426 348
18 572 376
19 396 370
20 562 402
21 399 391
22 568 421
23 435 411
24 575 435
25 576 439
26 562 456
27 558 458
28 512 470
29 480 471
30 406 466
31 329 446
32 304 436
33 314 400
34 270 365
35 249 415
36 273 428
37 279 449
38 218 445
39 143 414
40 190 374
41 164 361
42 116 347
43 93 366
44 129 406
45 72 428
46 44 396
47 55 347
48 51 316
49 94 268
50 74 242
51 77 191
52 90 114
53 127 56
54 127 128
55 151 20
56 120 215
57 186 32
58 132 262
59 199 107
60 180 211
61 227 128
62 207 218
63 272 126
64 246 54
65 306 50
66 270 64
67 331 67
68 342 35
69 363 26
70 395 24
71 459 21
72 502 19
73 529 23
74 573 47
75 593 80
76 604 164
77 600 200
78 592 223
79 536 235
80 525 208
81 479 190
82 522 172
83 551 176
84 559 163
85 559 136
86 547 113
87 545 95
88 543 82
89 538 70
90 512 47
91 476 35
92 471 54
93 461 56
94 454 55
95 442 56
96 425 45
97 400 41
98 392 42
99 389 53
