Duration[s]: 0.134114 Porcentaje: 0 TerminoTodo: 1
Convexos: 42 VerticesConvexos: 232
0 137 138 139 140 146 147 148 149
11 12 13
26 27 28 29 30
41 42 43 44 45 46 47 48
40 41 48 49
50 51 52 53 54
39 40 49 50 54 55
65 66 67 68 69 70 71
62 63 64 65 71 72 73 74 75 76
61 62 76 77 78
60 61 78 79 80
59 60 80
57 58 59 80
56 57 80 81
56 81 82
38 39 55 56 82 83 84
37 38 84 85
36 37 85 86 87 88
33 34 35 36 88
32 33 88 89
32 89 90 91
31 32 91 92 93
24 25 26 30 31 93 94
23 24 94 95 96
22 23 96 97 98 99 100 101 102 103
21 22 103
20 21 103 104
17 18 19 20 104
16 17 104 105 106 107 108 109 110 111 112
15 16 112 113 114 115
14 15 115 116
11 13 14 116 117 118 119 120
10 11 120 121 122 123 124 125
9 10 125 126
5 6 7 8 9 126 127
5 127 128 129 130 131
4 5 131 132
2 3 4 132 133
1 2 133 134
1 134 135
0 1 135 136 137
140 141 142 143 144 145 146
0 463 117
1 504 128
2 522 141
3 541 173
4 543 192
5 541 222
6 523 240
7 498 258
8 480 260
9 430 253
10 386 283
11 390 299
12 418 308
13 429 319
14 444 332
15 458 344
16 483 352
17 517 359
18 519 347
19 524 336
20 547 320
21 566 297
22 570 282
23 572 256
24 570 222
25 564 202
26 564 176
27 555 145
28 550 118
29 557 85
30 569 68
31 571 55
32 573 41
33 515 68
34 525 94
35 497 101
36 481 80
37 456 71
38 402 96
39 402 112
40 441 149
41 419 186
42 354 212
43 325 218
44 279 207
45 219 189
46 163 164
47 154 134
48 224 146
49 256 146
50 248 119
51 228 104
52 223 93
53 243 54
54 279 62
55 295 62
56 241 21
57 172 49
58 189 81
59 142 86
60 123 112
61 112 134
62 148 170
63 177 194
64 193 209
65 216 242
66 239 267
67 245 298
68 237 333
69 161 337
70 129 303
71 142 269
72 92 216
73 63 185
74 50 169
75 54 151
76 57 141
77 60 128
78 85 109
79 106 78
80 117 64
81 193 14
82 263 17
83 296 17
84 376 46
85 406 45
86 437 26
87 486 17
88 494 26
89 546 24
90 590 17
91 593 50
92 600 73
93 593 102
94 592 121
95 596 142
96 591 181
97 620 209
98 636 227
99 639 277
100 639 308
101 632 328
102 612 346
103 575 359
104 512 397
105 479 441
106 437 458
107 403 461
108 377 459
109 352 455
110 344 447
111 320 412
112 313 397
113 304 381
114 299 369
115 299 340
116 298 323
117 296 310
118 297 287
119 298 276
120 303 267
121 321 254
122 329 249
123 341 245
124 355 242
125 365 244
126 378 242
127 391 236
128 398 230
129 423 212
130 444 203
131 455 203
132 459 202
133 478 180
134 478 176
135 476 154
136 468 143
137 465 138
138 452 137
139 444 133
140 439 121
141 435 118
142 434 111
143 434 99
144 437 94
145 440 92
146 448 94
147 450 92
148 457 94
149 461 97
