Duration[s]: 0.250162 Porcentaje: 0 TerminoTodo: 1
Convexos: 42 VerticesConvexos: 232
0 1 149
20 21 22 23 24 25 26 27 28 29 30 31 32 33
19 20 33 34
18 19 34 35 36
17 18 36 37
52 53 54 55 56 57
51 52 57 58 59 60
49 50 51 60 61
43 44 45 46 47 48 49 61
42 43 61 62
41 42 62
66 67 68 69 70 71 72
65 66 72 73
64 65 73 74 75
63 64 75 76 77 78
62 63 78 79 80
38 39 40 41 62 80 81
94 95 96 97 98 99 100
102 103 104
101 102 104 105
93 94 100 101 105
92 93 105
91 92 105 106
90 91 106 107 108
88 89 90 108
87 88 108 109 110
85 86 87 110
83 84 85 110 111 112
82 83 112 113 114 115 116 117 118 119 120 121 122 123 124 125
17 37 38 81 82 125 126
16 17 126 127 128
15 16 128 129
8 9 10 11 12 13 14 15 129 130
7 8 130
6 7 130
136 137 138 139 140 141 142 143
135 136 143 144
133 134 135 144 145
5 6 130 131 132 133 145
3 4 5 145 146
2 3 146 147
1 2 147 148 149
0 403 12
1 402 16
2 402 22
3 403 29
4 406 33
5 408 39
6 410 42
7 422 47
8 434 47
9 448 45
10 482 48
11 488 54
12 493 68
13 494 83
14 493 94
15 470 124
16 469 138
17 484 147
18 490 147
19 499 136
20 500 125
21 499 119
22 499 100
23 501 79
24 507 69
25 533 57
26 562 52
27 578 57
28 613 107
29 618 131
30 608 214
31 582 230
32 560 240
33 535 240
34 502 231
35 482 207
36 476 184
37 458 190
38 444 213
39 473 227
40 478 238
41 481 283
42 526 270
43 546 262
44 558 257
45 570 256
46 579 264
47 571 286
48 560 301
49 538 321
50 590 342
51 571 354
52 574 372
53 588 398
54 593 422
55 565 443
56 529 446
57 492 445
58 461 446
59 418 409
60 418 372
61 392 346
62 373 334
63 318 314
64 301 325
65 302 346
66 302 378
67 298 408
68 255 415
69 222 415
70 163 400
71 155 382
72 161 381
73 187 373
74 188 369
75 210 330
76 170 288
77 177 259
78 203 249
79 218 243
80 282 254
81 258 192
82 201 163
83 149 195
84 140 221
85 125 238
86 145 270
87 122 305
88 108 327
89 130 343
90 91 366
91 96 405
92 126 423
93 180 443
94 237 458
95 308 468
96 286 479
97 244 479
98 198 475
99 164 464
100 157 459
101 119 443
102 112 471
103 120 479
104 53 453
105 58 416
106 32 378
107 40 356
108 65 298
109 64 273
110 107 229
111 89 188
112 79 150
113 56 112
114 54 88
115 58 71
116 86 50
117 103 39
118 117 34
119 134 32
120 161 36
121 184 42
122 211 56
123 231 72
124 236 97
125 238 125
126 268 127
127 315 112
128 356 114
129 369 112
130 342 82
131 330 89
132 310 90
133 289 83
134 258 90
135 257 76
136 253 64
137 247 54
138 246 42
139 253 32
140 273 22
141 281 20
142 306 29
143 318 52
144 335 56
145 350 54
146 357 41
147 358 37
148 359 31
149 371 23
