Duration[s]: 1.37288 Porcentaje: 0 TerminoTodo: 1
Convexos: 26 VerticesConvexos: 206
24 25 26 27 28 29 30 31 32 33 34 35 36 37 38 39 40 41 42
3 4 5 21 22 23 24 42 43
71 72 73 74 75 76 77 78 79
67 68 69 70 71 79 80
81 82 83 84 85 86 87 88 89 90 91 92
80 81 92
66 67 80 92
63 64 65 66 92 93 94
62 63 94 95
61 62 95 96 97 98
59 60 61 98 99
58 59 99 100 101 102
56 57 58 102 103 104 105 106 107
55 56 107 108 109
53 54 55 109 110 111 112 113
48 49 50 51 52 53 113 114
47 48 114 115
127 128 131 133 134 135 136
116 117 146 147
45 46 47 115 116 147 148 149
0 44 45 128 129 130 131 149
8 9 10 11 12 122 132 133 140 141 142 143 144 145
5 6 7 8 12 13 14 15 16 17 18 19 20 21 123 124 138 139 140
0 1 2 3 43 44
124 125 126 127 136 137 138
117 118 119 120 121 122 145 146
0 484 401
1 484 404
2 482 408
3 475 413
4 474 416
5 470 418
6 465 421
7 455 425
8 429 434
9 413 441
10 405 444
11 399 446
12 382 448
13 370 450
14 362 451
15 336 452
16 328 452
17 313 451
18 293 449
19 286 448
20 267 443
21 258 440
22 244 436
23 230 430
24 227 426
25 214 421
26 202 413
27 199 410
28 196 404
29 191 392
30 189 377
31 188 366
32 188 357
33 191 345
34 194 335
35 199 330
36 206 326
37 222 319
38 225 318
39 232 318
40 256 321
41 264 323
42 270 328
43 276 330
44 277 328
45 276 325
46 271 320
47 268 316
48 257 308
49 249 303
50 243 298
51 234 289
52 231 281
53 236 262
54 231 246
55 238 235
56 239 233
57 240 227
58 254 207
59 256 203
60 254 184
61 258 159
62 256 150
63 254 143
64 250 133
65 249 118
66 249 102
67 248 96
68 239 91
69 223 75
70 224 71
71 230 63
72 234 55
73 251 44
74 265 36
75 279 29
76 294 29
77 297 34
78 298 41
79 298 56
80 305 60
81 309 53
82 311 41
83 314 36
84 330 24
85 334 23
86 355 23
87 373 30
88 377 37
89 380 66
90 378 68
91 367 75
92 347 80
93 349 80
94 347 84
95 346 97
96 351 102
97 355 110
98 359 122
99 366 139
100 369 143
101 376 153
102 378 157
103 380 157
104 387 179
105 389 187
106 390 199
107 387 210
108 386 214
109 385 216
110 384 221
111 377 236
112 364 256
113 355 263
114 357 291
115 362 296
116 387 298
117 395 296
118 397 286
119 398 284
120 407 282
121 413 281
122 414 282
123 417 283
124 421 284
125 424 281
126 431 282
127 435 284
128 450 288
129 473 294
130 484 301
131 486 306
132 489 307
133 496 315
134 499 318
135 500 322
136 499 323
137 502 327
138 506 343
139 507 346
140 507 350
141 509 360
142 510 367
143 509 379
144 508 381
145 507 382
146 507 384
147 510 391
148 511 392
149 501 394
