Duration[s]: 0.0932547 Porcentaje: 0 TerminoTodo: 1
Convexos: 27 VerticesConvexos: 154
0 1 99
6 7 8 9
6 9 10 11
13 14 20 21 22
12 13 22 23 32 33
5 6 11 12 33 34
41 42 43 44 45 46 47 48 49 50 51 52 53 54 55 56
40 41 56 57 58 59 60
39 40 60 61
36 37 38 39 61
35 36 61
64 65 66 67 68
63 64 68
63 68 69 70 71
62 63 71
80 81 82 83 84
79 80 84 85
78 79 85 86 87
76 77 78 87
75 76 87 88
74 75 88 89 90 91
72 73 74 91 92
61 62 71 72 92 93 94
34 35 61 94 95
2 3 4 5 34 95 96
1 2 96 97 98 99
14 15 16 17 18 19 20 23 24 25 26 27 28 29 30 31 32
0 596 200
1 565 208
2 568 223
3 574 228
4 575 231
5 566 253
6 567 262
7 597 289
8 599 295
9 585 307
10 574 317
11 549 327
12 511 353
13 516 358
14 531 365
15 542 365
16 578 371
17 593 379
18 603 390
19 612 412
20 611 413
21 603 443
22 586 443
23 559 447
24 499 461
25 469 460
26 416 444
27 407 438
28 390 420
29 389 409
30 390 389
31 394 383
32 435 369
33 444 361
34 444 336
35 370 316
36 366 335
37 368 365
38 352 372
39 336 377
40 328 396
41 328 409
42 339 417
43 348 432
44 347 451
45 312 460
46 299 463
47 266 459
48 243 454
49 223 444
50 204 434
51 182 413
52 168 390
53 165 379
54 165 357
55 170 327
56 189 314
57 221 300
58 255 294
59 277 294
60 294 297
61 316 260
62 247 249
63 137 274
64 123 348
65 126 404
66 48 400
67 72 340
68 103 298
69 78 267
70 125 229
71 193 219
72 178 200
73 104 172
74 247 181
75 231 170
76 113 98
77 29 77
78 168 79
79 276 112
80 271 96
81 172 51
82 244 44
83 349 68
84 348 110
85 377 155
86 282 143
87 242 127
88 279 158
89 356 201
90 373 211
91 314 205
92 307 213
93 390 249
94 407 267
95 423 272
96 419 218
97 378 175
98 406 162
99 428 156
