Duration[s]: 0.309055 Porcentaje: 0 TerminoTodo: 1
Convexos: 28 VerticesConvexos: 183
0 1 17 18 68 69 84 124
5 6 7 8 9 10 11
4 5 11 12
3 4 12 13 14 15
2 3 15 16
1 2 16 17
73 74 75 76 77
71 72 73 77 78 79 80
70 71 80 81
69 70 81 82 83 84
33 34 35 36 37 38 39 40 41
55 56 57 58 59 60 61
52 53 54 55 61 62 63
50 51 52 63 64
44 45 46 47 48
43 44 48
42 43 50 64 65
32 33 41 42 65 66
112 113 114 115 116 117 118 119 120 121
111 112 121 122
100 101 102 103 104 105 106
88 89 90 91 92 93 94 95 96 97 98 99 100 106 107
86 87 88 107 108
86 108 109
85 86 109 110 123
21 22 23 24 25 26 27 28 29 30 31 84 85 123 124
43 48 49 50 110 111 122 123
18 19 20 21 31 32 66 67 68
0 97 187
1 95 180
2 80 165
3 68 167
4 64 175
5 63 195
6 63 200
7 47 201
8 39 193
9 25 178
10 26 155
11 49 149
12 51 129
13 51 107
14 64 97
15 89 104
16 97 116
17 104 118
18 132 107
19 148 87
20 175 75
21 192 68
22 218 56
23 245 47
24 263 43
25 274 41
26 289 40
27 311 41
28 333 47
29 344 55
30 352 68
31 354 99
32 359 117
33 371 107
34 371 89
35 374 78
36 378 70
37 397 56
38 433 39
39 454 37
40 493 46
41 431 93
42 469 115
43 491 120
44 502 83
45 504 62
46 533 63
47 517 102
48 502 122
49 551 161
50 526 179
51 544 189
52 578 218
53 571 256
54 562 284
55 522 321
56 524 363
57 498 383
58 436 404
59 404 394
60 391 352
61 443 329
62 427 296
63 462 273
64 461 256
65 385 231
66 353 252
67 334 285
68 309 301
69 295 315
70 311 349
71 317 352
72 361 365
73 357 390
74 382 401
75 382 414
76 333 426
77 319 429
78 308 432
79 250 423
80 249 418
81 246 408
82 221 396
83 214 390
84 223 347
85 156 303
86 156 349
87 175 385
88 178 393
89 177 417
90 172 420
91 148 426
92 113 430
93 98 428
94 82 420
95 64 406
96 51 394
97 44 386
98 29 365
99 25 355
100 22 346
101 8 326
102 5 310
103 9 299
104 39 297
105 44 308
106 48 317
107 64 326
108 82 325
109 99 317
110 102 306
111 94 293
112 78 287
113 67 284
114 58 277
115 52 262
116 50 250
117 50 224
118 60 217
119 64 216
120 82 225
121 93 241
122 104 250
123 126 242
124 117 221
