Duration[s]: 0.0763663 Porcentaje: 0 TerminoTodo: 1
Convexos: 19 VerticesConvexos: 136
0 1 2 99
9 10 11 12 13 14 15 16 17 18 19 20 21 22 23 24 25 26 27
76 77 78 79 80 81
82 83 84 85 86 87 88
75 76 81 82 88
60 61 62 63 64 65 66 67 68 69 70 71 72
55 56 57
38 39 40
36 37 38 40
35 36 40 41 42 43 44 45 46 47 48 49 50 51 52 53 54 55 57
33 34 35 57 58
31 32 33 58 59
31 59 60 72 73
30 31 73 74
30 74 75 88 89
29 30 89 90 91 92 93
28 29 93 94 95
27 28 95 96 97 98
2 3 4 5 6 7 8 9 27 98 99
0 566 371
1 560 383
2 548 391
3 535 399
4 514 411
5 489 416
6 462 417
7 442 416
8 431 414
9 412 400
10 384 380
11 368 362
12 354 338
13 346 313
14 339 289
15 337 267
16 339 248
17 353 225
18 367 212
19 378 204
20 396 197
21 431 191
22 457 194
23 473 198
24 518 218
25 524 222
26 538 234
27 540 253
28 555 233
29 499 180
30 375 150
31 245 199
32 308 277
33 321 331
34 330 356
35 333 377
36 356 392
37 383 401
38 405 412
39 412 415
40 412 430
41 401 441
42 360 454
43 323 464
44 296 465
45 275 465
46 240 461
47 221 453
48 191 438
49 179 425
50 175 412
51 170 391
52 170 368
53 173 344
54 185 329
55 207 317
56 250 329
57 265 338
58 275 304
59 266 281
60 223 264
61 192 283
62 158 286
63 112 280
64 94 272
65 72 252
66 49 214
67 46 188
68 66 140
69 80 134
70 114 126
71 136 123
72 176 155
73 203 162
74 216 159
75 221 141
76 220 132
77 219 127
78 219 100
79 252 79
80 266 71
81 291 89
82 327 84
83 332 75
84 336 72
85 347 69
86 417 62
87 437 80
88 445 115
89 475 113
90 492 107
91 514 107
92 531 124
93 531 150
94 586 184
95 582 214
96 584 249
97 579 262
98 564 282
99 561 309
