Duration[s]: 0.117103 Porcentaje: 0 TerminoTodo: 1
Convexos: 36 VerticesConvexos: 195
0 123 124
7 8 9
13 14 15 16 17 18 19 20 21 22 23 24 25 26
12 13 26
10 11 12 26 27
7 9 10 27 28 29
32 33 34
45 46 47 48 49 50 51 52 53
42 43 44 45 53 54
41 42 54 55
40 41 55 56
37 38 39 40 56
35 36 37 56 57
57 58 59 60 61
34 35 57 61 62
31 32 34 62 63 64
30 31 64 65
66 67 68 69 70
30 65 66 70 71
6 7 29 30 71
76 77 78 79 80 81 82 83 84
74 75 76 84 85
73 74 85 86
72 73 86 87 88
91 92 93
89 90 91 93 94
95 96 97 98
106 107 108 109 110 111 112 113 114
102 103 104 105 106 114 115
100 101 102 115 116
98 99 100 116 117
94 95 98 117 118 119
89 94 119 120 121
6 71 72 88 89 121 122
5 6 122 123
0 1 2 3 4 5 123
0 550 367
1 522 356
2 510 350
3 497 334
4 493 307
5 492 290
6 473 237
7 411 261
8 454 300
9 456 320
10 458 337
11 474 347
12 484 356
13 491 360
14 504 367
15 505 378
16 505 389
17 484 406
18 464 415
19 450 418
20 416 420
21 375 413
22 336 397
23 297 363
24 276 332
25 266 299
26 262 262
27 278 230
28 311 201
29 346 187
30 352 149
31 303 123
32 284 148
33 286 167
34 228 183
35 224 189
36 225 205
37 203 236
38 217 255
39 229 277
40 214 289
41 220 310
42 230 321
43 238 325
44 247 343
45 245 355
46 242 377
47 236 385
48 221 391
49 176 387
50 112 365
51 78 334
52 82 311
53 118 313
54 88 270
55 120 254
56 112 190
57 167 164
58 178 30
59 224 23
60 260 62
61 245 83
62 281 67
63 299 44
64 328 28
65 343 77
66 360 84
67 392 44
68 456 48
69 439 87
70 422 118
71 420 140
72 437 126
73 452 109
74 460 95
75 458 78
76 484 69
77 464 42
78 473 20
79 481 17
80 507 15
81 522 15
82 549 20
83 569 37
84 550 68
85 535 93
86 546 118
87 556 132
88 504 154
89 521 201
90 559 204
91 572 228
92 574 228
93 572 235
94 566 260
95 588 281
96 606 285
97 606 297
98 589 317
99 604 323
100 602 349
101 602 352
102 593 385
103 588 390
104 577 396
105 571 398
106 563 399
107 561 400
108 554 401
109 542 398
110 538 393
111 536 387
112 536 378
113 545 373
114 552 376
115 562 376
116 567 366
117 567 352
118 560 333
119 559 313
120 528 299
121 526 297
122 524 310
123 524 322
124 536 324
