Duration[s]: 0.420647 Porcentaje: 0 TerminoTodo: 1
Convexos: 29 VerticesConvexos: 206
0 1 147 148 149
14 15 16
13 14 16 17 18 19 20 21
50 51 52 53
45 46 47 48 49 50 53 54
40 41 42 43 44 45 54 55 56 57 58
33 34 35 36 37 38 39 40 58 59
29 30 31 32 33 59 60
26 27 28 29 60 61 62 63 64 65
24 25 26 65 66
98 99 100 101 102 103
83 84 85 86 87 88 89 90 91 92 93 94 95
82 83 95 96
77 78 79 80
71 72 73 74 75 76 77 80 81
70 71 81 82 96
69 70 96 97
68 69 97 98 103 104
113 114 115
116 117 118 119 120 121 122 123 124
115 116 124 125 126 127 128 129 130 131
110 111 112 113 115 131 132 133
105 106 107 108 109 110 133
67 68 104 105 133 134
23 24 66 67 134
8 9 10 11 12 13 21 22 23 134 135
5 6 7 8 135 136 137
4 5 137 138 139 140 141 142 143
1 2 3 4 143 144 145 146 147
0 140 64
1 144 67
2 147 67
3 152 68
4 155 69
5 160 70
6 163 70
7 179 73
8 189 76
9 200 79
10 214 83
11 228 88
12 234 93
13 239 99
14 246 105
15 261 117
16 265 126
17 269 134
18 273 143
19 276 157
20 278 177
21 280 199
22 285 231
23 286 247
24 288 246
25 289 243
26 292 238
27 293 233
28 295 224
29 297 217
30 295 208
31 294 193
32 293 176
33 295 151
34 293 131
35 296 117
36 303 108
37 314 97
38 341 80
39 364 70
40 389 62
41 410 55
42 437 48
43 461 44
44 494 40
45 522 44
46 550 40
47 582 49
48 606 59
49 599 82
50 592 96
51 587 110
52 574 125
53 569 128
54 562 134
55 550 145
56 513 163
57 482 170
58 436 168
59 404 167
60 392 191
61 422 188
62 427 188
63 432 204
64 420 212
65 371 231
66 355 239
67 345 245
68 362 247
69 402 248
70 417 242
71 452 224
72 462 218
73 477 210
74 494 203
75 512 202
76 531 207
77 540 212
78 564 222
79 605 268
80 569 273
81 571 293
82 577 303
83 594 308
84 610 322
85 619 331
86 631 372
87 627 385
88 614 393
89 583 400
90 558 404
91 531 408
92 511 405
93 483 379
94 480 357
95 503 345
96 447 322
97 427 343
98 426 371
99 435 384
100 390 404
101 363 385
102 313 333
103 311 328
104 300 319
105 286 317
106 282 326
107 267 348
108 253 359
109 240 368
110 209 373
111 191 376
112 166 378
113 159 352
114 154 350
115 160 345
116 133 333
117 130 348
118 125 371
119 116 382
120 95 383
121 52 361
122 35 348
123 33 313
124 35 279
125 33 259
126 57 247
127 63 247
128 109 265
129 123 271
130 148 283
131 188 307
132 217 292
133 250 299
134 263 274
135 248 259
136 218 270
137 212 269
138 195 268
139 170 259
140 148 245
141 142 240
142 130 226
143 126 212
144 117 181
145 116 161
146 116 145
147 120 100
148 116 77
149 115 60
