Duration[s]: 0.10416 Porcentaje: 0 TerminoTodo: 1
Convexos: 51 VerticesConvexos: 254
0 5 6 149
1 2 3 4 5
0 1 5
143 144 145 146 147 148
16 17 18 19 20
15 16 20 21
14 15 21 22
10 11 12 13 14 22 23
140 141 142
33 34 35 36 37
30 31 32 33 37
28 29 30 37 38
42 43 44 45 46
41 42 46
40 41 46 47
106 107 108 109 110 111
106 111 112
104 105 106 112 113 114 115
120 121 122 123 124 125
119 120 125 126 127 128
118 119 128 129
117 118 129 130 131
103 104 115 116 134
51 52 53 54 55
49 50 51 55
48 49 55 56
79 80 81 82
77 78 79 82
74 75 76 77 82
73 74 82 83
70 71 72 73 83
69 70 83 84
66 67 68 69 84 85
91 92 93 94 95
87 88 89 90 91 95 96
86 87 96 97 98
65 66 85 86 98
59 60 61 62 63
57 58 59 63 64
56 57 99 100
47 48 56 100 101 102 103 134
39 40 47 134 135
27 28 38 39 135 136 137
25 26 27 137 138
24 25 138 139
24 139 140 142
8 9 10 23 24 142
7 8 142 143
6 7 143 148 149
57 64 65 117 131 132 133
57 65 98 99 116 117 133 134
0 592 28
1 614 52
2 613 89
3 573 106
4 546 57
5 566 45
6 502 43
7 504 58
8 530 90
9 565 113
10 584 127
11 625 147
12 622 184
13 617 235
14 609 263
15 609 302
16 615 326
17 624 350
18 607 385
19 561 382
20 575 351
21 591 309
22 584 258
23 563 196
24 516 165
25 518 227
26 523 239
27 526 290
28 498 338
29 517 364
30 534 392
31 569 406
32 561 421
33 519 430
34 512 434
35 497 434
36 452 400
37 488 386
38 459 363
39 402 391
40 408 402
41 431 421
42 470 430
43 458 445
44 387 461
45 367 427
46 403 426
47 349 388
48 317 414
49 325 428
50 344 444
51 329 460
52 310 461
53 274 452
54 270 417
55 307 434
56 277 385
57 228 368
58 236 394
59 236 427
60 222 445
61 171 447
62 173 421
63 202 422
64 201 376
65 166 352
66 151 366
67 163 383
68 151 397
69 129 417
70 132 431
71 149 446
72 115 463
73 87 422
74 52 433
75 52 457
76 20 441
77 10 395
78 10 354
79 32 368
80 51 365
81 48 381
82 24 398
83 76 396
84 97 382
85 108 366
86 98 339
87 66 305
88 60 317
89 45 327
90 18 303
91 20 268
92 17 228
93 38 227
94 55 246
95 36 264
96 80 264
97 121 296
98 121 330
99 153 314
100 136 277
101 98 234
102 172 187
103 220 222
104 221 165
105 149 124
106 214 94
107 188 57
108 223 35
109 267 22
110 293 29
111 292 56
112 293 103
113 349 117
114 356 156
115 324 185
116 331 238
117 382 241
118 408 204
119 402 161
120 395 112
121 356 84
122 339 45
123 367 12
124 386 29
125 391 58
126 417 68
127 432 105
128 433 143
129 436 178
130 444 187
131 449 211
132 459 226
133 366 286
134 324 321
135 349 333
136 389 321
137 453 305
138 485 265
139 488 209
140 475 158
141 456 113
142 516 123
143 484 92
144 449 58
145 425 32
146 402 4
147 431 2
148 449 22
149 487 4
