Duration[s]: 0.0991135 Porcentaje: 0 TerminoTodo: 1
Convexos: 30 VerticesConvexos: 158
0 98 99
1 2 3 4 5
54 55 56 57 58
59 60 61 62 63
53 54 58 59 63
50 51 52 53 63 64
65 66 67 68 69
65 69 70 71
50 64 65 71
74 75 76 77 78 79 80
73 74 80 81
72 73 81 82
49 50 71 72 82 83
84 85 86 87 88
83 84 88 89 90 91
49 83 91 92
48 49 92 93
39 40 41 42 43 44
23 24 25 26 27 28
30 31 32 33 34 35
29 30 35 36 37
22 23 28 29 37 38
22 38 39 44
21 22 44 45
14 15 16 17 18 19 20 21 45
12 13 14 45 46 47
7 8 9 10 11 12 47 48
6 7 48 93 94
0 1 5 6 94 95 96 97
0 97 98
0 90 109
1 100 91
2 101 75
3 125 64
4 129 71
5 127 103
6 129 112
7 152 110
8 151 97
9 153 79
10 165 71
11 172 67
12 184 62
13 194 56
14 208 50
15 224 43
16 245 34
17 297 16
18 336 11
19 366 11
20 409 33
21 386 59
22 381 85
23 432 116
24 450 105
25 481 95
26 499 113
27 487 147
28 482 156
29 473 185
30 498 185
31 528 164
32 547 164
33 544 195
34 522 207
35 480 221
36 441 219
37 392 195
38 372 192
39 315 232
40 296 248
41 256 197
42 245 144
43 294 118
44 323 112
45 261 76
46 223 137
47 182 173
48 171 204
49 235 239
50 326 288
51 366 241
52 419 248
53 422 312
54 462 280
55 481 253
56 542 244
57 567 261
58 516 303
59 530 359
60 541 388
61 512 414
62 418 411
63 390 351
64 337 343
65 306 375
66 337 393
67 339 413
68 318 421
69 288 397
70 257 374
71 283 330
72 245 314
73 219 308
74 190 326
75 200 371
76 148 377
77 138 373
78 127 347
79 148 326
80 177 305
81 165 284
82 156 270
83 117 243
84 90 256
85 91 280
86 74 317
87 50 293
88 59 267
89 31 224
90 44 209
91 71 214
92 92 214
93 109 203
94 100 183
95 90 184
96 72 185
97 65 173
98 65 150
99 53 124
