Duration[s]: 0.171444 Porcentaje: 0 TerminoTodo: 1
Convexos: 33 VerticesConvexos: 189
0 10 11 55 56 57 124
25 26 27
40 41 42 43 44 45 46 47 48
39 40 48 49
36 37 38 39 49 50
35 36 50 51
33 34 35 51 52
29 30 31 32 33 52 53 54
27 28 29 54
12 13 14 15 16 17
18 19 20 21 22
23 24 25
12 17 18 22 23 25
11 12 25 27 54 55
0 1 2 3 4 5 6 7 8 9
0 9 10
64 65 66 67 68 69
63 64 69 70 71 72
62 63 72
75 76 77 78 79 80 81
74 75 81 82 83
84 85 86 87 88
73 74 83 84 88
73 88 89 90 91
60 61 62 72 73 91 92 93 94
59 60 94 95 96 97 98 99
109 110 111 112
107 108 109 112 113
103 104 105 106 107 113 114 115
102 103 115 116 117 118 119 120 121 122
101 102 122 123
100 101 123 124
57 58 59 99 100 124
0 180 94
1 181 78
2 182 68
3 190 63
4 202 60
5 214 59
6 230 61
7 231 71
8 230 82
9 220 86
10 211 91
11 263 105
12 301 90
13 269 72
14 265 54
15 296 44
16 322 59
17 329 71
18 363 68
19 376 57
20 428 67
21 440 75
22 413 92
23 436 107
24 483 111
25 389 142
26 455 153
27 409 167
28 529 171
29 528 190
30 579 179
31 574 202
32 539 248
33 524 263
34 547 282
35 513 293
36 532 314
37 535 317
38 525 340
39 504 359
40 544 369
41 553 385
42 535 425
43 479 446
44 435 435
45 378 417
46 341 386
47 332 356
48 380 357
49 353 331
50 395 321
51 420 315
52 416 280
53 388 256
54 373 232
55 328 198
56 312 208
57 237 192
58 255 241
59 256 265
60 241 288
61 272 329
62 258 343
63 249 362
64 279 379
65 305 392
66 318 411
67 321 425
68 312 425
69 289 423
70 275 422
71 240 415
72 211 353
73 179 354
74 189 397
75 202 419
76 277 453
77 282 472
78 216 479
79 179 477
80 167 463
81 166 442
82 161 430
83 163 415
84 136 382
85 139 439
86 88 427
87 102 386
88 128 372
89 78 349
90 77 322
91 113 310
92 92 286
93 85 247
94 154 252
95 143 244
96 118 219
97 97 186
98 115 175
99 128 174
100 129 173
101 131 166
102 123 160
103 72 150
104 71 186
105 64 204
106 41 202
107 29 164
108 23 148
109 22 137
110 9 112
111 14 103
112 26 97
113 39 90
114 44 85
115 61 74
116 73 62
117 83 60
118 112 61
119 134 68
120 140 71
121 140 93
122 139 104
123 166 124
124 180 127
