Duration[s]: 0.379104 Porcentaje: 0 TerminoTodo: 1
Convexos: 32 VerticesConvexos: 186
0 114 115 116 122 123
117 118 119 120 121 122
116 117 122
2 3 4 5
8 9 10 11 12
99 100 101 102 103 104
94 95 96 97
93 94 97 98
18 19 20 21 22 23
16 17 18 23 24 25 26 27
63 64 65 66 67 68 69 70 71
46 47 48 49 50 51 52
45 46 52 53 54 55 56 57
43 44 45 57 58
42 43 58 59 60 61
42 61 62
42 62 63 71 72
36 37 38 39 40 41
35 36 41
75 76 77 78 79
74 75 79 80 81 82
73 74 82 83 84 85 86 87 88 89 90
32 33 34 35 41 42 72 73 90 91
31 32 91 92
15 16 27 28 29 30 31 92 93
14 15 93 98 99 104
13 14 104 105
8 12 13 105 106 107
7 8 107 108 109
6 7 109 110 111
1 2 5 6 111
0 1 111 112 113 114
0 567 377
1 528 367
2 517 398
3 521 408
4 450 404
5 459 384
6 464 354
7 443 344
8 426 346
9 421 363
10 406 386
11 363 381
12 373 358
13 377 348
14 356 329
15 335 327
16 307 345
17 318 368
18 319 375
19 327 399
20 327 414
21 305 419
22 275 425
23 251 428
24 223 433
25 197 435
26 166 424
27 150 410
28 131 398
29 118 386
30 110 374
31 106 357
32 84 331
33 70 315
34 69 300
35 77 287
36 80 247
37 70 224
38 78 182
39 93 149
40 139 147
41 159 201
42 205 166
43 185 142
44 150 133
45 106 115
46 69 123
47 69 148
48 62 179
49 50 181
50 28 156
51 29 132
52 53 115
53 52 89
54 56 45
55 63 34
56 110 49
57 125 69
58 157 76
59 163 52
60 191 44
61 195 54
62 213 67
63 253 58
64 276 50
65 298 43
66 315 39
67 333 36
68 362 36
69 395 51
70 406 75
71 403 92
72 402 112
73 420 121
74 442 109
75 442 78
76 444 62
77 457 58
78 481 58
79 505 68
80 528 71
81 542 87
82 539 100
83 558 109
84 569 124
85 571 150
86 567 170
87 541 188
88 501 193
89 439 187
90 428 168
91 396 198
92 405 213
93 443 230
94 458 215
95 476 194
96 503 199
97 505 210
98 519 216
99 533 219
100 570 216
101 589 229
102 593 242
103 559 259
104 504 256
105 503 262
106 525 279
107 509 290
108 526 291
109 545 293
110 547 293
111 549 307
112 586 315
113 587 322
114 586 327
115 595 340
116 597 352
117 599 356
118 605 360
119 606 380
120 605 386
121 602 389
122 593 396
123 583 397
