Duration[s]: 0.185702 Porcentaje: 0 TerminoTodo: 1
Convexos: 24 VerticesConvexos: 175
80 81 82 83 84 85
91 92 93 94 95 96 97 98 99 100
89 90 91 100 101
104 105 106
102 103 104 106 107 108
87 88 89 101 102 108
86 87 108 109
79 80 85 86 109 110 111 112
73 74 75 76 77 78 79 112 113
72 73 113 114 115
68 69 70 71 72 115 116
67 68 116
66 67 116 117 118
63 64 65 66 118 119
55 56 57 58 59 60 61 62 63 119
55 119 120 121
54 55 121 122 123
52 53 54 123 124
49 50 51 52 124
39 40 41 42 43 44 45
0 1 2 3 4 5 6 7 8 9 10 11 12 13 14 15 16 17 18 19 24 25 31 32 33 34 35 36 37
0 38 39 45 46 47 48
0 25 26 27 28 29 30 31 48 49 124
0 19 20 21 22 23 24 37 38
0 513 301
1 514 324
2 506 333
3 496 344
4 482 357
5 464 369
6 439 378
7 409 383
8 384 386
9 373 386
10 342 380
11 313 372
12 293 364
13 274 352
14 266 343
15 257 332
16 252 323
17 246 312
18 244 302
19 243 282
20 241 265
21 240 251
22 245 242
23 261 226
24 283 209
25 298 195
26 303 185
27 320 171
28 342 161
29 355 157
30 370 155
31 391 154
32 415 150
33 433 153
34 450 160
35 481 177
36 493 186
37 501 202
38 509 212
39 521 183
40 516 173
41 519 157
42 536 142
43 545 140
44 552 152
45 552 176
46 553 189
47 553 236
48 552 253
49 559 269
50 565 279
51 567 298
52 556 318
53 561 324
54 550 341
55 557 378
56 565 379
57 573 398
58 576 406
59 576 418
60 555 434
61 534 443
62 519 448
63 485 449
64 457 451
65 437 450
66 372 425
67 358 425
68 334 447
69 331 453
70 326 456
71 293 452
72 265 442
73 241 439
74 231 453
75 217 461
76 189 467
77 161 469
78 139 463
79 132 437
80 105 419
81 99 430
82 49 439
83 44 428
84 36 384
85 61 362
86 72 332
87 59 242
88 41 229
89 40 200
90 41 178
91 56 134
92 53 107
93 71 87
94 92 64
95 172 26
96 184 22
97 191 22
98 206 46
99 206 65
100 186 81
101 167 97
102 165 109
103 173 145
104 175 156
105 207 192
106 175 217
107 163 230
108 114 246
109 151 302
110 170 300
111 206 328
112 211 365
113 258 376
114 272 376
115 279 395
116 344 405
117 434 403
118 443 404
119 500 401
120 495 377
121 516 368
122 517 341
123 534 323
124 525 303
