Duration[s]: 0.137885 Porcentaje: 0 TerminoTodo: 1
Convexos: 43 VerticesConvexos: 235
0 10 40 41 149
15 16 17 18 19 20 21
14 15 21 22
13 14 22 23 24 25 26 27
12 13 27 28 29 30
11 12 30 31
33 34 35 36 37 38 39
32 33 39 40
10 11 31 40
2 3 4 5 6
2 6 7 8 9
1 2 9
0 1 9 10
52 53 54 55 56
49 50 51 52 56 57
48 49 57 58
46 47 48 58
45 46 58
44 45 58 59 60 61 62
70 71 72 73 74
69 70 74 75
84 85 86
122 123 124 125 126 127 128
121 122 128 129
91 92 93 94
101 102 103 104 105 106 107 108
109 110 111 112 113 114
101 108 109 114 115
100 101 115 116
99 100 116 117
95 96 97 98 99 117 118
91 94 95 118 119
90 91 119 120 121 129 130
82 83 84 86 87 88 89 90 130 131
78 79 82 131 132 137 138 139
76 77 78 139 140 141
75 76 141 142
64 65 66 67
63 64 67 68 69 75 142 143
43 44 62 63 143 144 145
42 43 145 146 147 148
41 42 148 149
79 80 81 82 132 133 134 135 136 137
0 417 289
1 462 254
2 410 219
3 380 253
4 343 287
5 313 254
6 379 204
7 420 170
8 500 192
9 500 242
10 440 299
11 439 334
12 448 364
13 502 379
14 537 349
15 553 312
16 532 290
17 528 252
18 538 243
19 561 244
20 586 254
21 585 288
22 585 316
23 595 350
24 569 390
25 519 424
26 512 425
27 465 431
28 443 434
29 423 418
30 425 400
31 425 386
32 411 376
33 367 394
34 365 401
35 338 411
36 320 408
37 307 381
38 327 361
39 347 343
40 348 331
41 312 315
42 270 325
43 263 335
44 256 363
45 257 374
46 273 401
47 287 405
48 317 418
49 355 423
50 380 422
51 375 439
52 348 444
53 347 479
54 293 479
55 292 463
56 306 451
57 290 437
58 255 441
59 254 464
60 230 466
61 217 435
62 221 416
63 198 412
64 170 434
65 164 453
66 136 466
67 128 463
68 105 457
69 66 416
70 48 419
71 58 453
72 35 453
73 20 411
74 23 371
75 78 366
76 50 321
77 23 301
78 37 268
79 33 237
80 14 204
81 18 178
82 47 168
83 33 133
84 24 96
85 0 38
86 36 31
87 45 21
88 77 9
89 121 31
90 158 65
91 187 34
92 192 23
93 260 9
94 271 17
95 355 35
96 364 20
97 402 8
98 444 5
99 467 24
100 502 48
101 533 48
102 569 22
103 595 22
104 597 34
105 598 67
106 593 89
107 591 94
108 556 100
109 554 133
110 593 157
111 591 178
112 583 192
113 527 186
114 529 137
115 524 106
116 495 83
117 464 75
118 451 74
119 423 75
120 365 87
121 334 93
122 367 110
123 424 112
124 449 117
125 404 135
126 340 139
127 320 138
128 255 125
129 215 111
130 152 113
131 146 122
132 150 142
133 201 155
134 225 181
135 215 192
136 171 215
137 129 229
138 125 236
139 87 263
140 109 289
141 113 317
142 123 350
143 147 362
144 170 329
145 201 285
146 213 250
147 239 228
148 276 254
149 348 300
