Duration[s]: 0.316797 Porcentaje: 0 TerminoTodo: 1
Convexos: 37 VerticesConvexos: 222
0 7 8 149
0 1 2 3 4 5 6 7
12 13 14 15 16 17 18
11 12 18 19
20 21 22 23 24 25 26
29 30 31 32 33 34
47 48 49 50 51
41 42 43 44 45 46 47 51 52 53 54
40 41 54 55 56
36 37 38 39 40 56 57 58 59
35 36 59 60 61 62 63
28 29 34 35 63 64
11 19 20 26 27 28 64 65
9 10 11 65 66
116 117 118 119
127 128 129 130
120 121 122 123 124 125 126 127 130
115 116 119 120 130 131 132
111 112 113 114 115
110 111 115 132 133
109 110 133 134
108 109 134 135 136 137 138 139
96 97 98 99 100 101
102 103 104 105 106 107
95 96 101 102 107 108
94 95 108 139 140
88 89 90 91
87 88 91 92 93
80 81 82 83
74 75 76 77 78 79 80 83 84
71 72 73 74 84 85
69 70 71 85 86
68 69 86 87 93
67 68 93 94 140 141
66 67 141 142
8 9 66 142 143
8 143 144 145 146 147 148 149
0 226 115
1 237 98
2 254 85
3 287 81
4 296 81
5 310 85
6 313 101
7 312 113
8 312 121
9 341 136
10 369 139
11 393 143
12 372 118
13 364 113
14 360 88
15 368 82
16 391 78
17 407 86
18 412 106
19 433 119
20 443 116
21 451 79
22 478 73
23 504 75
24 505 76
25 507 97
26 505 111
27 508 121
28 512 154
29 520 168
30 524 171
31 544 189
32 545 204
33 545 219
34 541 238
35 542 260
36 554 276
37 567 292
38 582 326
39 582 355
40 574 386
41 571 417
42 587 432
43 588 449
44 559 470
45 526 479
46 477 476
47 452 470
48 406 463
49 390 458
50 383 453
51 375 444
52 361 431
53 352 422
54 336 401
55 323 384
56 320 375
57 304 367
58 296 355
59 295 341
60 289 334
61 291 317
62 311 302
63 329 296
64 357 270
65 357 228
66 339 207
67 244 225
68 203 245
69 233 279
70 239 293
71 203 327
72 230 353
73 242 374
74 242 385
75 250 392
76 287 426
77 299 440
78 292 474
79 226 474
80 181 439
81 119 392
82 145 388
83 168 389
84 164 361
85 158 337
86 153 324
87 113 313
88 99 324
89 96 354
90 36 338
91 62 310
92 108 260
93 160 241
94 140 209
95 119 192
96 107 183
97 95 227
98 68 219
99 67 171
100 67 153
101 75 151
102 78 136
103 71 114
104 71 91
105 75 81
106 112 87
107 114 104
108 137 108
109 148 82
110 142 74
111 119 59
112 88 46
113 62 23
114 108 29
115 149 45
116 155 40
117 157 32
118 182 30
119 185 32
120 223 44
121 237 39
122 264 36
123 289 45
124 290 55
125 285 60
126 275 64
127 269 65
128 268 67
129 253 68
130 252 65
131 246 66
132 231 68
133 213 78
134 212 93
135 214 101
136 213 104
137 206 108
138 202 110
139 194 113
140 181 145
141 221 176
142 278 186
143 269 166
144 251 168
145 239 166
146 219 156
147 208 140
148 208 122
149 222 121
