Duration[s]: 0.343953 Porcentaje: 0 TerminoTodo: 1
Convexos: 43 VerticesConvexos: 234
0 1 2 131 149
139 140 141 142 143
136 137 138 139 143 144 145
135 136 145 146
132 133 134 135 146 147 148
131 132 148 149
36 37 38 39
6 7 8 9
11 12 13 14 15 16 17 18
10 11 18 19
9 10 19 20
5 6 9 20 21 22 23 24 25
27 28 29 30 31
26 27 31
4 5 25 26 31 32
3 4 32 33 34 35
2 3 35 36
44 45 46 47 48 49 50
41 42 43 44 50 51
53 54 55 56 57 58
61 62 63 64 65 66
60 61 66
68 69 70 71 72 73
76 77 78 79 80 81 82
97 98 99 100 101
103 104 105 106 107 108
102 103 108 109 110 111 112
96 97 101 102 112 113
95 96 113 114 115
94 95 115 116
88 89 90 91
88 91 92 93
88 93 94 116 117
118 119 120 121 122
87 88 117 118 122
83 84 85 86 87 122 123
75 76 82 83 123 124
74 75 124 125
67 68 73 74 125 126 127
59 60 66 67 127 128
52 53 58 59 128 129
40 41 51 52 129 130
2 36 39 40 130 131
0 416 188
1 475 200
2 494 255
3 560 253
4 557 211
5 516 171
6 505 191
7 515 214
8 490 198
9 475 163
10 445 143
11 417 146
12 378 158
13 358 137
14 358 97
15 379 86
16 394 81
17 428 79
18 440 90
19 461 92
20 477 80
21 482 69
22 512 64
23 520 69
24 524 84
25 527 105
26 531 108
27 554 111
28 559 111
29 573 128
30 578 147
31 573 164
32 579 180
33 588 201
34 593 245
35 568 260
36 563 280
37 590 294
38 591 305
39 561 322
40 553 327
41 557 368
42 585 365
43 586 375
44 568 397
45 590 414
46 591 434
47 589 453
48 556 457
49 540 444
50 543 415
51 532 404
52 517 401
53 495 424
54 497 444
55 497 467
56 470 468
57 454 458
58 453 435
59 416 415
60 403 419
61 400 448
62 400 460
63 373 463
64 357 464
65 329 443
66 301 417
67 294 416
68 262 432
69 258 452
70 228 463
71 201 462
72 194 447
73 192 420
74 179 405
75 161 402
76 149 422
77 143 446
78 127 454
79 106 452
80 85 433
81 84 416
82 91 396
83 68 382
84 39 366
85 0 337
86 18 307
87 47 296
88 40 251
89 0 211
90 2 184
91 27 183
92 57 154
93 74 176
94 104 167
95 94 126
96 59 119
97 37 120
98 9 133
99 0 94
100 11 69
101 56 81
102 84 65
103 68 38
104 56 36
105 9 25
106 61 2
107 98 14
108 97 37
109 150 47
110 155 52
111 145 80
112 140 90
113 171 106
114 180 117
115 159 138
116 143 157
117 143 174
118 187 196
119 203 196
120 197 223
121 187 239
122 149 269
123 152 283
124 192 294
125 225 292
126 251 288
127 274 309
128 305 313
129 308 303
130 312 269
131 309 245
132 301 240
133 276 236
134 261 200
135 266 178
136 232 148
137 207 129
138 225 82
139 237 63
140 189 22
141 235 9
142 273 16
143 267 61
144 300 79
145 287 102
146 294 129
147 324 161
148 319 185
149 344 196
