Duration[s]: 0.125211 Porcentaje: 0 TerminoTodo: 1
Convexos: 39 VerticesConvexos: 201
0 118 119 124
119 120 121 122 123
119 123 124
5 6 7 8 9 10
12 13 14 15 16 17
4 5 10 11 12 17 18
93 94 95 96 97 98
100 101 102 103 104 105 106 107
99 100 107 108 109
93 98 99 109 110
91 92 93 110
91 110 111
23 24 25 26 27 28 29
20 21 22 23 29
86 87 88 89
78 79 80 81 82
76 77 78 82 83
75 76 83 84
44 45 46 47
42 43 44 47 48
49 50 51 52 53 54
41 42 48 49 54 55 56 57
40 41 57 58
39 40 58 59
61 62 63 64 65
61 65 66
60 61 66 67
38 39 59 60 67 68
36 37 38 68 69
35 36 69 70 71
34 35 71 72 73
33 34 73 74
32 33 74 75 84 85
31 32 85 86
19 20 29 30 31 86 89 90
3 4 18 19 90 91 111 112
2 3 112 113 114
1 2 114 115
0 1 115 116 117 118
0 565 286
1 534 282
2 523 281
3 493 293
4 495 312
5 530 327
6 546 324
7 577 323
8 579 332
9 576 358
10 543 364
11 538 369
12 517 381
13 510 402
14 448 414
15 378 386
16 376 365
17 377 333
18 367 305
19 351 288
20 336 297
21 340 332
22 332 356
23 324 368
24 317 387
25 291 399
26 270 400
27 227 387
28 223 375
29 238 344
30 230 334
31 230 297
32 214 266
33 171 234
34 164 233
35 145 238
36 131 246
37 122 258
38 114 268
39 114 294
40 134 317
41 148 323
42 160 326
43 169 326
44 188 329
45 196 330
46 214 343
47 200 350
48 191 361
49 192 387
50 212 398
51 212 416
52 176 447
53 138 425
54 138 388
55 106 373
56 65 351
57 26 316
58 9 278
59 18 226
60 62 216
61 49 117
62 77 98
63 111 121
64 119 149
65 92 184
66 88 200
67 87 213
68 92 221
69 132 208
70 157 193
71 167 207
72 171 207
73 192 214
74 201 215
75 222 203
76 218 181
77 181 147
78 271 117
79 260 74
80 317 95
81 352 148
82 312 192
83 260 195
84 237 215
85 237 228
86 277 238
87 295 213
88 335 242
89 335 249
90 347 264
91 393 247
92 369 195
93 406 172
94 364 133
95 367 107
96 377 79
97 417 61
98 450 97
99 497 114
100 509 97
101 508 78
102 516 30
103 561 35
104 585 93
105 589 134
106 584 163
107 539 195
108 484 198
109 469 192
110 420 203
111 437 237
112 452 240
113 487 231
114 496 230
115 528 226
116 560 218
117 582 233
118 583 247
119 584 255
120 610 269
121 613 297
122 611 302
123 594 301
124 584 302
