Duration[s]: 0.347178 Porcentaje: 0 TerminoTodo: 1
Convexos: 24 VerticesConvexos: 202
0 145 146 147 148 149
2 3 4 5 10 11 16 17 18
27 28 29 30 31 32 33 34 35 36 37 38 39 40 41 42
19 20 21 22 23 24 25 26 27 42 43
79 80 81 82 83 84 85 86 87 88 89 90 91 92 93 94
78 79 94 95 96
77 78 96 97
75 76 77 97 98
74 75 98 99
66 67 68 69 70 71 72 73 74 99 100
56 57 58 59 60 61 62 63 64 65 66 100 101
50 51 52 53 54 55 56 101 102
49 50 102 103
47 48 103 104 105 106
129 130 131 132 133 134 135 136 137 138
113 114 115 116 117 118 119 120 127 128 129
109 110 111 138 139
46 47 106 107 140
45 46 140 141 142
44 45 142 143 144
0 1 2 11 12 13 14 15 16 18 19 43 44 144 145
5 6 7 8 9 10
48 49 103 107 108 109 139 140
111 112 113 120 121 122 123 124 125 126 127 129 138
0 222 236
1 205 230
2 188 221
3 179 218
4 165 210
5 161 206
6 155 201
7 146 191
8 139 178
9 137 166
10 138 154
11 139 137
12 137 118
13 143 105
14 153 98
15 169 88
16 191 77
17 203 70
18 220 65
19 233 60
20 242 56
21 257 53
22 266 52
23 331 55
24 365 58
25 399 66
26 435 78
27 447 85
28 479 100
29 493 108
30 496 128
31 496 152
32 494 169
33 490 190
34 484 200
35 477 209
36 465 219
37 417 241
38 396 243
39 348 225
40 332 209
41 329 192
42 330 143
43 308 140
44 282 194
45 296 216
46 312 235
47 326 245
48 356 263
49 410 276
50 443 274
51 455 266
52 484 252
53 499 247
54 541 245
55 553 247
56 564 256
57 582 270
58 637 316
59 638 342
60 636 375
61 628 395
62 621 405
63 615 413
64 598 431
65 587 439
66 577 443
67 562 450
68 546 457
69 515 468
70 498 473
71 471 479
72 453 480
73 410 481
74 398 479
75 372 477
76 344 475
77 331 473
78 316 472
79 283 470
80 257 469
81 242 467
82 228 464
83 200 456
84 190 447
85 184 434
86 181 422
87 180 410
88 180 397
89 185 383
90 197 372
91 218 366
92 242 364
93 257 364
94 299 371
95 323 374
96 335 376
97 357 379
98 389 383
99 403 382
100 413 377
101 414 359
102 398 334
103 375 336
104 372 347
105 367 353
106 354 356
107 343 359
108 329 363
109 324 364
110 321 366
111 307 364
112 295 363
113 287 361
114 251 355
115 234 352
116 208 347
117 181 337
118 177 335
119 170 328
120 162 316
121 154 305
122 153 293
123 153 279
124 155 267
125 156 263
126 160 260
127 172 255
128 181 251
129 185 255
130 192 251
131 197 252
132 215 258
133 235 265
134 243 268
135 251 273
136 258 279
137 261 289
138 262 305
139 285 306
140 300 291
141 286 272
142 278 254
143 269 239
144 264 229
145 248 238
146 249 242
147 242 247
148 235 247
149 224 246
