Duration[s]: 0.303243 Porcentaje: 0 TerminoTodo: 1
Convexos: 24 VerticesConvexos: 150
15 16 17 18 19 20
21 22 23 24 27 28 29
14 15 20 21 29 30
31 32 33
34 35 36 37 38
13 14 30 31 33 34 38 39
13 39 40
41 42 43 44 45 46 47
12 13 40 41 47 48 49
60 61 62 63 64 65
58 59 60 65 66 67
54 55 56 57 58 67 68
71 72 73 74 75 76
77 78 79
81 82 83 84 85 86 87
77 79 80 81 87 88 89
70 71 76 77 89 90
69 70 90 91
68 69 91 92 93 94
51 52 53 54 68 95 96
6 7 8 9 10 11 12 49 50 51 96
0 1 2 3 4 5 6 96 97
0 25 26 27 97 98 99
24 25 27 68 94 95
0 141 237
1 122 210
2 108 181
3 101 158
4 101 144
5 105 129
6 113 120
7 127 108
8 147 95
9 195 76
10 238 68
11 265 91
12 276 111
13 296 142
14 337 154
15 339 134
16 332 100
17 350 76
18 394 70
19 411 88
20 418 114
21 451 120
22 500 81
23 532 94
24 543 123
25 558 162
26 596 189
27 549 223
28 550 240
29 550 264
30 553 292
31 557 303
32 565 316
33 555 333
34 540 377
35 569 395
36 483 421
37 468 405
38 490 365
39 450 343
40 412 362
41 402 398
42 414 420
43 418 471
44 377 479
45 355 466
46 343 433
47 342 411
48 310 396
49 296 384
50 287 411
51 269 421
52 267 426
53 239 428
54 236 428
55 226 433
56 216 437
57 211 438
58 202 437
59 191 438
60 187 437
61 169 434
62 154 426
63 151 420
64 158 410
65 182 400
66 188 392
67 200 390
68 214 380
69 172 356
70 132 364
71 125 374
72 126 401
73 113 421
74 88 407
75 76 393
76 99 376
77 91 354
78 48 332
79 73 327
80 71 315
81 69 282
82 54 258
83 52 245
84 52 218
85 57 196
86 78 204
87 78 241
88 105 259
89 101 291
90 124 305
91 139 312
92 142 296
93 165 298
94 182 323
95 195 308
96 193 283
97 177 282
98 157 283
99 131 269
