Duration[s]: 0.138614 Porcentaje: 0 TerminoTodo: 1
Convexos: 26 VerticesConvexos: 154
0 72 73 82 99
18 19 20 21 22 23 24 25
17 18 25 26 32 33 34 35 36 37 38 39 40
43 44 45 46 47 48
42 43 48 49 50
42 50 51 52
41 42 52 53
15 16 41 53 54
58 59 60 61 62 63
64 65 66 67
57 58 63 64 67 68 69
56 57 69 70
12 13 14 15 54 55 71 72
0 1 2 3 4 5 6 7 8 9 10 11 12 72
76 77 78 79 80 81
75 76 81
73 74 75 81 82
85 86 87 88 89 90 91
84 85 91 92
83 84 92 93
83 93 94 95 96
82 83 96 97
82 97 98
82 98 99
16 17 28 29 30 40 41
26 27 28 30 31 32 55 56 70 71
0 268 143
1 282 122
2 307 109
3 360 109
4 386 112
5 422 124
6 454 149
7 470 166
8 478 184
9 482 205
10 483 229
11 481 261
12 476 284
13 474 295
14 462 303
15 424 321
16 392 343
17 389 365
18 483 367
19 507 311
20 549 297
21 576 321
22 570 353
23 556 374
24 514 416
25 455 457
26 419 464
27 397 470
28 369 475
29 359 478
30 346 476
31 320 473
32 303 468
33 284 465
34 257 460
35 241 451
36 215 435
37 196 423
38 186 413
39 178 404
40 174 390
41 179 330
42 77 329
43 77 368
44 159 406
45 167 448
46 130 466
47 95 466
48 45 409
49 0 371
50 25 345
51 37 283
52 140 262
53 165 246
54 170 229
55 174 184
56 168 149
57 137 123
58 106 117
59 100 156
60 42 145
61 11 103
62 39 51
63 58 40
64 150 70
65 189 42
66 242 63
67 205 94
68 205 111
69 201 123
70 216 153
71 256 188
72 274 193
73 253 150
74 242 129
75 246 109
76 275 74
77 292 64
78 306 62
79 312 76
80 286 86
81 262 92
82 260 107
83 323 78
84 373 49
85 417 34
86 460 20
87 490 20
88 515 45
89 500 78
90 424 94
91 410 80
92 344 75
93 341 76
94 335 84
95 301 100
96 288 102
97 281 105
98 271 114
99 264 124
