Duration[s]: 0.078037 Porcentaje: 0 TerminoTodo: 1
Convexos: 47 VerticesConvexos: 242
0 1 2 14 15 149
5 6 7 8 9 10 11
4 5 11 12 13
2 3 4 13 14
51 52 53 54 55 56 57
49 50 51 57 58 59 60
65 66 67 68 69 70 71
64 65 71 72
63 64 72 73
88 89 90 91
83 84 85 86 87 88 91 92
99 100 101 102 103 104 105 106
96 97 98 99 106 107
115 116 117 118 119 120
114 115 120 121
113 114 121 122 123 124 125
111 112 113 125 126
110 111 126
109 110 126 127
108 109 127 128
96 107 108 128 129
95 96 129
92 93 94 95 129 130
79 80 81 82 83 92 130
79 130 131 132 133
78 79 133
78 133 134 135 136
77 78 136
76 77 136 137 138 139
75 76 139 140 141
74 75 141 142 143 144
73 74 144 145
62 63 73 145
61 62 145 146
48 49 60 61 146
39 40 41 42 43 44 45
38 39 45 46 47
37 38 47 48
37 48 146 147
26 27 28 29 30
24 25 26 30 31 32 33
22 23 24 33 34
20 21 22 34 35
19 20 35 36
17 18 19 36 37 147
16 17 147 148
15 16 148 149
0 55 39
1 126 44
2 165 47
3 205 47
4 271 59
5 379 76
6 452 80
7 534 95
8 527 103
9 456 105
10 407 101
11 359 97
12 332 96
13 286 86
14 238 79
15 143 81
16 126 92
17 150 123
18 190 129
19 217 138
20 288 143
21 316 144
22 351 149
23 379 150
24 405 153
25 427 155
26 483 167
27 535 170
28 573 185
29 503 202
30 455 200
31 409 200
32 359 199
33 303 197
34 255 197
35 221 199
36 197 203
37 184 214
38 219 233
39 260 241
40 310 246
41 377 258
42 378 265
43 367 283
44 346 288
45 303 288
46 285 291
47 219 293
48 183 297
49 188 301
50 220 304
51 282 310
52 337 314
53 363 317
54 389 327
55 347 355
56 334 357
57 291 355
58 249 354
59 219 340
60 212 336
61 205 337
62 192 357
63 199 366
64 248 382
65 291 389
66 341 380
67 391 386
68 408 403
69 375 419
70 333 421
71 263 418
72 217 395
73 192 383
74 199 405
75 240 430
76 277 451
77 347 473
78 407 475
79 440 447
80 433 421
81 432 382
82 436 337
83 448 295
84 452 259
85 458 235
86 466 231
87 470 239
88 470 271
89 471 285
90 470 297
91 468 311
92 466 343
93 478 353
94 482 360
95 484 384
96 515 363
97 502 331
98 499 312
99 499 296
100 482 261
101 489 229
102 506 218
103 537 226
104 549 246
105 549 266
106 537 294
107 534 339
108 558 362
109 562 363
110 582 337
111 577 299
112 572 274
113 607 239
114 609 203
115 586 157
116 571 134
117 568 103
118 571 69
119 611 88
120 610 96
121 616 131
122 635 206
123 635 242
124 634 273
125 630 287
126 618 350
127 560 380
128 515 403
129 479 425
130 465 450
131 467 466
132 465 479
133 427 475
134 389 479
135 335 480
136 294 477
137 243 479
138 235 471
139 224 456
140 218 451
141 216 448
142 203 442
143 181 428
144 168 410
145 157 376
146 149 311
147 155 195
148 107 85
149 66 56
