Duration[s]: 1.57601 Porcentaje: 0 TerminoTodo: 1
Convexos: 35 VerticesConvexos: 218
0 139 140 141 149
16 17 18 19 20 21 22
13 14 15 16 22 23 24
26 27 28 29 30
25 26 30 31 32 33
11 12 13 24 25 33 34
8 9 10 11 34 35 36 37
5 6 7 8 37 38 39
3 4 5 39 40 41 42
44 45 46 47 48 49 50 51
59 60 61 62 63
55 56 57 58 59 63 64
54 55 64 65 66 67 68 69 70
53 54 70 71 72
44 51 52 53 72 73
43 44 73 74
78 79 80 81 82
102 103 104
104 105 106 107 108
99 100 101 102 104 108 109
97 98 99 109 110 111
95 96 97 111 112 113 114
93 94 95 114 115
115 116 117 118
91 92 93 115 118 119
88 89 90 91 119 120 121
87 88 121 122 123
83 84 85 86 87 123 124
75 76 77 78 82 83 124 125 126 127 128
1 2 3 42 43 74 75 128
0 1 128 129
130 131 132 133 134 135 136 137 138
0 129 130 138 139
143 144 145 146 147 148
141 142 143 148 149
0 80 176
1 148 157
2 186 142
3 250 132
4 287 126
5 319 128
6 327 126
7 345 125
8 350 125
9 358 124
10 371 123
11 373 123
12 376 122
13 404 119
14 406 118
15 415 116
16 442 114
17 452 112
18 467 111
19 473 111
20 489 117
21 494 121
22 484 130
23 481 134
24 474 142
25 481 146
26 495 151
27 512 154
28 517 155
29 526 164
30 528 171
31 530 174
32 532 178
33 526 192
34 523 205
35 523 213
36 513 221
37 493 231
38 486 237
39 473 239
40 461 242
41 444 244
42 422 242
43 442 257
44 523 269
45 527 241
46 590 218
47 609 238
48 622 263
49 628 275
50 619 289
51 613 298
52 610 305
53 605 314
54 604 332
55 606 339
56 620 349
57 639 365
58 640 375
59 638 386
60 639 398
61 633 408
62 625 414
63 589 424
64 579 431
65 576 441
66 534 458
67 519 459
68 501 450
69 484 434
70 481 403
71 461 379
72 479 353
73 471 327
74 439 328
75 410 384
76 429 402
77 428 427
78 415 441
79 413 452
80 367 449
81 337 421
82 321 401
83 306 393
84 312 417
85 314 436
86 308 444
87 282 449
88 279 450
89 278 451
90 267 452
91 249 449
92 242 448
93 236 444
94 223 440
95 210 432
96 196 426
97 184 419
98 173 414
99 168 409
100 159 404
101 150 397
102 145 390
103 138 384
104 137 377
105 131 371
106 126 362
107 124 357
108 123 353
109 121 348
110 118 342
111 117 339
112 116 337
113 115 334
114 117 328
115 118 324
116 115 323
117 114 318
118 114 315
119 112 306
120 110 300
121 109 294
122 107 287
123 109 280
124 110 272
125 107 270
126 111 260
127 115 251
128 118 246
129 87 232
130 54 278
131 86 312
132 89 327
133 72 341
134 67 343
135 62 343
136 17 314
137 15 293
138 22 287
139 24 266
140 26 230
141 29 213
142 27 184
143 54 133
144 93 74
145 153 61
146 168 79
147 161 92
148 107 123
149 100 134
