Duration[s]: 0.16481 Porcentaje: 0 TerminoTodo: 1
Convexos: 36 VerticesConvexos: 195
0 6 7 124
1 2 3 4 5 6
0 1 6
21 22 23 24 25
20 21 25 26
57 58 59 60 61
39 40 41 42 43
49 50 51 52 53 54 55 56
47 48 49 56
46 47 56
39 43 44 45 46 56 57
38 39 57 61 62 63
35 36 37 38 63 64 65
31 32 33 34
29 30 31 34
29 34 35
19 20 26 27 28 29 35 65
14 15 16 17 18
13 14 18 19
10 11 12 13 19 65 66
78 79 80 81
74 75 76 77 78 81 82
83 84 85 86
73 74 82 83 86 87 88 89 90
72 73 90 91
96 97 98 99 100 101
95 96 101
94 95 101 102 103
92 93 94 103 104 105 106
70 71 72 91 92 106 107
8 9 10 66 67 68 69 70 107 108
7 8 108 109 110
119 120 121 122
116 117 118 119 122
115 116 122 123
7 110 111 112 113 114 115 123 124
0 152 69
1 224 67
2 242 84
3 229 120
4 204 127
5 168 112
6 169 106
7 93 120
8 201 201
9 214 201
10 242 204
11 249 183
12 279 155
13 313 136
14 302 123
15 292 115
16 276 102
17 284 81
18 342 100
19 390 114
20 397 103
21 351 64
22 299 51
23 303 37
24 365 30
25 400 68
26 430 81
27 502 57
28 523 78
29 493 114
30 581 147
31 553 199
32 559 217
33 489 204
34 476 174
35 426 161
36 435 206
37 435 224
38 424 246
39 481 262
40 522 237
41 562 226
42 575 253
43 514 270
44 577 311
45 584 331
46 584 355
47 587 388
48 591 408
49 545 403
50 550 420
51 549 445
52 528 459
53 476 444
54 438 405
55 438 381
56 444 349
57 379 333
58 390 387
59 301 374
60 313 352
61 326 329
62 332 299
63 347 280
64 342 260
65 331 211
66 302 215
67 297 249
68 294 263
69 285 303
70 279 317
71 294 345
72 282 359
73 279 369
74 284 383
75 347 400
76 363 418
77 376 452
78 357 455
79 331 460
80 287 459
81 284 437
82 265 420
83 247 420
84 235 450
85 206 435
86 206 403
87 188 386
88 182 380
89 171 363
90 172 329
91 172 316
92 138 289
93 135 300
94 128 324
95 117 368
96 144 390
97 177 411
98 132 422
99 99 414
100 89 387
101 87 358
102 77 331
103 72 305
104 61 288
105 66 261
106 86 245
107 70 226
108 40 207
109 34 187
110 49 162
111 45 152
112 41 121
113 40 98
114 54 86
115 84 66
116 87 45
117 106 29
118 155 28
119 158 34
120 171 48
121 159 56
122 138 44
123 131 48
124 134 65
