Duration[s]: 0.228515 Porcentaje: 0 TerminoTodo: 1
Convexos: 33 VerticesConvexos: 189
0 75 76 83 106 107 108 124
1 2 3
3 4 5 6 7
10 11 12 13 14
10 14 15
18 19 20 21 22
25 26 27 28 29 30
24 25 30 31
35 36 37 38
33 34 35 38
41 42 43
44 45 46 47
48 49 50 51 52 53 54 55
32 33 38 39 40 41 43 44 47 48 55 56
23 24 31 32 56 57
17 18 22 23 57 58
60 61 62 63
60 63 64 65 66
16 17 58 59 60 66 67
68 69 70 71 72 73 74
10 15 16 67 68 74
9 10 74
0 1 3 7 8 9 74 75
76 77 78 79 80 81 82 83
86 87 88 89 90 91 92 93 94 95 96 97 98
84 85 86 98 99 100
84 100 101 102
84 102 103 104 105
83 84 105 106
114 115 116 117 118
111 112 113 114 118 119 120
109 110 111 120 121
108 109 121 122 123 124
0 118 137
1 128 130
2 134 123
3 169 125
4 159 109
5 184 89
6 220 94
7 192 124
8 235 129
9 258 134
10 276 123
11 267 99
12 266 94
13 293 82
14 294 101
15 296 105
16 323 103
17 326 101
18 327 90
19 328 76
20 349 66
21 369 70
22 373 96
23 383 102
24 398 101
25 405 91
26 408 86
27 434 82
28 449 87
29 450 94
30 451 102
31 456 109
32 472 112
33 486 108
34 489 78
35 539 73
36 570 63
37 572 77
38 568 98
39 587 98
40 612 103
41 615 104
42 629 94
43 629 126
44 631 140
45 638 151
46 639 176
47 624 204
48 620 213
49 634 223
50 611 241
51 593 247
52 563 248
53 545 242
54 527 222
55 525 202
56 484 187
57 469 188
58 435 192
59 442 235
60 422 229
61 437 255
62 331 267
63 331 266
64 313 237
65 314 203
66 326 200
67 304 179
68 268 197
69 273 227
70 256 252
71 234 251
72 213 238
73 190 204
74 215 178
75 161 165
76 147 187
77 159 207
78 166 219
79 152 233
80 143 238
81 115 229
82 106 215
83 104 204
84 66 220
85 82 246
86 85 262
87 110 261
88 138 266
89 162 272
90 174 278
91 184 293
92 185 303
93 174 333
94 157 347
95 104 352
96 52 338
97 49 332
98 43 319
99 30 299
100 31 278
101 21 259
102 28 240
103 27 223
104 27 195
105 43 177
106 44 161
107 44 145
108 49 134
109 50 117
110 51 92
111 60 48
112 63 33
113 75 31
114 85 35
115 100 40
116 122 50
117 124 59
118 109 82
119 107 86
120 95 101
121 95 112
122 97 119
123 98 125
124 98 130
