Duration[s]: 0.111404 Porcentaje: 0 TerminoTodo: 1
Convexos: 29 VerticesConvexos: 156
0 4 5 14 15 99
0 1 2 3 4
21 22 23 24
18 19 20 21 24 25
17 18 25 26 27
16 17 27 28 29
38 39 40 41 42 43 44 45
46 47 48 49 50 51 52
34 35 36 37 38 45 46 52 53
33 34 53 54
31 32 33 54 55
57 58 59 60 61
56 57 61
16 29 30 31 55 56 61 62
64 65 66 67 68 69
69 70 71 72
75 76 77
74 75 77 78 79 80
73 74 80 81 82 83 84
64 69 72 73 84 85
87 88 89 90
85 86 87 90 91 92
85 92 93 94 95
63 64 85 95 96
63 96 97
62 63 97 98
15 16 62 98 99
6 7 8 9 10 11
5 6 11 12 13 14
0 142 196
1 87 163
2 80 150
3 130 120
4 145 134
5 162 135
6 178 108
7 128 79
8 183 64
9 222 60
10 239 95
11 235 108
12 306 112
13 319 128
14 289 155
15 283 169
16 360 184
17 377 167
18 363 132
19 315 93
20 353 70
21 407 79
22 476 61
23 512 77
24 522 114
25 550 130
26 586 143
27 563 180
28 557 196
29 484 198
30 484 205
31 473 243
32 492 252
33 498 266
34 519 291
35 553 297
36 568 300
37 567 330
38 506 357
39 535 386
40 550 411
41 560 443
42 559 450
43 493 451
44 466 432
45 437 384
46 387 397
47 385 418
48 380 431
49 305 456
50 288 425
51 281 406
52 316 386
53 347 366
54 374 334
55 375 298
56 335 289
57 311 313
58 303 339
59 240 310
60 260 273
61 273 258
62 251 242
63 185 294
64 185 323
65 236 349
66 239 359
67 238 386
68 211 398
69 200 395
70 239 424
71 211 435
72 169 422
73 96 405
74 72 412
75 71 423
76 92 432
77 42 428
78 21 394
79 17 367
80 41 345
81 27 305
82 30 282
83 48 263
84 74 265
85 125 266
86 73 218
87 63 194
88 37 159
89 31 110
90 46 133
91 78 160
92 105 195
93 124 203
94 147 225
95 150 254
96 161 261
97 182 258
98 197 249
99 173 222
