Duration[s]: 0.0755166 Porcentaje: 0 TerminoTodo: 1
Convexos: 43 VerticesConvexos: 236
0 1 5 6 149
1 2 3 4 5
11 12 13 14 15
10 11 15 16 17
9 10 17 18 19 20
22 23 24 25 26
21 22 26 27 28 29
8 9 20 21 29
68 69 70 71 72 73 74
67 68 74 75
64 65 66 67 75 76
63 64 76 77 78
59 60 61 62 63 78
58 59 78 79
58 79 80 81 82
56 57 58 82 83
53 54 55 56 83 84
52 53 84 85 86
50 51 52 86 87
49 50 87 88 89 90
47 48 49 90 91
44 45 46 47 91 92
43 44 92 93
42 43 93 94 95
40 41 42 95 96
34 35 36 37 38 39 40 96 97
110 111 112 113 114 115 116 117 118
107 108 109 110 119 120 121 122
103 104 105 106 123 124
102 103 124 125
101 102 125 126
98 99 100 101 126 127 128 129
97 98 129 130
32 33 34 97 130 131
132 133 134 135 136
138 139 140 141 142 143
138 143 144 145 146
137 138 146 147
136 137 147 148
131 132 136 148
30 31 32 131 148 149
6 7 8 29 30 149
106 107 110 118 119 122 123
0 527 272
1 574 300
2 576 334
3 562 366
4 520 338
5 536 306
6 470 293
7 490 327
8 489 358
9 524 378
10 584 384
11 592 318
12 574 269
13 598 255
14 632 289
15 615 316
16 616 354
17 612 395
18 560 415
19 507 431
20 480 390
21 467 387
22 454 395
23 447 417
24 428 436
25 392 443
26 398 406
27 404 358
28 426 348
29 458 349
30 433 312
31 412 326
32 366 331
33 345 359
34 316 386
35 334 414
36 336 433
37 300 455
38 284 459
39 245 463
40 196 468
41 149 449
42 123 415
43 105 426
44 85 454
45 45 455
46 32 434
47 10 391
48 0 323
49 16 266
50 16 209
51 0 152
52 19 119
53 17 89
54 9 37
55 30 15
56 72 0
57 104 16
58 144 53
59 191 41
60 205 19
61 247 12
62 291 10
63 331 37
64 380 32
65 393 14
66 450 8
67 491 28
68 544 32
69 574 19
70 595 34
71 598 60
72 589 74
73 524 84
74 480 61
75 438 61
76 359 83
77 310 75
78 267 46
79 219 55
80 193 82
81 138 104
82 88 87
83 61 50
84 49 89
85 62 124
86 50 149
87 45 185
88 60 209
89 77 257
90 64 281
91 54 315
92 62 344
93 88 362
94 119 356
95 141 384
96 166 406
97 209 389
98 176 358
99 133 332
100 104 284
101 110 253
102 110 197
103 88 159
104 98 118
105 145 128
106 180 160
107 232 131
108 254 96
109 317 111
110 390 146
111 447 118
112 485 106
113 562 103
114 606 116
115 598 133
116 561 158
117 479 167
118 428 164
119 364 184
120 344 198
121 280 203
122 266 196
123 198 185
124 155 189
125 152 222
126 178 259
127 222 273
128 224 310
129 224 342
130 246 355
131 277 337
132 278 282
133 253 250
134 281 221
135 331 229
136 337 246
137 378 238
138 391 215
139 444 197
140 486 191
141 553 185
142 605 183
143 584 193
144 550 211
145 486 226
146 433 237
147 369 260
148 328 279
149 436 265
