Duration[s]: 0.274781 Porcentaje: 0 TerminoTodo: 1
Convexos: 29 VerticesConvexos: 181
0 109 124
31 32 33 34 35
44 45 46
48 49 50 51 52 53
47 48 53 54
40 41 42 43 44 46 47 54 55 56 57
39 40 57 58 59 60
30 31 35 36 37 38 39 60 61
11 12 13 14 15 16 17
9 10 11 17 18
20 21 22 23 24
19 20 24 25 26
18 19 26 27 28
8 9 18 28 29
8 29 30 61 62
73 74 75 76 77 78 79 80 81 82 83 84 85 86
72 73 86
87 88 89 90 91
71 72 86 87 91 92
95 96 97 98 99
70 71 92 93 94 95 99 100
65 66 67 68 69 70
63 64 65 70 100 101 102
7 8 62 63 102 103
1 2 3 4 5 6 7 103 104
0 1 104 105 106 107 108 109
115 116 117 118 119 120 121 122 123
112 113 114 115 123 124
109 110 111 112 124
0 555 363
1 522 372
2 527 389
3 518 404
4 497 418
5 490 411
6 481 387
7 479 380
8 455 360
9 438 376
10 444 409
11 423 412
12 419 417
13 408 427
14 373 427
15 353 417
16 347 403
17 349 390
18 328 376
19 315 384
20 313 391
21 312 412
22 293 423
23 248 423
24 248 408
25 236 393
26 233 382
27 230 376
28 231 372
29 221 343
30 211 337
31 195 338
32 183 347
33 155 330
34 146 304
35 147 288
36 135 268
37 130 259
38 134 235
39 157 213
40 129 193
41 96 177
42 82 154
43 87 142
44 96 137
45 104 108
46 134 118
47 143 119
48 177 118
49 202 104
50 237 90
51 272 114
52 288 140
53 252 151
54 268 173
55 294 186
56 290 202
57 277 208
58 296 223
59 313 247
60 312 251
61 310 270
62 375 276
63 375 258
64 349 225
65 372 202
66 383 184
67 400 158
68 426 151
69 488 203
70 489 211
71 541 192
72 534 173
73 431 140
74 408 138
75 355 123
76 341 112
77 332 98
78 329 79
79 341 69
80 364 59
81 417 45
82 435 50
83 469 67
84 503 97
85 522 117
86 524 131
87 550 118
88 543 97
89 582 117
90 598 137
91 600 160
92 562 191
93 564 192
94 591 218
95 589 260
96 595 265
97 601 287
98 576 304
99 534 284
100 509 278
101 496 290
102 451 285
103 469 301
104 478 305
105 491 301
106 519 303
107 537 307
108 549 310
109 577 330
110 594 327
111 615 348
112 613 356
113 614 372
114 606 403
115 605 403
116 589 407
117 575 409
118 558 400
119 552 389
120 550 381
121 555 373
122 563 369
123 571 366
124 577 359
