Duration[s]: 0.127391 Porcentaje: 0 TerminoTodo: 1
Convexos: 41 VerticesConvexos: 230
0 103 108 109 149
103 104 105 106 107 108
12 13 14 15 16 17 18 19 20
11 12 20 21
10 11 21 22
9 10 22 23 24 25 26 27
8 9 27 28 29 30
7 8 30 31
4 5 6 7 31 32 33
1 2 3 4 33 34 35 36 37
91 92 93 94
74 75 76
71 72 73 74 76
43 44 45 46 47 48 49 50 51
52 53 54 55 56 57 58 59
42 43 51 52 59 60
41 42 60 61
63 64 65 66 67 68
41 61 62 63 68 69
40 41 69 70 71 76
40 76 77 78 79
80 81 82 83
40 79 80 83 84
85 86 87 88 89
84 85 89 90
39 40 84 90
38 39 90 91 94
95 96 97 98 99
38 94 95 99 100 101
37 38 101 102
0 1 37 102 103
120 121 122 123 124 125 126 127 128 129 130 131
120 131 132
134 135 136 137 138
133 134 138 139
133 139 140
115 116 117 118 119 120 132 133 140
114 115 140 141
111 112 113 114 141 142
110 111 142 143
109 110 143 144 145 146 147 148 149
0 151 135
1 194 167
2 230 196
3 232 208
4 227 233
5 224 258
6 218 278
7 176 303
8 189 319
9 246 341
10 255 340
11 262 338
12 295 311
13 296 301
14 335 296
15 352 305
16 362 316
17 366 336
18 368 355
19 360 405
20 323 430
21 285 397
22 251 395
23 246 429
24 184 445
25 155 412
26 154 379
27 182 354
28 126 337
29 101 317
30 110 291
31 105 272
32 97 249
33 95 237
34 86 219
35 98 200
36 115 185
37 136 173
38 54 206
39 98 359
40 177 451
41 370 433
42 385 334
43 320 274
44 258 313
45 238 290
46 241 259
47 259 236
48 282 223
49 326 206
50 337 204
51 340 235
52 373 235
53 409 224
54 432 230
55 454 242
56 479 256
57 494 278
58 492 299
59 449 320
60 435 328
61 429 339
62 437 351
63 447 370
64 485 371
65 517 387
66 518 406
67 485 420
68 454 418
69 448 433
70 478 450
71 391 463
72 379 479
73 358 480
74 316 475
75 292 479
76 276 463
77 266 476
78 256 479
79 200 467
80 185 467
81 182 479
82 158 474
83 136 452
84 126 444
85 106 449
86 101 461
87 88 458
88 60 431
89 67 397
90 64 352
91 53 340
92 34 353
93 0 323
94 41 280
95 30 261
96 0 223
97 1 196
98 25 163
99 43 150
100 45 145
101 51 137
102 68 111
103 63 90
104 36 67
105 43 39
106 67 19
107 83 24
108 106 47
109 136 64
110 183 80
111 215 61
112 235 29
113 277 24
114 310 65
115 360 57
116 430 23
117 460 16
118 479 13
119 500 11
120 529 14
121 554 28
122 574 41
123 600 66
124 616 88
125 625 113
126 631 163
127 631 209
128 603 292
129 547 318
130 501 327
131 505 265
132 507 193
133 456 171
134 436 200
135 468 213
136 401 210
137 372 201
138 363 171
139 369 149
140 370 123
141 340 107
142 307 115
143 298 124
144 299 139
145 298 149
146 294 169
147 285 173
148 264 173
149 229 163
