Duration[s]: 0.146057 Porcentaje: 0 TerminoTodo: 1
Convexos: 26 VerticesConvexos: 152
0 1 84 85 86 89 90 91 98 99
3 4 5 6 7 8 9
2 3 9 10 11 12 13 14
28 29 30 31 32 33
26 27 28 33 34 35
36 37 38 39 40 41
25 26 35 36 41 42
44 45 46 47
47 48 49 50
50 51 52 53
53 54 55
56 57 58 59 60 61
43 44 47 50 53 55 56 61 62
24 25 42 43 62
23 24 62 63
21 22 23 63 64
65 66 67 68 69 70
20 21 64 65 70 71
19 20 71 72
18 19 72 73 74 75 76 77
15 16 78 79 80 81
2 14 15 81 82 83
86 87 88 89
92 93 94 95 96 97
91 92 97 98
1 2 16 17 18 77 78 83 84
0 142 168
1 86 204
2 139 254
3 167 216
4 163 197
5 174 174
6 194 164
7 205 171
8 205 192
9 201 206
10 203 209
11 207 221
12 207 245
13 205 264
14 178 278
15 169 283
16 168 294
17 171 310
18 172 330
19 184 336
20 194 339
21 219 327
22 232 309
23 244 299
24 267 270
25 271 238
26 265 219
27 255 209
28 250 192
29 238 170
30 243 141
31 256 125
32 287 114
33 299 145
34 313 151
35 329 161
36 377 136
37 381 114
38 402 80
39 454 65
40 461 76
41 462 95
42 467 103
43 486 112
44 505 104
45 510 97
46 527 99
47 523 133
48 547 141
49 559 147
50 549 178
51 568 189
52 568 207
53 561 225
54 573 235
55 566 256
56 568 284
57 570 297
58 570 323
59 569 353
60 491 369
61 448 289
62 391 256
63 371 304
64 382 333
65 491 405
66 513 419
67 522 431
68 487 457
69 446 458
70 406 427
71 294 403
72 258 408
73 229 431
74 169 453
75 115 413
76 68 347
77 68 325
78 66 321
79 52 308
80 50 288
81 51 269
82 36 249
83 48 228
84 52 200
85 52 171
86 56 147
87 58 123
88 94 74
89 107 88
90 144 94
91 172 102
92 202 78
93 246 35
94 266 34
95 278 46
96 270 72
97 231 88
98 199 112
99 193 130
