Duration[s]: 0.106653 Porcentaje: 0 TerminoTodo: 1
Convexos: 30 VerticesConvexos: 183
0 10 119 120 124
0 1 2 3 4 5 6 7 8 9 10
16 17 18 19 20
24 25 26 27 28
23 24 28
22 23 28 29 30 31 32
21 22 32 33 34 35
15 16 20 21 35 36 37
45 46 47 48 49
42 43 44 45 49 50 51 52
39 40 41 42 52 53 54
60 61 62 63 64 65 66 67 68 69 70 71 72 73 74 75
57 58 59 60 75 76
55 56 57 76
55 76 77
82 83 84 85 86 87 88 89 90
81 82 90 91 92 93 94 95
80 81 95 96 97 98
78 79 80 98 99
38 39 54 55 77 78 99 100
15 37 38 100 101
102 103 104 105 106
101 102 106
14 15 101 106 107 108
12 13 14 108
11 12 108 109 110
11 110 111
112 113 114 115 116 117 118 119
10 11 111 112 119
120 121 122 123 124
0 179 55
1 200 68
2 227 90
3 245 116
4 236 140
5 231 148
6 197 152
7 173 149
8 165 141
9 163 125
10 166 109
11 105 134
12 105 186
13 186 201
14 247 218
15 309 234
16 294 173
17 275 143
18 275 116
19 388 128
20 382 165
21 431 180
22 468 142
23 367 96
24 323 91
25 301 93
26 269 92
27 272 52
28 399 56
29 418 44
30 488 59
31 544 93
32 542 135
33 560 173
34 570 198
35 519 226
36 529 236
37 482 254
38 473 271
39 517 279
40 547 277
41 578 292
42 528 320
43 579 336
44 580 346
45 571 372
46 570 388
47 568 406
48 566 421
49 508 434
50 475 443
51 400 418
52 401 374
53 365 341
54 379 303
55 316 312
56 341 356
57 347 376
58 361 393
59 350 406
60 314 423
61 291 430
62 257 433
63 239 426
64 215 411
65 203 399
66 200 391
67 197 369
68 197 365
69 201 356
70 209 351
71 219 346
72 230 342
73 238 340
74 269 338
75 291 357
76 296 340
77 253 316
78 210 306
79 199 321
80 177 328
81 142 347
82 136 363
83 181 412
84 181 419
85 168 430
86 125 429
87 119 426
88 107 417
89 70 385
90 69 367
91 62 348
92 59 329
93 67 318
94 78 310
95 95 310
96 103 299
97 119 286
98 151 287
99 183 278
100 182 263
101 152 245
102 134 253
103 124 262
104 85 248
105 90 233
106 104 227
107 83 211
108 61 189
109 52 177
110 68 155
111 67 136
112 66 122
113 40 113
114 31 105
115 29 94
116 37 83
117 77 81
118 115 93
119 117 104
120 117 75
121 91 73
122 71 46
123 90 41
124 127 36
