Duration[s]: 0.220165 Porcentaje: 0 TerminoTodo: 1
Convexos: 25 VerticesConvexos: 148
0 5 6 14 15 62 63 99
7 8 9 10 11 12
6 7 12 13
6 13 14
15 16 17 18 19 20 21 22
34 35 36 37 38
33 34 38 39
40 41 42 43 44 45 46
30 31 32 33 39 40 46 47
28 29 30 47 48 49 50
27 28 50 51
24 25 26 27 51 52 53 54 55 56
23 24 56 57
15 22 23 57 58 59 60 61 62
89 90 91 92 93 94 95 96 97
88 89 97 98
87 88 98 99
67 68 69 70 71
72 73 74 75 76 77
71 72 77 78
65 66 67 71 78 79
64 65 79 80 81 82 83 84 85
63 64 85 86 87 99
1 2 3 4
0 1 4 5
0 493 315
1 481 336
2 489 367
3 447 372
4 425 339
5 427 334
6 383 339
7 395 373
8 407 405
9 361 424
10 336 414
11 325 400
12 326 372
13 326 361
14 302 348
15 275 348
16 267 366
17 258 384
18 241 389
19 217 388
20 205 374
21 202 356
22 217 352
23 219 337
24 202 300
25 182 287
26 162 270
27 159 247
28 154 214
29 145 205
30 144 195
31 112 170
32 85 144
33 87 118
34 87 91
35 61 59
36 86 53
37 114 60
38 138 81
39 167 85
40 199 89
41 226 54
42 232 51
43 263 80
44 268 108
45 236 115
46 227 116
47 231 137
48 239 148
49 243 160
50 240 177
51 247 186
52 255 191
53 274 204
54 287 214
55 289 216
56 296 225
57 307 228
58 337 236
59 350 241
60 350 262
61 349 265
62 347 269
63 389 232
64 361 201
65 406 184
66 408 169
67 417 139
68 409 124
69 420 105
70 453 95
71 471 140
72 503 132
73 528 93
74 541 90
75 566 124
76 560 148
77 517 162
78 516 172
79 537 202
80 549 218
81 558 235
82 570 272
83 569 287
84 537 304
85 527 307
86 537 317
87 534 329
88 539 354
89 561 375
90 576 381
91 591 393
92 587 405
93 580 409
94 527 404
95 500 393
96 499 366
97 517 359
98 502 328
99 500 307
