Duration[s]: 0.0356248 Porcentaje: 0 TerminoTodo: 1
Convexos: 16 VerticesConvexos: 80
0 48 49
0 1 2 3 4 5 6 7 8 9
11 12 13 14 15
16 17 18 19 20
15 16 20
22 23 24 25 26
11 15 20 21 22 26 27
10 11 27
0 9 10 27 28
31 32 33
30 31 33 34
39 40 41 42
38 39 42 43 44
38 44 45 46 47
29 30 34 35 36 37 38 47 48
0 28 29 48
0 135 159
1 127 132
2 124 109
3 126 92
4 142 75
5 183 65
6 234 71
7 274 88
8 281 118
9 288 155
10 342 160
11 313 101
12 299 82
13 340 65
14 396 84
15 391 116
16 453 112
17 473 87
18 513 92
19 523 133
20 485 159
21 503 176
22 517 224
23 532 247
24 558 289
25 464 314
26 433 269
27 403 229
28 355 292
29 411 333
30 484 384
31 577 387
32 577 340
33 601 407
34 525 453
35 449 439
36 397 423
37 313 363
38 231 292
39 243 418
40 282 437
41 205 451
42 165 416
43 143 343
44 171 324
45 151 284
46 163 251
47 185 241
48 219 221
49 121 201
