Duration[s]: 0.0540195 Porcentaje: 0 TerminoTodo: 1
Convexos: 15 VerticesConvexos: 78
0 36 49
3 4 5 6
2 3 6 7 8
10 11 12 13 14 15
9 10 15 16
17 18 19 20
21 22 23
20 21 23 24 25
27 28 29 30 31 32
26 27 32 33 34
2 8 9 16 17 20 25 26 34
1 2 34 35
0 1 35 36
42 43 44 45 46 47 48
36 37 38 39 40 41 42 48 49
0 414 316
1 361 333
2 284 361
3 383 380
4 433 349
5 472 400
6 382 437
7 258 428
8 259 389
9 217 371
10 188 379
11 203 401
12 154 427
13 93 403
14 91 372
15 125 345
16 143 315
17 131 287
18 94 279
19 96 237
20 104 196
21 94 177
22 39 120
23 67 94
24 86 74
25 108 106
26 186 135
27 219 97
28 162 66
29 251 36
30 329 68
31 303 102
32 277 121
33 306 165
34 260 196
35 351 194
36 381 168
37 386 113
38 506 90
39 575 130
40 578 142
41 579 169
42 578 187
43 576 226
44 542 275
45 533 283
46 488 307
47 486 308
48 470 307
49 453 306
