Duration[s]: 0.0246169 Porcentaje: 0 TerminoTodo: 1
Convexos: 15 VerticesConvexos: 78
0 7 8 43 44 49
14 15 16 17 18 19 20
12 13 14 20 21 22
12 22 23 24
11 12 24 25 26
10 11 26 27
10 27 28 29 30
9 10 30 31
34 35 36 37 38
9 31 32 33 34 38
39 40 41 42 43
8 9 38 39 43
44 45 46 47 48 49
2 3 4
0 1 2 4 5 6 7
0 308 239
1 311 282
2 238 307
3 385 321
4 189 312
5 125 243
6 176 198
7 257 196
8 296 152
9 238 97
10 101 124
11 88 212
12 65 289
13 160 351
14 232 399
15 356 383
16 492 421
17 470 467
18 366 475
19 180 456
20 121 438
21 81 385
22 72 351
23 28 331
24 44 295
25 26 242
26 63 213
27 55 165
28 39 105
29 45 50
30 139 36
31 199 59
32 247 44
33 363 32
34 402 48
35 482 68
36 496 95
37 464 120
38 407 131
39 496 165
40 536 173
41 540 199
42 537 226
43 528 258
44 551 285
45 570 305
46 575 339
47 579 367
48 526 399
49 467 328
