Duration[s]: 0.0572357 Porcentaje: 0 TerminoTodo: 1
Convexos: 10 VerticesConvexos: 68
0 17 18 39 40 49
13 14 15 16
1 2 3 4 5 6 7 8 9 10 11 12 13 16
0 1 16 17
22 23 24 25 26 27 28 29
21 22 29 30 31 32 33 34 35 36
20 21 36 37
19 20 37 38
18 19 38 39
40 41 42 43 44 45 46 47 48 49
0 262 373
1 217 349
2 185 340
3 143 319
4 116 291
5 97 262
6 83 221
7 76 176
8 81 154
9 94 138
10 146 106
11 160 110
12 185 130
13 197 149
14 205 159
15 225 220
16 224 234
17 254 248
18 277 250
19 292 245
20 300 228
21 305 189
22 296 152
23 283 114
24 301 89
25 325 65
26 351 60
27 395 58
28 418 61
29 439 75
30 462 88
31 470 110
32 474 131
33 474 165
34 468 180
35 445 189
36 408 195
37 391 211
38 378 245
39 394 264
40 419 283
41 481 288
42 544 331
43 544 348
44 536 361
45 501 392
46 476 404
47 427 423
48 391 427
49 359 430
