Duration[s]: 0.0210752 Porcentaje: 0 TerminoTodo: 1
Convexos: 6 VerticesConvexos: 60
0 1 2 3 4 5 6 7 8 9 49
39 40 41 42 43 44 45 46
31 32 33 34 35 36 37 38 39 46 47
16 17 18 19 20 21 22 23 24 25 26 27 28 29 30
16 30 31 47 48 49
9 10 11 12 13 14 15 16 49
0 590 383
1 569 416
2 537 425
3 483 433
4 440 437
5 378 437
6 330 431
7 286 422
8 253 414
9 226 401
10 202 390
11 176 374
12 157 354
13 139 325
14 120 291
15 102 250
16 91 206
17 87 175
18 90 145
19 100 116
20 135 82
21 157 74
22 187 69
23 223 66
24 252 65
25 342 82
26 351 87
27 356 101
28 358 116
29 357 128
30 322 157
31 421 163
32 338 56
33 356 31
34 386 21
35 411 20
36 424 23
37 445 32
38 528 81
39 531 90
40 542 111
41 543 125
42 542 144
43 536 165
44 529 178
45 510 201
46 489 211
47 475 218
48 452 223
49 398 223
