Duration[s]: 0.0333818 Porcentaje: 0 TerminoTodo: 1
Convexos: 10 VerticesConvexos: 68
0 14 15 49
0 1 2 3 4 5 6 7 8 9 10 11 12 13 14
17 18 19 20 21 22 23 24 25 26 27 28 29
16 17 29 30
15 16 30 31 32 33 34
35 36 37 38 39 40 41 42 43 44
34 35 44 45
34 45 46
15 34 46 47
15 47 48 49
0 351 212
1 362 201
2 374 198
3 398 193
4 411 191
5 435 193
6 439 195
7 449 206
8 469 231
9 468 247
10 462 265
11 429 290
12 384 301
13 352 291
14 348 273
15 285 264
16 282 289
17 314 308
18 327 313
19 336 331
20 338 357
21 321 372
22 277 386
23 253 389
24 195 382
25 144 355
26 121 336
27 103 304
28 94 269
29 92 225
30 101 198
31 131 169
32 161 150
33 215 126
34 263 108
35 323 90
36 369 85
37 427 90
38 474 102
39 538 126
40 582 150
41 591 188
42 521 209
43 484 197
44 380 146
45 348 155
46 310 178
47 309 196
48 316 211
49 302 235
