Duration[s]: 0.0795702 Porcentaje: 0 TerminoTodo: 1
Convexos: 8 VerticesConvexos: 66
13 14 15 16 17
11 12 13 17 18 19 20 21 22
26 27 28 29 30 31 32 33 34 35 36
25 26 36 37 38
10 11 22 23 24 25 38 39
7 8 9 10 39 40
2 3 4 5 47 48 49
0 1 2 5 6 7 40 41 42 43 44 45 46 47 49
0 135 46
1 165 49
2 194 55
3 222 59
4 249 67
5 260 73
6 300 92
7 317 107
8 349 131
9 354 144
10 367 178
11 376 186
12 387 176
13 419 157
14 435 143
15 454 143
16 459 167
17 460 178
18 463 198
19 464 218
20 464 237
21 463 286
22 459 299
23 457 316
24 442 334
25 403 336
26 380 339
27 369 341
28 322 345
29 308 345
30 260 344
31 241 342
32 213 334
33 219 306
34 224 289
35 241 264
36 251 254
37 259 245
38 268 238
39 256 215
40 235 197
41 202 203
42 171 207
43 155 207
44 99 201
45 72 193
46 37 178
47 36 132
48 31 100
49 42 70
