Duration[s]: 0.0545397 Porcentaje: 0 TerminoTodo: 1
Convexos: 10 VerticesConvexos: 68
0 1 2 43 44 49
29 30 31 32 33 34 35 36
18 19 20 21 22 23 24 25 26 27 28 29 36 37
17 18 37 38
16 17 38 39
11 12 13 14 15 16 39 40
10 11 40 41
6 7 8 9 10 41 42
2 3 4 5 6 42 43
44 45 46 47 48 49
0 263 401
1 226 401
2 187 396
3 156 387
4 115 368
5 74 331
6 71 287
7 59 248
8 61 203
9 75 159
10 131 145
11 131 114
12 112 77
13 147 57
14 222 41
15 260 41
16 296 57
17 333 66
18 360 60
19 452 44
20 475 51
21 511 79
22 526 105
23 530 119
24 536 202
25 532 236
26 528 247
27 519 264
28 499 284
29 463 317
30 438 341
31 401 361
32 385 364
33 342 346
34 332 333
35 317 286
36 322 270
37 328 221
38 321 196
39 284 182
40 262 192
41 232 213
42 220 253
43 222 284
44 236 295
45 270 317
46 289 337
47 294 355
48 294 368
49 287 379
