Duration[s]: 0.0340511 Porcentaje: 0 TerminoTodo: 1
Convexos: 9 VerticesConvexos: 66
0 1 49
9 10 11
19 20 21 22 23 24 25 26 27 28 29 30 31 32 33 34
17 18 19 34 35
14 15 16 17 35 36
12 13 14 36 37
40 41 42 43 44 45 46 47 48 49
37 38 39 40 49
1 2 3 4 5 6 7 8 9 11 12 37 49
0 357 370
1 340 380
2 305 394
3 267 396
4 235 397
5 206 388
6 175 371
7 160 353
8 151 331
9 147 300
10 139 262
11 147 236
12 152 194
13 144 149
14 156 103
15 164 62
16 200 37
17 265 37
18 294 35
19 376 37
20 422 38
21 466 47
22 504 58
23 532 76
24 547 96
25 544 112
26 533 123
27 518 133
28 495 143
29 466 150
30 430 157
31 382 161
32 349 162
33 330 162
34 289 154
35 269 151
36 252 153
37 254 204
38 271 194
39 285 189
40 321 185
41 338 183
42 378 183
43 414 188
44 443 200
45 456 214
46 453 232
47 414 253
48 341 268
49 288 267
