Duration[s]: 0.0500546 Porcentaje: 0 TerminoTodo: 1
Convexos: 17 VerticesConvexos: 82
0 45 46 47 48 49
16 17 18 19 20
15 16 20 21
3 4 5 6 7
3 7 8 9 10
2 3 10 11
2 11 12 13 14
1 2 14 15 21
0 1 21 22
24 25 26 27
23 24 27 28 29
34 35 36 37 38 39
33 34 39 40
32 33 40 41 42
31 32 42 43
22 23 29 30 31 43 44
0 22 44 45
0 295 216
1 201 270
2 173 325
3 342 375
4 271 292
5 400 289
6 476 357
7 395 378
8 373 427
9 248 439
10 168 402
11 162 355
12 87 347
13 37 233
14 46 208
15 56 179
16 69 141
17 106 95
18 157 85
19 240 108
20 169 134
21 169 151
22 279 149
23 319 96
24 290 34
25 262 25
26 416 42
27 439 79
28 501 102
29 447 127
30 498 149
31 482 174
32 464 208
33 510 234
34 556 253
35 549 300
36 508 371
37 473 411
38 468 382
39 521 291
40 495 280
41 423 303
42 421 238
43 386 211
44 327 211
45 345 235
46 376 256
47 344 260
48 304 260
49 286 230
