Duration[s]: 0.0505968 Porcentaje: 0 TerminoTodo: 1
Convexos: 10 VerticesConvexos: 68
0 1 2 3 49
23 24 25 26 27 28
34 35 36 37 38 39 40 41 42 43
29 30 31 32 33 34 43 44
22 23 28 29 44 45
8 9 10 11 12 13 14
7 8 14 15 16 17 18 19 20 21
5 6 7 21 22
4 5 22 45 46
3 4 46 47 48 49
0 538 123
1 511 137
2 479 137
3 435 133
4 385 144
5 366 165
6 367 181
7 366 219
8 400 241
9 463 224
10 514 215
11 533 243
12 538 278
13 539 301
14 498 334
15 473 365
16 436 396
17 375 423
18 305 426
19 246 418
20 204 403
21 174 380
22 141 366
23 109 375
24 99 394
25 71 422
26 21 425
27 21 368
28 49 357
29 87 312
30 61 266
31 48 223
32 40 176
33 44 142
34 53 85
35 78 71
36 128 59
37 160 54
38 199 49
39 237 49
40 270 52
41 310 61
42 288 85
43 242 87
44 247 137
45 300 140
46 372 98
47 383 46
48 448 41
49 465 78
