Duration[s]: 0.01514 Porcentaje: 0 TerminoTodo: 1
Convexos: 19 VerticesConvexos: 86
0 48 49
5 6 7 8 9
4 5 9
3 4 9 10
2 3 10 11 12
13 14 15 16
20 21 22 23 24 25
32 33 34 35 36
32 36 37 38
30 31 32 38 39
28 29 30 39
27 28 39 40
26 27 40 41
20 25 26 41 42
19 20 42
17 18 19 42 43
2 12 13 16 17 43 44
1 2 44 45 46
0 1 46 47 48
0 297 312
1 281 255
2 224 215
3 153 260
4 151 305
5 201 338
6 322 352
7 245 421
8 124 416
9 59 357
10 103 267
11 106 199
12 128 145
13 72 94
14 199 71
15 295 107
16 180 133
17 251 173
18 324 190
19 362 200
20 399 151
21 347 84
22 407 43
23 513 49
24 522 68
25 476 164
26 424 254
27 466 263
28 530 237
29 561 215
30 527 358
31 450 374
32 382 354
33 414 450
34 318 437
35 283 430
36 340 375
37 350 319
38 380 319
39 422 314
40 416 302
41 364 268
42 372 231
43 322 216
44 295 241
45 318 258
46 319 274
47 327 282
48 317 298
49 313 312
