Duration[s]: 0.0490784 Porcentaje: 0 TerminoTodo: 1
Convexos: 8 VerticesConvexos: 64
0 1 2 3 4 5 6 45 46 47 48 49
8 9 10 11 12 13 14 15 16 17 18
20 21 22
7 8 18 19 20 22
26 27 28 29 30 31 32 33 34 35 36 37 38 39
25 26 39 40
7 22 23 24 25 40 41 42 43 44
6 7 44 45
0 153 400
1 152 373
2 158 343
3 169 318
4 194 300
5 216 287
6 231 284
7 270 275
8 242 253
9 216 253
10 194 242
11 170 229
12 147 215
13 123 194
14 109 176
15 101 149
16 103 119
17 142 89
18 174 84
19 197 78
20 207 92
21 226 110
22 226 139
23 260 153
24 279 174
25 294 196
26 307 177
27 319 154
28 341 128
29 361 105
30 419 80
31 451 73
32 541 110
33 576 140
34 578 193
35 577 245
36 545 288
37 515 316
38 488 331
39 426 357
40 405 375
41 401 390
42 379 400
43 357 406
44 318 415
45 289 417
46 252 420
47 225 421
48 194 422
49 170 421
