Duration[s]: 0.0320942 Porcentaje: 0 TerminoTodo: 1
Convexos: 13 VerticesConvexos: 74
0 1 8 9 47 48 49
1 2 3 4 5 6 7 8
19 20 21 22
18 19 22 23
16 17 18 23 24
15 16 24 25 26 27
14 15 27 28 29
30 31 32 33
13 14 29 30 33 34 35 36
12 13 36 37
11 12 37 38 39
10 11 39 40 41 42
9 10 42 43 44 45 46 47
0 351 426
1 281 386
2 233 351
3 231 297
4 287 255
5 335 240
6 392 250
7 402 294
8 386 324
9 456 336
10 484 307
11 475 247
12 443 218
13 361 199
14 299 194
15 240 209
16 185 229
17 150 272
18 111 297
19 143 343
20 188 381
21 85 371
22 40 325
23 68 248
24 87 214
25 56 169
26 115 107
27 171 132
28 212 135
29 259 152
30 247 105
31 203 70
32 318 52
33 365 60
34 447 57
35 473 67
36 494 91
37 517 111
38 546 136
39 550 169
40 566 211
41 566 245
42 558 289
43 555 325
44 510 372
45 479 397
46 443 424
47 400 429
48 376 432
49 360 429
