Duration[s]: 0.0175795 Porcentaje: 0 TerminoTodo: 1
Convexos: 15 VerticesConvexos: 78
0 18 19 20 21 49
3 4 5 6 7 8 9 10
3 10 11
0 1 2 3
13 14 15 16
12 13 16 17
0 3 11 12 17 18
23 24 25 26 27 28
30 31 32 33 34 35 36
30 36 37 38
30 38 39 40
30 40 41 42
29 30 42 43
22 23 28 29 43 44 45
21 22 45 46 47 48 49
0 210 313
1 275 273
2 294 357
3 224 365
4 436 427
5 414 436
6 381 446
7 340 458
8 305 459
9 272 455
10 249 443
11 198 424
12 157 419
13 155 438
14 175 448
15 97 443
16 62 402
17 107 389
18 119 366
19 90 333
20 66 299
21 126 254
22 59 155
23 55 69
24 190 53
25 366 50
26 476 98
27 303 129
28 203 120
29 279 166
30 361 203
31 436 140
32 545 143
33 605 182
34 625 238
35 515 284
36 440 270
37 441 332
38 364 269
39 357 328
40 340 299
41 302 247
42 328 214
43 283 198
44 238 208
45 199 211
46 247 239
47 242 253
48 233 270
49 212 281
