Duration[s]: 0.0320957 Porcentaje: 0 TerminoTodo: 1
Convexos: 16 VerticesConvexos: 80
0 7 49
0 1 2 3 4 5 6 7
15 16 17 18 19 20
14 15 20
12 13 14 20
11 12 20 21 22
10 11 22 23 24 25 26 27 28 29 30
9 10 30 31
8 9 31 32
36 37 38 39 40 41 42 43 44
35 36 44 45
35 45 46
35 46 47
34 35 47 48
33 34 48 49
7 8 32 33 49
0 155 156
1 166 124
2 211 107
3 302 100
4 365 107
5 374 140
6 292 188
7 192 203
8 175 231
9 262 265
10 347 296
11 445 291
12 424 246
13 384 206
14 447 171
15 458 131
16 459 118
17 503 111
18 548 122
19 535 172
20 479 218
21 549 257
22 521 336
23 467 405
24 416 453
25 269 446
26 199 432
27 154 415
28 103 392
29 84 359
30 82 314
31 80 258
32 62 224
33 69 183
34 69 145
35 58 100
36 104 66
37 147 53
38 211 42
39 256 36
40 324 34
41 377 33
42 361 48
43 291 59
44 232 66
45 187 75
46 148 96
47 126 108
48 126 147
49 135 178
