Duration[s]: 0.0614533 Porcentaje: 0 TerminoTodo: 1
Convexos: 7 VerticesConvexos: 62
0 1 2 3 4 5 6 7 19 20 49
9 10 11 12 13 14 15 16 17 18
7 8 9 18 19
23 24 25 26 27 28
22 23 28 29 30 31 32 33 34 35 36 37
21 22 37 38 39 40 41 42 43 44 45 46
20 21 46 47 48 49
0 88 231
1 58 209
2 34 169
3 39 134
4 60 109
5 84 94
6 117 82
7 172 78
8 238 71
9 281 72
10 349 71
11 402 75
12 469 84
13 488 97
14 491 109
15 477 126
16 454 143
17 415 153
18 366 164
19 346 174
20 328 187
21 331 203
22 379 219
23 428 205
24 447 178
25 527 184
26 551 199
27 575 236
28 578 260
29 583 281
30 579 305
31 567 324
32 507 370
33 462 390
34 419 408
35 388 416
36 308 426
37 279 426
38 245 427
39 177 427
40 159 424
41 132 419
42 86 406
43 58 392
44 44 384
45 12 329
46 28 302
47 42 274
48 70 254
49 109 243
