Duration[s]: 0.0243043 Porcentaje: 0 TerminoTodo: 1
Convexos: 10 VerticesConvexos: 68
0 1 6 7 49
21 22 23 24 25 26 27 28
17 18 19 20 21 28 29 30 31 32 33 34 35 36 37 38
16 17 38 39 40
15 16 40 41 42 43
14 15 43
13 14 43 44
8 9 10 11 12 13 44 45 46
7 8 46 47 48 49
1 2 3 4 5 6
0 577 80
1 590 102
2 587 150
3 541 177
4 517 179
5 448 172
6 414 154
7 386 143
8 356 150
9 327 157
10 269 169
11 221 173
12 194 173
13 155 161
14 153 176
15 159 197
16 168 214
17 207 214
18 243 193
19 264 183
20 296 172
21 338 171
22 360 170
23 388 172
24 437 184
25 455 193
26 476 206
27 487 229
28 487 239
29 488 272
30 473 296
31 423 332
32 364 350
33 300 366
34 236 371
35 159 371
36 140 367
37 105 346
38 79 320
39 65 282
40 57 229
41 58 194
42 70 160
43 110 120
44 155 92
45 216 67
46 267 57
47 331 44
48 405 39
49 495 39
