Duration[s]: 0.0184112 Porcentaje: 0 TerminoTodo: 1
Convexos: 21 VerticesConvexos: 90
0 1 2 49
27 28 29
31 32 33 34 35
26 27 29 30 31 35
24 25 26 35 36
22 23 24 36
21 22 36 37
40 41 42 43 44
39 40 44 45
38 39 45 46 47
21 37 38 47
20 21 47 48
18 19 20 48
12 13 14 15 16
16 17 18
11 12 16 18
10 11 18 48 49
8 9 10 49
6 7 8 49
4 5 6 49
2 3 4 49
0 99 75
1 134 44
2 142 64
3 180 35
4 193 61
5 243 32
6 282 67
7 335 35
8 341 58
9 389 58
10 273 125
11 395 114
12 459 77
13 514 27
14 584 67
15 573 113
16 415 147
17 519 158
18 300 184
19 482 195
20 152 228
21 133 259
22 242 281
23 312 236
24 371 279
25 435 234
26 445 291
27 589 289
28 604 256
29 602 294
30 520 337
31 467 340
32 508 371
33 432 403
34 375 369
35 347 340
36 296 353
37 285 364
38 285 383
39 288 395
40 299 402
41 327 411
42 291 442
43 168 428
44 110 359
45 145 342
46 95 293
47 65 216
48 99 208
49 135 174
