Duration[s]: 0.0187703 Porcentaje: 0 TerminoTodo: 1
Convexos: 12 VerticesConvexos: 72
0 1 2 3 4 5 6 7 8 9 10 11 12 49
25 26 27 28 29 30
32 33 34 35 36
38 39 40 41 42
31 32 36 37 38 42
24 25 30 31 42 43
23 24 43 44 45
15 16 17 18 19 20 21 22 23
15 23 45 46
14 15 46 47
13 14 47 48
12 13 48 49
0 289 66
1 298 108
2 286 122
3 260 129
4 227 130
5 196 125
6 173 113
7 164 82
8 165 61
9 177 51
10 202 40
11 230 33
12 250 32
13 290 15
14 365 17
15 454 56
16 536 108
17 596 217
18 564 260
19 473 316
20 404 306
21 368 283
22 343 236
23 348 163
24 317 176
25 303 290
26 382 327
27 366 381
28 221 432
29 225 376
30 255 325
31 191 274
32 138 309
33 215 369
34 145 394
35 83 373
36 96 313
37 112 251
38 157 224
39 114 168
40 87 112
41 197 142
42 236 196
43 269 166
44 276 136
45 297 128
46 311 104
47 313 79
48 298 61
49 273 50
