Duration[s]: 0.0567907 Porcentaje: 0 TerminoTodo: 1
Convexos: 9 VerticesConvexos: 66
0 43 44 45 46 47 48 49
1 2 3 4 5 6
15 16 17 18 19 20 21 22
12 13 14 15 22 23 24
28 29 30 31 32 33 34 35 36 37
27 28 37 38
25 26 27 38 39 40 41
6 7 8 9 10 11 12 24 25 41 42
0 1 6 42 43
0 514 305
1 457 341
2 531 352
3 487 375
4 400 388
5 336 394
6 265 394
7 225 391
8 180 372
9 151 351
10 122 320
11 88 279
12 86 234
13 87 197
14 107 159
15 139 127
16 181 102
17 237 77
18 303 67
19 395 81
20 416 100
21 364 121
22 302 128
23 369 155
24 246 198
25 358 202
26 422 171
27 482 145
28 499 84
29 451 63
30 428 38
31 463 30
32 504 25
33 548 33
34 586 44
35 599 67
36 602 96
37 549 95
38 551 129
39 584 164
40 574 209
41 519 217
42 501 234
43 542 254
44 582 274
45 599 307
46 597 342
47 563 357
48 532 339
49 517 313
