Duration[s]: 0.0321568 Porcentaje: 0 TerminoTodo: 1
Convexos: 7 VerticesConvexos: 62
0 24 25 45 46 47 48 49
0 1 2 3 4 5 6 7 8 9 10 11 12 13 14 15 16 17 18 19 20 21 22 23 24
31 32 33 34 35 36 37
28 29 30 31 37 38 39
27 28 39 40
26 27 40 41 42 43
25 26 43 44 45
0 337 54
1 451 76
2 489 94
3 554 130
4 591 176
5 635 235
6 631 313
7 615 353
8 588 409
9 560 426
10 519 442
11 479 448
12 380 451
13 331 441
14 291 429
15 261 416
16 236 394
17 211 371
18 188 342
19 171 308
20 161 262
21 156 225
22 158 192
23 167 157
24 182 113
25 158 112
26 130 173
27 137 269
28 158 338
29 212 400
30 132 414
31 86 355
32 65 371
33 39 382
34 20 370
35 5 341
36 26 312
37 43 299
38 39 260
39 40 216
40 43 170
41 26 111
42 28 64
43 111 58
44 141 33
45 177 18
46 213 13
47 240 15
48 266 21
49 294 31
