Duration[s]: 0.0150566 Porcentaje: 0 TerminoTodo: 1
Convexos: 14 VerticesConvexos: 76
0 42 47 48 49
17 18 19 20 21 22 23 24 25 26
16 17 26 27
15 16 27 28
14 15 28 29
29 30 31 32
11 12 13 14 29 32
10 11 32 33 34
10 34 35 36 37
9 10 37 38 39 40
8 9 40 41
0 1 2 3 4 5 6 7 8 41 42
43 44 45 46
42 43 46 47
0 173 100
1 227 95
2 282 95
3 326 111
4 359 129
5 400 157
6 424 187
7 445 214
8 446 257
9 448 309
10 518 314
11 495 285
12 479 266
13 464 234
14 462 190
15 465 149
16 436 130
17 404 127
18 380 127
19 362 112
20 342 93
21 338 61
22 368 45
23 430 30
24 473 30
25 532 59
26 561 85
27 573 135
28 573 191
29 516 200
30 598 205
31 603 232
32 565 241
33 618 266
34 544 303
35 590 351
36 533 399
37 447 407
38 307 390
39 256 350
40 267 314
41 312 265
42 248 216
43 196 246
44 234 330
45 128 333
46 77 258
47 190 230
48 127 191
49 121 157
