Duration[s]: 0.115319 Porcentaje: 0 TerminoTodo: 1
Convexos: 16 VerticesConvexos: 80
0 1 2 3 47 48 49
9 10 11 12
9 12 13 14
14 15 16
16 17 18
23 24 25 26 27 28 29 30
22 23 30
20 21 22 30
18 19 20 30
16 18 30 31
33 34 35 36 37 38 39
32 33 39
7 8 9 14 16 31 32 39
5 6 7 39 40
4 5 40 41 42 43 44 45 46
3 4 46 47
0 60 49
1 101 40
2 141 41
3 195 45
4 256 33
5 327 52
6 371 32
7 414 50
8 456 33
9 486 54
10 537 48
11 564 72
12 548 89
13 557 104
14 518 141
15 559 158
16 504 182
17 567 201
18 516 228
19 542 258
20 488 292
21 494 343
22 431 356
23 445 375
24 520 374
25 543 388
26 506 408
27 471 424
28 403 435
29 327 416
30 309 377
31 288 391
32 277 400
33 278 414
34 282 426
35 241 426
36 177 419
37 120 406
38 115 369
39 142 341
40 88 332
41 55 342
42 30 320
43 26 277
44 40 245
45 58 213
46 98 176
47 60 139
48 29 109
49 31 79
