Duration[s]: 0.0496208 Porcentaje: 0 TerminoTodo: 1
Convexos: 11 VerticesConvexos: 70
0 10 11 41 42 43 49
0 1 2 3 4 5 6 7 8 9 10
43 44 45 46 47 48 49
30 31 32 33 34 35
29 30 35 36
21 22 23 24 25 26 27
20 21 27
14 15 16 17 18 19
13 14 19 20 27 28
12 13 28 29 36 37
11 12 37 38 39 40 41
0 459 166
1 493 174
2 500 178
3 515 192
4 519 203
5 520 226
6 518 241
7 491 253
8 459 256
9 445 251
10 418 238
11 367 255
12 365 284
13 369 305
14 399 315
15 422 307
16 451 312
17 465 322
18 475 337
19 429 354
20 421 357
21 416 380
22 463 411
23 437 436
24 399 448
25 327 434
26 318 417
27 306 392
28 282 360
29 251 363
30 258 410
31 276 423
32 253 431
33 186 420
34 143 384
35 163 362
36 196 340
37 190 321
38 133 289
39 130 285
40 136 257
41 140 251
42 140 219
43 163 197
44 224 137
45 287 122
46 368 110
47 409 117
48 440 145
49 439 152
