Duration[s]: 0.0231594 Porcentaje: 0 TerminoTodo: 1
Convexos: 11 VerticesConvexos: 70
0 13 14 49
27 28 29 30 31 32 33 34 35 36 37 38 39 40
20 21 22 23 24 25 26 27 40 41
19 20 41 42
18 19 42
17 18 42 43 44
16 17 44 45 46
15 16 46 47
14 15 47 48 49
0 1 2 3 4 5 6 7 8 9 10 11 12
0 12 13
0 242 410
1 207 406
2 178 400
3 157 380
4 139 360
5 129 332
6 129 307
7 142 291
8 153 284
9 189 283
10 217 286
11 232 293
12 253 305
13 297 316
14 341 316
15 356 302
16 357 277
17 342 247
18 314 234
19 285 230
20 254 228
21 229 229
22 201 228
23 161 214
24 145 201
25 142 172
26 146 162
27 160 143
28 178 134
29 208 120
30 235 111
31 275 105
32 315 103
33 340 102
34 408 110
35 436 125
36 452 140
37 454 165
38 431 178
39 397 178
40 350 174
41 334 191
42 337 216
43 414 261
44 434 284
45 443 310
46 437 328
47 386 361
48 347 385
49 277 399
