Duration[s]: 0.026754 Porcentaje: 0 TerminoTodo: 1
Convexos: 7 VerticesConvexos: 62
0 41 42 43 44 45 46 47 48 49
33 34 35 36 37 38 39 40
8 9 10 11 12 13
14 15 16 17 18 19 20 21 22 23 24
13 14 24 25 26 27 28
6 7 8 13 28 29 30 31 32
0 1 2 3 4 5 6 32 33 40 41
0 142 84
1 177 83
2 221 88
3 265 99
4 274 118
5 283 144
6 290 168
7 299 152
8 309 137
9 328 130
10 345 132
11 366 144
12 372 164
13 372 175
14 384 161
15 411 144
16 443 135
17 486 131
18 515 134
19 560 148
20 580 162
21 606 182
22 621 205
23 578 223
24 548 225
25 503 229
26 456 224
27 408 215
28 381 200
29 363 213
30 334 230
31 308 231
32 280 209
33 261 206
34 232 209
35 203 207
36 171 202
37 148 193
38 125 175
39 109 153
40 97 129
41 76 112
42 49 100
43 34 72
44 31 40
45 46 22
46 66 18
47 82 18
48 101 26
49 121 43
