Duration[s]: 0.0535061 Porcentaje: 0 TerminoTodo: 1
Convexos: 23 VerticesConvexos: 121
0 1 18 19 73 74
24 25 26 27
22 23 24 27
20 21 22 27 28 29
48 49 50 51 52
53 54 55 56 57 58 59 60
52 53 60 61
47 48 52 61
46 47 61
63 64 65 66 67 68 69
62 63 69 70 71
45 46 61 62 71 72
32 33 34 35 36
41 42 43 44
37 38 39 40 41 44
20 29 30 31 45 72 73
6 7 8 9 10 11
5 6 11
4 5 11 12
3 4 12 13 14 15
2 3 15 16 17
1 2 17 18
19 20 31 32 36 37 44 45 73
0 285 350
1 226 369
2 212 384
3 211 404
4 228 422
5 260 429
6 289 419
7 303 396
8 340 390
9 349 437
10 327 460
11 275 473
12 193 451
13 173 465
14 140 450
15 164 411
16 125 395
17 169 364
18 184 340
19 184 310
20 146 290
21 148 314
22 76 342
23 127 345
24 62 367
25 82 384
26 54 393
27 14 340
28 52 305
29 81 294
30 25 253
31 56 207
32 53 156
33 42 92
34 144 56
35 182 71
36 152 131
37 221 131
38 274 82
39 338 53
40 432 78
41 466 114
42 556 161
43 533 226
44 368 201
45 339 238
46 457 298
47 513 281
48 576 236
49 595 165
50 620 242
51 586 303
52 560 331
53 583 348
54 556 397
55 540 415
56 525 426
57 486 423
58 465 397
59 483 376
60 503 366
61 452 331
62 409 375
63 472 450
64 467 469
65 424 466
66 402 455
67 389 434
68 385 414
69 405 405
70 332 340
71 366 333
72 322 277
73 286 281
74 295 309
