Duration[s]: 0.0737766 Porcentaje: 0 TerminoTodo: 1
Convexos: 23 VerticesConvexos: 121
0 1 2 3 5 6 7 73 74
14 15 16 17 18
13 14 18 19 20
20 21 22 23 24 25
12 13 20 25 26
27 28 29 30 31
26 27 31
34 35 36 37 38
33 34 38 39
43 44 45 46 47 48
42 43 48 49 50
41 42 50 51
33 39 40 41 51 52
32 33 52 53
11 12 26 31 32 53 54
54 55 56 57
10 11 54 57
60 61 62 63
64 65 66 67 68 69
63 64 69 70 71
59 60 63 71 72
7 8 58 59 72 73
3 4 5 8 9 10 57 58
0 306 34
1 328 34
2 369 43
3 407 63
4 448 82
5 468 116
6 485 132
7 488 161
8 481 188
9 478 206
10 427 252
11 407 277
12 437 316
13 462 324
14 491 306
15 522 246
16 571 226
17 550 277
18 513 308
19 538 338
20 508 381
21 553 429
22 539 469
23 399 475
24 361 407
25 361 381
26 274 330
27 229 383
28 222 440
29 183 427
30 170 366
31 233 320
32 195 276
33 124 231
34 98 299
35 93 328
36 60 339
37 60 274
38 73 247
39 62 199
40 8 151
41 40 141
42 67 118
43 73 92
44 72 53
45 103 25
46 131 66
47 127 84
48 123 96
49 182 120
50 131 139
51 124 154
52 162 186
53 187 204
54 222 206
55 230 184
56 274 171
57 300 203
58 316 165
59 296 137
60 268 144
61 262 146
62 226 101
63 252 90
64 200 64
65 184 66
66 160 53
67 162 31
68 192 29
69 233 40
70 255 33
71 269 55
72 283 65
73 306 69
74 288 46
