Duration[s]: 0.0555001 Porcentaje: 0 TerminoTodo: 1
Convexos: 19 VerticesConvexos: 111
0 1 2 18 19 20 21 65 66 70 71 73 74
71 72 73
23 24 25
23 25 26
22 23 26
28 29 30 31 32 33 34 35 36 37 38 39 40 41
27 28 41 42
45 46 47
44 45 47 48 49
43 44 49 50
54 55 56 57 58
53 54 58 59
61 62 63
51 52 53 59 60 61 63
27 42 43 50 51 63
22 26 27 63 64
21 22 64 65
2 3 4 5 6 7 8 9 10 11 12 13 14 15 16 17 18
66 67 68 69 70
0 27 445
1 22 413
2 22 380
3 23 351
4 27 322
5 34 287
6 41 265
7 53 233
8 72 211
9 95 189
10 134 173
11 176 158
12 212 158
13 251 169
14 275 189
15 285 204
16 289 227
17 289 251
18 283 278
19 307 271
20 360 258
21 480 245
22 424 208
23 342 210
24 360 227
25 324 229
26 313 179
27 283 115
28 140 84
29 127 126
30 116 142
31 104 152
32 88 161
33 56 166
34 35 160
35 26 136
36 25 104
37 34 85
38 38 78
39 75 64
40 103 58
41 119 57
42 167 58
43 173 52
44 154 30
45 130 27
46 114 34
47 90 13
48 187 19
49 428 52
50 336 90
51 380 122
52 404 98
53 458 114
54 484 81
55 473 57
56 535 33
57 551 56
58 523 119
59 499 137
60 513 154
61 530 184
62 541 187
63 497 211
64 502 224
65 517 245
66 515 273
67 521 290
68 486 333
69 436 350
70 384 360
71 319 390
72 298 407
73 220 426
74 178 432
