Duration[s]: 0.0671781 Porcentaje: 0 TerminoTodo: 1
Convexos: 19 VerticesConvexos: 111
0 71 72 73 74
61 62 63 64 65 66
60 61 66 67 68
59 60 68 69
2 3 4 5 6
1 2 6
7 8 9 10 11
15 16 17 18 19 20 21 22
14 15 22 23 24
32 33 34 35 36 37 38 39 40
42 43 44 45
41 42 45 46 47 48 49 50 51 52 53
30 31 32 40 41 53 54
25 26 27 28 29 30
24 25 30 54 55
13 14 24 55 56
12 13 56 57 58
1 6 7 11 12 58 59
0 1 59 69 70 71
0 531 314
1 481 326
2 527 365
3 575 359
4 540 416
5 490 397
6 443 379
7 392 412
8 420 436
9 342 448
10 314 432
11 336 401
12 338 374
13 296 351
14 236 355
15 242 379
16 259 400
17 260 417
18 201 430
19 171 419
20 139 400
21 159 353
22 189 348
23 188 306
24 206 258
25 142 243
26 139 281
27 106 292
28 66 250
29 72 223
30 135 225
31 129 200
32 131 166
33 107 151
34 115 136
35 149 109
36 170 99
37 194 88
38 245 76
39 300 84
40 303 105
41 369 121
42 379 114
43 384 83
44 409 72
45 453 75
46 484 76
47 494 86
48 517 121
49 505 150
50 459 175
51 420 191
52 391 199
53 316 184
54 262 200
55 269 225
56 358 254
57 385 236
58 423 260
59 474 245
60 537 200
61 568 156
62 548 103
63 545 81
64 578 63
65 622 97
66 616 118
67 617 146
68 578 189
69 569 200
70 571 213
71 572 240
72 582 264
73 579 305
74 559 313
