Duration[s]: 0.105589 Porcentaje: 0 TerminoTodo: 1
Convexos: 21 VerticesConvexos: 115
0 72 73 74
69 70 71 72
62 63 64 65 66
49 50 51 52 53 54 55
48 49 55 56 57 58 59
46 47 48 59 60
4 5 6 7 8 9 10
13 14 15 16 17 18
38 39 40 41 42
36 37 38 42
23 24 25 26 27 28
22 23 28 29
31 32 33 34
30 31 34
21 22 29 30 34 35
20 21 35 36 42 43 44 45
12 13 18 19 20 45
11 12 45
3 4 10 11 45 46 60 61
2 3 61 62 66 67 68
0 1 2 68 69 72
0 52 392
1 58 363
2 100 348
3 138 334
4 134 306
5 72 301
6 59 296
7 81 260
8 116 245
9 184 251
10 252 268
11 330 255
12 326 231
13 237 224
14 201 224
15 137 209
16 106 190
17 117 181
18 137 173
19 178 156
20 272 168
21 294 151
22 247 139
23 175 103
24 139 134
25 91 152
26 89 119
27 89 73
28 187 48
29 239 62
30 257 61
31 345 39
32 368 32
33 412 54
34 406 91
35 436 99
36 483 90
37 480 65
38 507 64
39 558 40
40 594 46
41 594 92
42 541 126
43 556 148
44 559 177
45 564 246
46 584 255
47 605 301
48 556 344
49 548 355
50 566 385
51 547 417
52 513 443
53 451 456
54 427 451
55 416 435
56 386 431
57 372 396
58 372 369
59 439 336
60 429 313
61 313 335
62 306 389
63 309 416
64 265 454
65 228 448
66 214 436
67 189 446
68 147 446
69 137 457
70 157 479
71 89 469
72 85 445
73 64 442
74 48 418
