Duration[s]: 0.049354 Porcentaje: 0 TerminoTodo: 1
Convexos: 20 VerticesConvexos: 113
0 66 67 70 74
67 68 69 70
70 71 72 73 74
0 1 2 3 4 5 6
17 18 19 20 21 22 23
32 33 34 35 36 37 38
39 40 41 42
31 32 38 39 42
30 31 42 43 44 45
46 47 48 49 50 51 52 53
28 29 30 45 46 53
27 28 53 54
26 27 54 55 56
25 26 56 57
24 25 57 58 59
12 13 14 15 16 17 23 24 59 60
8 9 10 11 12 60 61
7 8 61 62
0 6 7 62 63 64 65
0 65 66
0 236 192
1 203 150
2 207 114
3 225 109
4 267 113
5 270 135
6 267 149
7 278 153
8 319 145
9 319 119
10 325 105
11 339 99
12 358 94
13 378 93
14 389 93
15 412 100
16 426 109
17 441 121
18 450 127
19 453 144
20 455 165
21 442 194
22 433 214
23 413 224
24 387 243
25 365 269
26 352 296
27 351 327
28 397 373
29 416 378
30 429 382
31 486 383
32 500 374
33 505 344
34 520 309
35 561 260
36 620 244
37 609 291
38 559 340
39 560 365
40 573 385
41 554 413
42 536 430
43 554 450
44 432 465
45 390 449
46 334 442
47 246 433
48 185 419
49 154 397
50 153 341
51 172 332
52 204 322
53 225 337
54 292 307
55 318 289
56 325 285
57 348 259
58 349 251
59 357 229
60 357 203
61 328 213
62 316 231
63 313 247
64 259 269
65 225 265
66 168 248
67 142 263
68 125 288
69 78 301
70 37 206
71 62 131
72 77 133
73 94 158
74 97 180
