Duration[s]: 0.138804 Porcentaje: 0 TerminoTodo: 1
Convexos: 18 VerticesConvexos: 109
0 1 2 71 72 73 74
7 8 9 10 11 12 13 14
6 7 14 15
17 18 19 20 21 22 23 24 25
27 28 29 30 31 32
33 34 35 36
26 27 32 33 36
38 39 40 41 42 43 44 45 46 47
37 38 47 48
16 17 25 26 36 37 48 49
5 6 15 16 49 50
60 61 62 63 64 65
59 60 65 66
51 52 53 54 55 56 57 58
51 58 59
4 5 50 51 59 66 67 68 69
3 4 69 70
2 3 70 71
0 585 329
1 534 325
2 512 317
3 480 311
4 447 306
5 417 311
6 413 330
7 425 342
8 465 346
9 481 351
10 500 363
11 511 386
12 498 394
13 452 391
14 409 370
15 357 357
16 318 351
17 314 376
18 346 384
19 384 395
20 430 428
21 417 441
22 390 442
23 310 428
24 265 399
25 242 367
26 164 330
27 131 358
28 173 401
29 116 412
30 73 379
31 65 347
32 89 321
33 94 299
34 85 263
35 109 227
36 160 253
37 183 218
38 152 184
39 119 170
40 116 114
41 115 89
42 128 80
43 153 76
44 169 79
45 212 94
46 270 124
47 266 138
48 269 155
49 278 160
50 309 166
51 351 165
52 350 131
53 354 103
54 366 97
55 373 95
56 399 91
57 454 114
58 431 156
59 446 179
60 502 168
61 506 140
62 515 139
63 536 153
64 547 175
65 545 199
66 547 204
67 591 228
68 598 232
69 572 250
70 559 266
71 573 275
72 583 278
73 610 287
74 612 314
