Duration[s]: 0.0546983 Porcentaje: 0 TerminoTodo: 1
Convexos: 20 VerticesConvexos: 113
0 64 74
67 68 69 70 71
67 71 72
64 65 66 67 72 73
64 73 74
7 8 9 10 11 12 13 14 15 16 17 18 19 20 21 22 23 24 25
6 7 25 26
4 5 6 26 27
3 4 27 28 29 30 31 32
2 3 32 33
35 36 37 38 39
48 49 50 51 52
42 43 44 45 46
42 46 47 48
41 42 48 52
40 41 52 53 54
39 40 54 55 56 57 58
34 35 39 58 59
60 61 62 63 64
0 1 2 33 34 59 60 64
0 197 435
1 183 411
2 162 372
3 145 342
4 127 311
5 104 273
6 81 231
7 61 197
8 41 165
9 20 130
10 53 101
11 73 85
12 116 61
13 141 55
14 176 51
15 218 53
16 247 67
17 267 79
18 289 96
19 300 116
20 304 133
21 304 162
22 301 176
23 291 192
24 277 202
25 263 209
26 256 215
27 257 235
28 258 246
29 257 259
30 256 269
31 255 274
32 250 288
33 249 358
34 305 358
35 329 292
36 315 249
37 356 217
38 393 273
39 386 304
40 438 309
41 483 262
42 411 167
43 421 91
44 529 60
45 502 101
46 487 116
47 545 168
48 513 180
49 558 194
50 577 267
51 543 359
52 497 268
53 510 370
54 486 374
55 485 375
56 463 395
57 420 418
58 378 388
59 329 387
60 344 411
61 379 430
62 380 439
63 328 455
64 278 443
65 265 448
66 214 467
67 128 477
68 99 467
69 88 400
70 151 408
71 149 426
72 164 441
73 172 441
74 183 440
