Duration[s]: 0.0564379 Porcentaje: 0 TerminoTodo: 1
Convexos: 11 VerticesConvexos: 97
0 63 64 65 72 73 74
30 31 32 33 34 35 36 37 38 39
42 43 44 45 46 47 48 49 50 51 52 53 54
30 39 40 41 42 54 55
28 29 30 55 56 57
27 28 57 58 59 60
14 15 16 17 18 19 20 21 22 23 24 25 26
7 8 9 10 11 12 13 14 26 27
7 27 60 61
0 1 2 3 4 5 6 7 61 62
0 62 63 65 66 67 68 69 70 71 72
0 235 414
1 205 408
2 170 393
3 145 376
4 127 351
5 110 313
6 106 269
7 105 230
8 107 198
9 122 170
10 137 145
11 165 121
12 205 105
13 238 96
14 269 97
15 291 96
16 328 101
17 348 108
18 364 117
19 370 123
20 378 132
21 385 143
22 392 160
23 397 184
24 396 199
25 391 211
26 375 224
27 364 235
28 515 255
29 449 189
30 435 101
31 165 83
32 161 57
33 179 43
34 209 32
35 255 22
36 281 22
37 306 23
38 334 25
39 366 30
40 395 34
41 427 42
42 453 53
43 522 23
44 572 7
45 602 42
46 610 55
47 613 73
48 614 94
49 613 106
50 611 117
51 602 136
52 598 142
53 591 152
54 580 158
55 564 168
56 569 185
57 571 270
58 576 346
59 517 386
60 447 337
61 392 342
62 424 392
63 458 409
64 454 432
65 386 451
66 359 462
67 321 473
68 310 474
69 256 478
70 236 479
71 195 472
72 168 459
73 110 459
74 182 418
