Duration[s]: 0.0419874 Porcentaje: 0 TerminoTodo: 1
Convexos: 19 VerticesConvexos: 111
0 68 69 73 74
69 70 71 72 73
0 1 2 3 4 5 6
0 6 7
51 52 53 54 55 56 57 58 59 60 61
50 51 61 62
48 49 50 62 63 64
48 64 65 66
10 11 12 13 14
17 18 19 20 21 22 23 24 25 26 27
16 17 27 28 29 30 31
15 16 31 32 33
15 33 34
14 15 34
35 36 37 38 39 40 41 42 43 44 45 46
14 34 35 46 47
9 10 14 47 48
8 9 48 66 67 68
0 7 8 68
0 134 84
1 169 68
2 232 64
3 273 74
4 282 97
5 277 117
6 269 132
7 267 158
8 277 165
9 306 173
10 328 172
11 295 143
12 319 125
13 393 161
14 392 201
15 456 174
16 416 140
17 368 131
18 343 127
19 324 99
20 324 67
21 342 52
22 374 40
23 401 34
24 416 33
25 478 49
26 494 78
27 446 110
28 518 102
29 577 112
30 601 125
31 608 150
32 606 187
33 535 218
34 481 199
35 481 216
36 507 221
37 537 237
38 549 261
39 539 311
40 505 326
41 427 342
42 390 345
43 327 325
44 301 282
45 325 242
46 352 223
47 337 204
48 299 196
49 255 250
50 229 277
51 291 340
52 343 364
53 360 391
54 342 424
55 286 443
56 241 444
57 187 433
58 160 426
59 126 405
60 112 388
61 177 347
62 140 298
63 90 279
64 127 258
65 102 221
66 172 206
67 173 191
68 179 145
69 114 148
70 102 180
71 30 117
72 48 81
73 89 102
74 89 49
