Duration[s]: 0.071074 Porcentaje: 0 TerminoTodo: 1
Convexos: 29 VerticesConvexos: 131
0 1 2 74
5 6 7
7 8 9
9 10 11
15 16 17 18
15 18 19 20
13 14 15 20
11 12 13
9 11 13 20 21
26 27 28 29
25 26 29 30
34 35 36
36 37 38
33 34 36 38
38 39 40
40 41 42
42 43 44
44 45 46
46 47 48
62 63 64 65 66 67 68
54 55 56 57 58 59
53 54 59 60 61
51 52 53 61 62
48 49 50 51 62 68 69
46 48 69 70
38 40 42 44 46 70 71
32 33 38 71 72
31 32 72 73 74
2 3 4 5 7 9 21 22 23 24 25 30 31 74
0 320 240
1 320 250
2 316 257
3 314 267
4 309 275
5 302 284
6 306 291
7 280 299
8 325 309
9 250 311
10 370 327
11 221 327
12 470 356
13 141 356
14 540 399
15 143 404
16 465 426
17 152 424
18 101 411
19 92 394
20 92 362
21 91 330
22 90 303
23 93 277
24 106 244
25 136 208
26 65 102
27 136 66
28 223 106
29 186 148
30 174 164
31 271 176
32 248 117
33 275 83
34 226 41
35 418 55
36 317 68
37 449 90
38 298 90
39 554 114
40 405 120
41 609 133
42 457 146
43 573 161
44 472 168
45 549 186
46 412 200
47 573 216
48 417 218
49 553 237
50 518 264
51 500 269
52 555 294
53 543 309
54 596 339
55 614 340
56 615 373
57 609 385
58 578 385
59 518 369
60 468 324
61 468 306
62 395 270
63 392 285
64 374 306
65 358 295
66 356 285
67 355 277
68 355 255
69 354 241
70 353 228
71 348 220
72 333 210
73 326 213
74 317 216
