Duration[s]: 0.0725966 Porcentaje: 0 TerminoTodo: 1
Convexos: 23 VerticesConvexos: 121
0 1 2 3 74
7 8 9 10
15 16 17 18 19 20
13 14 15 20 21
13 21 22 23 24
24 25 26
12 13 24 26
33 34 35 36
31 32 33 36 37
47 48 49
49 50 51 52
54 55 56 57 58 59 60
53 54 60 61
39 40 41 42 43 44 46 47 49 52 53 61
30 31 62 63
28 29 30 63
27 28 63
7 10 11 12 26 27 63 64 65
5 6 7 65 66
67 68 69 70 71
4 5 66 67 71 72
3 4 72 73 74
31 37 38 39 44 45 46 61 62
0 7 295
1 28 273
2 65 272
3 76 302
4 134 326
5 177 321
6 150 284
7 189 266
8 90 224
9 111 209
10 177 218
11 180 206
12 247 223
13 242 157
14 225 169
15 196 162
16 118 161
17 69 148
18 90 114
19 121 91
20 163 111
21 176 109
22 255 64
23 331 75
24 370 125
25 452 97
26 291 250
27 342 285
28 486 199
29 606 115
30 523 273
31 553 317
32 556 304
33 572 295
34 592 252
35 600 270
36 583 297
37 576 318
38 600 333
39 599 351
40 599 364
41 597 371
42 571 391
43 560 399
44 487 424
45 483 426
46 481 426
47 466 427
48 458 429
49 447 427
50 431 428
51 415 426
52 409 425
53 387 423
54 352 425
55 345 426
56 338 421
57 336 411
58 356 387
59 380 390
60 395 394
61 434 393
62 411 355
63 350 347
64 342 366
65 272 374
66 260 393
67 262 418
68 319 444
69 210 438
70 176 414
71 199 392
72 143 357
73 79 400
74 41 414
