Duration[s]: 0.0345712 Porcentaje: 0 TerminoTodo: 1
Convexos: 24 VerticesConvexos: 121
0 1 73 74
2 3 4 5 6 7 8 9 10
1 2 10 11 12 13 14 15
65 66 67 68 69
64 65 69
43 44 45 46 47
49 50 51 52
49 52 53
48 49 53 54
42 43 47 48 54 55 56
40 41 42 56 57
40 57 58 59
40 59 60 61 62
40 62 63 64
40 64 69 70
40 70 71 72
40 72 73
20 21 22 23 24 25 26
19 20 26 27
18 19 27 28 29 30
18 30 31 32 33 34 35 36 37
17 18 37 38
16 17 38 39 40 73
1 15 16 73
0 320 240
1 305 329
2 322 301
3 322 270
4 325 242
5 334 232
6 364 227
7 410 229
8 465 244
9 483 258
10 486 271
11 491 277
12 498 292
13 497 324
14 475 336
15 448 338
16 452 354
17 476 384
18 562 391
19 545 339
20 579 243
21 497 202
22 550 122
23 583 141
24 605 170
25 609 237
26 600 252
27 588 283
28 592 335
29 591 358
30 583 391
31 558 414
32 504 430
33 414 436
34 322 439
35 277 439
36 225 430
37 149 409
38 91 385
39 83 357
40 79 313
41 115 262
42 183 201
43 142 142
44 80 115
45 144 51
46 278 35
47 269 94
48 280 129
49 396 103
50 484 35
51 509 89
52 435 164
53 339 142
54 282 153
55 275 188
56 248 211
57 242 223
58 242 229
59 230 236
60 226 243
61 218 254
62 203 263
63 227 283
64 241 296
65 269 275
66 273 244
67 285 261
68 279 275
69 269 294
70 270 310
71 276 314
72 280 331
73 288 333
74 291 286
