Duration[s]: 0.0342067 Porcentaje: 0 TerminoTodo: 1
Convexos: 18 VerticesConvexos: 109
0 73 74
8 9 10
7 8 10 11
6 7 11 12
16 17 18 19 20
15 16 20 21
22 23 24 25 26 27 28 29 30 31
14 15 21 22 31 32
13 14 32 33
37 38 39 40 41 42 43 44 45 46 47
35 36 37 47 48
34 35 48 49
13 33 34 49 50
5 6 12 13 50 51
4 5 51 52 53 54 55 56 57 58 59
3 4 59 60
60 61 62 63 64 65 66 67 68 69 70
0 1 2 3 60 70 71 72 73
0 306 147
1 248 147
2 208 144
3 196 121
4 178 130
5 184 164
6 231 167
7 354 167
8 502 182
9 472 255
10 433 219
11 409 211
12 362 204
13 305 209
14 305 245
15 393 292
16 508 276
17 629 231
18 594 324
19 453 371
20 440 330
21 390 315
22 367 334
23 407 352
24 422 403
25 394 424
26 344 429
27 286 431
28 250 414
29 234 374
30 247 348
31 267 335
32 273 306
33 266 282
34 224 276
35 179 296
36 185 311
37 191 328
38 211 357
39 212 388
40 172 399
41 148 398
42 106 389
43 96 356
44 91 338
45 91 308
46 110 289
47 134 280
48 159 267
49 161 226
50 146 211
51 125 211
52 105 223
53 64 215
54 45 204
55 37 171
56 38 134
57 47 101
58 91 69
59 145 42
60 271 43
61 369 46
62 485 53
63 563 71
64 575 106
65 545 118
66 510 122
67 466 121
68 424 117
69 384 111
70 344 103
71 356 118
72 360 136
73 345 142
74 319 148
