Duration[s]: 0.0573408 Porcentaje: 0 TerminoTodo: 1
Convexos: 19 VerticesConvexos: 111
0 42 59 60 74
0 1 2 3 4 5 6 7
9 10 11 12 13 14 15 16 17
9 17 18
22 23 24 25
20 21 22 25
26 27 28 29
20 25 26 29
19 20 29 30 31 32 33 34 35
8 9 18 19 35 36
0 7 8 36 37 38 39 40 41 42
44 45 46 47 48 49 50 51
43 44 51 52
42 43 52 53 54
42 54 55 56 57 58 59
65 66 67 68 69 70 71 72
61 62 63 64 65 72
60 61 72 73
60 73 74
0 388 316
1 372 343
2 327 356
3 289 353
4 261 336
5 254 309
6 262 295
7 285 285
8 270 253
9 172 248
10 210 297
11 223 328
12 181 357
13 145 359
14 106 340
15 86 297
16 92 265
17 102 260
18 122 236
19 123 172
20 50 159
21 95 210
22 32 218
23 31 253
24 12 210
25 12 164
26 39 129
27 15 101
28 79 86
29 101 112
30 149 79
31 205 57
32 307 32
33 364 48
34 371 82
35 365 108
36 430 138
37 459 144
38 499 157
39 534 185
40 561 242
41 574 286
42 567 318
43 596 259
44 582 232
45 555 199
46 568 181
47 599 178
48 623 193
49 624 206
50 623 233
51 619 252
52 612 271
53 614 296
54 611 312
55 609 331
56 581 362
57 555 381
58 542 382
59 493 352
60 454 346
61 439 373
62 453 380
63 472 404
64 469 412
65 413 421
66 388 427
67 356 426
68 327 425
69 322 404
70 324 390
71 335 383
72 374 371
73 404 350
74 399 329
