Duration[s]: 0.0381279 Porcentaje: 0 TerminoTodo: 1
Convexos: 19 VerticesConvexos: 111
0 17 18 74
0 1 2 3 4 5
8 9 10 11
7 8 11 12 13
6 7 13 14 15 16 17
0 5 6 17
39 40 41 42 43 44 45 46 47 48
38 39 48 49 50 51 52 53
37 38 53 54 55
36 37 55 56 57 58 59
33 34 35 36 59
31 32 33 59
29 30 31 59 60
28 29 60 61 62 63 64 65
27 28 65 66 67 68 69
26 27 69 70 71 72 73
19 20 21 22 23 24
19 24 25 26
18 19 26 73 74
0 358 270
1 374 252
2 409 217
3 454 243
4 436 272
5 413 276
6 395 302
7 424 325
8 431 325
9 489 284
10 496 299
11 392 360
12 349 363
13 309 357
14 285 354
15 230 338
16 206 313
17 203 289
18 259 247
19 253 219
20 185 226
21 176 208
22 173 163
23 211 154
24 239 159
25 284 139
26 300 186
27 330 162
28 383 110
29 311 74
30 284 95
31 245 83
32 236 99
33 198 101
34 178 109
35 157 116
36 141 121
37 137 123
38 96 192
39 92 219
40 99 238
41 118 296
42 118 301
43 113 317
44 92 333
45 72 335
46 50 321
47 47 309
48 44 284
49 41 270
50 40 260
51 39 235
52 40 213
53 51 193
54 59 176
55 76 144
56 93 95
57 105 81
58 132 68
59 197 49
60 284 37
61 344 15
62 411 12
63 443 27
64 434 57
65 420 87
66 484 104
67 492 109
68 513 146
69 515 153
70 538 172
71 541 183
72 542 189
73 374 199
74 352 237
