Duration[s]: 0.0685915 Porcentaje: 0 TerminoTodo: 1
Convexos: 17 VerticesConvexos: 107
0 15 65 66 67 73 74
67 68 69 70 71 72 73
17 18 19 20 21
16 17 21
55 56 57 58 59 60 61 62 63
52 53 54 55 63 64
45 46 47 48 49
29 30 31 32 33 34 35 36
28 29 36 37
38 39 40 41 42 43
26 27 28 37 38 43
24 25 26 43 44
23 24 44 45 49
22 23 49 50 51 52
15 16 21 22 52 64 65
0 1 2 3 4 5 6 7 8 9 10 11 12
0 12 13 14 15
0 410 366
1 392 438
2 279 438
3 265 436
4 227 419
5 210 408
6 203 397
7 194 375
8 195 344
9 202 331
10 216 321
11 232 317
12 275 315
13 320 309
14 362 309
15 376 313
16 349 271
17 304 253
18 276 284
19 236 248
20 231 218
21 321 189
22 298 112
23 215 91
24 201 156
25 190 171
26 137 183
27 165 230
28 171 274
29 111 301
30 130 339
31 119 385
32 25 394
33 19 308
34 20 270
35 44 251
36 71 260
37 103 237
38 86 220
39 51 195
40 25 160
41 37 142
42 72 132
43 102 130
44 126 124
45 107 86
46 61 63
47 154 39
48 187 32
49 214 51
50 260 14
51 325 11
52 338 45
53 412 12
54 450 32
55 460 64
56 531 56
57 566 81
58 579 101
59 577 123
60 565 145
61 522 167
62 491 169
63 452 139
64 411 141
65 408 160
66 463 182
67 466 188
68 563 190
69 616 230
70 547 351
71 517 358
72 474 340
73 444 297
74 434 321
