Duration[s]: 0.0914597 Porcentaje: 0 TerminoTodo: 1
Convexos: 20 VerticesConvexos: 115
0 1 2 3 4 5
7 8 9 10 11
16 17 18 19
20 21 22 23 24 25 26
15 16 19 20 26
29 30 31 32 33 34 35 36 37 38 39
28 29 39 40
14 15 26 27 41
42 43 44 45 46 47
12 13 14 41 42 47 48
49 50 51 52 53
7 11 12 48 49 53 54
6 7 54 55
57 58 59 60
68 69 70 71
67 68 71 72
61 62 63 64 65 66 67 72 73 74
6 55 56 57 60 74
0 5 6 27 28 40 41 74
60 61 74
0 412 138
1 449 129
2 538 154
3 533 168
4 499 176
5 462 181
6 440 205
7 451 220
8 478 211
9 512 215
10 528 232
11 506 257
12 499 272
13 528 297
14 510 320
15 534 332
16 566 330
17 578 305
18 594 339
19 582 368
20 575 398
21 598 408
22 587 421
23 549 432
24 493 428
25 445 391
26 427 353
27 339 304
28 290 333
29 335 392
30 341 418
31 276 430
32 238 415
33 202 395
34 164 368
35 131 342
36 115 298
37 137 270
38 172 277
39 197 289
40 243 282
41 262 231
42 204 201
43 227 260
44 184 243
45 126 191
46 125 158
47 147 148
48 158 138
49 178 97
50 185 76
51 210 57
52 253 66
53 256 101
54 267 106
55 290 90
56 294 70
57 313 60
58 325 51
59 340 61
60 347 76
61 375 78
62 376 57
63 379 48
64 387 38
65 402 38
66 437 48
67 423 76
68 455 83
69 482 71
70 503 76
71 455 99
72 404 99
73 396 107
74 381 120
