Duration[s]: 0.0830722 Porcentaje: 0 TerminoTodo: 1
Convexos: 21 VerticesConvexos: 115
0 17 18 74
20 21 22 23 24 25 26
19 20 26 27
33 34 35 36 37 38
32 33 38 39 40 41 42 43 44
54 55 56 57 58
51 52 53 54 58 59
51 59 60
49 50 51 60 61
46 47 48 49 61 62
32 44 45 46 62 63 64
32 64 65 66
32 66 67
31 32 67 68 69
31 69 70
31 70 71 72
19 27 28 29 30 31 72 73
18 19 73 74
5 6 7 8 9 10 11 12 13 14 15
1 2 3 4 5 15 16
0 1 16 17
0 353 217
1 316 206
2 292 208
3 268 203
4 251 196
5 250 194
6 237 182
7 235 170
8 235 160
9 237 146
10 254 132
11 268 125
12 282 122
13 299 120
14 313 123
15 313 149
16 320 168
17 336 174
18 368 174
19 376 158
20 351 126
21 329 107
22 375 70
23 415 72
24 443 93
25 470 118
26 468 138
27 466 159
28 473 180
29 475 200
30 438 231
31 408 238
32 368 312
33 420 313
34 470 261
35 554 193
36 602 222
37 552 321
38 354 405
39 266 399
40 235 391
41 218 380
42 205 367
43 193 353
44 189 340
45 183 326
46 178 312
47 161 305
48 152 291
49 145 256
50 140 245
51 169 209
52 159 142
53 163 76
54 169 72
55 178 65
56 193 78
57 212 106
58 197 134
59 203 161
60 210 179
61 225 203
62 240 220
63 262 227
64 323 264
65 331 264
66 332 265
67 341 268
68 344 262
69 360 255
70 370 247
71 370 236
72 373 231
73 373 220
74 368 206
