Duration[s]: 0.0369926 Porcentaje: 0 TerminoTodo: 1
Convexos: 23 VerticesConvexos: 119
0 1 74
12 13 14 15 16 17
19 20 21 22 23 24
25 26 27 28 29
18 19 24 25 29 30
17 18 30
10 11 12 17 30
7 8 9 10 30 31
5 6 7 31
2 3 4 5 31 32 33
46 47 48 49 50
43 44 45 46 50
40 41 42 43 50 51 52
39 40 52 53 54
38 39 54 55 56
37 38 56 57
34 35 36 37 57 58
66 67 68 69
63 64 65 66 69 70 71
62 63 71 72
62 72 73
34 58 59 60 61 62 73 74
1 2 33 34 74
0 465 90
1 460 104
2 463 123
3 480 134
4 486 143
5 440 171
6 480 187
7 487 195
8 530 212
9 547 229
10 504 258
11 544 284
12 528 313
13 509 349
14 442 373
15 412 348
16 401 302
17 422 255
18 363 268
19 329 344
20 375 388
21 320 422
22 253 376
23 251 333
24 255 304
25 270 262
26 233 208
27 233 179
28 275 146
29 348 210
30 388 202
31 398 164
32 392 145
33 384 95
34 353 80
35 345 164
36 214 115
37 208 78
38 156 90
39 128 138
40 173 197
41 192 206
42 181 237
43 173 257
44 230 289
45 208 366
46 197 379
47 217 425
48 137 400
49 102 326
50 114 294
51 68 253
52 102 214
53 94 172
54 87 110
55 71 59
56 129 32
57 215 48
58 259 45
59 327 22
60 369 14
61 406 27
62 416 37
63 465 34
64 508 43
65 560 64
66 560 92
67 591 124
68 537 161
69 532 141
70 488 95
71 478 69
72 456 59
73 430 69
74 428 90
