Duration[s]: 0.117728 Porcentaje: 0 TerminoTodo: 1
Convexos: 14 VerticesConvexos: 101
0 60 61 74
63 64 65 66 67 68
62 63 68 69 70 71 72 73 74
61 62 74
1 2 3 4 5 6 7
45 46 47 48 49 50 51 52 53 54 55 56 57 58
14 15 16 17 18 19 20 21 22 23 24
12 13 14 24 25 26 27 28
11 12 28 29 30
35 36 37 38 39 40 41 42
33 34 35 42 43
9 10 11 30 31 32 33 43 44
8 9 44 45 58 59
0 1 7 8 59 60
0 567 327
1 548 336
2 507 364
3 459 377
4 407 379
5 397 345
6 435 325
7 455 317
8 422 298
9 403 299
10 360 316
11 329 326
12 310 351
13 325 364
14 330 372
15 343 382
16 342 388
17 319 400
18 263 419
19 228 418
20 184 410
21 163 402
22 132 383
23 103 353
24 91 325
25 71 289
26 68 255
27 80 229
28 103 216
29 129 191
30 146 181
31 154 164
32 163 150
33 195 129
34 214 115
35 234 108
36 260 96
37 295 89
38 334 83
39 354 81
40 392 84
41 430 107
42 402 154
43 393 172
44 440 188
45 460 164
46 458 140
47 461 116
48 490 95
49 519 84
50 535 84
51 547 91
52 566 114
53 570 139
54 570 160
55 566 175
56 533 191
57 504 203
58 469 217
59 468 245
60 476 246
61 499 241
62 518 233
63 527 223
64 531 215
65 543 207
66 561 202
67 577 206
68 587 227
69 592 237
70 595 253
71 597 271
72 598 293
73 584 307
74 573 312
