Duration[s]: 0.0703444 Porcentaje: 0 TerminoTodo: 1
Convexos: 19 VerticesConvexos: 111
0 20 21 73 74
25 26 27 28 29 30 31
23 24 25 31 32 33 34 35 36
41 42 43 44 45 46 47
52 53 54 55
51 52 55 56 57 58 59
61 62 63 64 65 66 67
60 61 67 68
50 51 59 60 68 69
49 50 69 70
48 49 70 71 72
22 23 36 37 38 39 40 41 47 48 72
21 22 72 73
5 6 7 8 9 10 11
4 5 11 12
3 4 12 13 14
2 3 14 15 16
17 18 19
0 1 2 16 17 19 20
0 135 84
1 119 108
2 86 125
3 112 162
4 169 181
5 198 162
6 213 148
7 272 183
8 272 207
9 233 241
10 179 262
11 152 266
12 102 239
13 68 196
14 67 159
15 20 131
16 53 94
17 85 67
18 103 39
19 131 31
20 151 46
21 181 62
22 234 59
23 252 53
24 259 50
25 287 48
26 319 43
27 364 43
28 401 45
29 440 53
30 470 65
31 491 85
32 510 99
33 524 112
34 534 130
35 537 143
36 537 162
37 538 189
38 536 227
39 535 240
40 523 256
41 498 283
42 485 302
43 468 326
44 454 339
45 426 352
46 411 320
47 418 260
48 364 224
49 334 286
50 332 314
51 382 380
52 473 394
53 547 313
54 575 349
55 494 421
56 420 438
57 370 441
58 316 415
59 322 376
60 261 346
61 221 370
62 231 423
63 231 432
64 153 416
65 136 397
66 139 362
67 188 324
68 224 305
69 258 274
70 290 254
71 291 225
72 298 163
73 218 137
74 156 104
