Duration[s]: 0.143638 Porcentaje: 0 TerminoTodo: 1
Convexos: 17 VerticesConvexos: 107
0 6 7 69 70 74
0 1 2 3 4 5 6
19 20 21
12 13 14 15 16 17 18 19 21 22 23 24 25
10 11 12 25 26
8 9 10 26 27 28 29
34 35 36 37 38 39
32 33 34 39 40
43 44 45 46 47 48 49 50
41 42 43 50 51
31 32 40 41 51
30 31 51 52
7 8 29 30 52 53
58 59 60
55 56 57 58 60 61 62
7 53 54 55 62 63 64 65 66 67 68 69
70 71 72 73 74
0 154 99
1 171 73
2 234 64
3 270 70
4 259 117
5 250 141
6 211 152
7 264 219
8 321 206
9 268 139
10 383 135
11 376 124
12 376 94
13 366 66
14 387 52
15 406 48
16 418 48
17 453 51
18 469 54
19 476 57
20 493 63
21 497 67
22 516 82
23 519 85
24 529 104
25 529 111
26 530 138
27 531 156
28 530 174
29 510 207
30 499 228
31 500 254
32 508 266
33 519 274
34 529 284
35 569 304
36 571 337
37 551 350
38 531 354
39 523 354
40 500 359
41 454 384
42 473 419
43 428 425
44 396 430
45 373 430
46 339 420
47 315 391
48 314 368
49 366 334
50 381 346
51 409 311
52 376 265
53 337 273
54 326 302
55 309 313
56 297 321
57 264 328
58 225 329
59 208 330
60 196 329
61 157 327
62 133 312
63 104 298
64 91 276
65 84 247
66 88 224
67 94 195
68 103 188
69 120 180
70 121 151
71 101 147
72 87 129
73 111 98
74 123 95
