Duration[s]: 0.121119 Porcentaje: 0 TerminoTodo: 1
Convexos: 16 VerticesConvexos: 105
0 54 74
60 61 62 63 64 65 66 67 68 69 70
60 70 71
58 59 60 71 72
55 56 57 58 72 73
54 55 73 74
0 1 2 3 4
0 4 5 6
13 14 15 16 17
8 9 10 11 12 13 17 18 19
24 25 26 27 28 29 30 31 32 33 34 35 36 37 38 39 40
20 21 22 23 24 40 41
43 44 45 46 47 48 49 50 51
42 43 51 52 53
7 8 19 20 41 42 53 54
0 6 7 54
0 192 174
1 302 122
2 336 119
3 346 157
4 313 164
5 303 175
6 280 199
7 325 214
8 356 211
9 368 159
10 414 113
11 455 83
12 491 79
13 519 99
14 568 80
15 590 111
16 570 145
17 530 167
18 533 190
19 473 234
20 506 245
21 540 238
22 565 236
23 568 264
24 548 293
25 591 300
26 594 304
27 597 315
28 599 347
29 599 354
30 589 364
31 571 380
32 561 388
33 548 394
34 511 403
35 485 409
36 461 410
37 423 410
38 374 396
39 332 382
40 280 363
41 206 351
42 149 370
43 149 385
44 225 415
45 253 430
46 239 438
47 181 449
48 152 444
49 110 421
50 86 401
51 74 378
52 71 343
53 91 316
54 90 281
55 84 266
56 73 255
57 68 241
58 64 221
59 49 184
60 47 166
61 56 125
62 75 96
63 126 66
64 207 70
65 216 85
66 217 106
67 217 123
68 212 139
69 206 141
70 191 144
71 173 148
72 167 153
73 166 163
74 170 167
