Duration[s]: 0.0680997 Porcentaje: 0 TerminoTodo: 1
Convexos: 23 VerticesConvexos: 119
0 1 74
8 9 10 11
7 8 11
12 13 14 15
6 7 11 12 15 16
5 6 16 17 18 19 20
22 23 24 25 26
41 42 43 44 45
40 41 45 46 47 48
39 40 48 49 50
53 54 55 56 57 58 59 60 61
52 53 61 62 63
51 52 63 64 65
38 39 50 51 65 66
36 37 38 66 67
34 35 36 67 68
34 68 69 70 71
31 32 33 34 71 72
30 31 72
28 29 30 72
27 28 72 73
4 5 20 21 22 26 27 73
1 2 3 4 73 74
0 324 227
1 301 214
2 271 199
3 277 166
4 341 161
5 257 122
6 179 171
7 191 243
8 311 268
9 300 314
10 124 301
11 165 273
12 127 222
13 76 204
14 92 184
15 121 173
16 143 147
17 143 103
18 159 72
19 261 36
20 280 54
21 385 56
22 425 62
23 456 46
24 512 49
25 515 76
26 477 106
27 477 120
28 525 157
29 567 176
30 545 192
31 542 220
32 570 246
33 585 272
34 565 304
35 562 324
36 555 353
37 551 378
38 501 413
39 505 429
40 552 436
41 575 406
42 602 325
43 639 289
44 625 353
45 588 409
46 589 441
47 588 451
48 571 469
49 512 479
50 481 471
51 400 408
52 292 398
53 213 439
54 189 443
55 162 436
56 115 401
57 99 370
58 93 347
59 118 345
60 165 348
61 208 372
62 225 342
63 279 349
64 303 337
65 380 351
66 413 346
67 418 320
68 409 272
69 387 247
70 433 205
71 475 224
72 459 176
73 403 167
74 370 194
