493 315
481 336
489 367
447 372
425 339
427 334
383 339
395 373
407 405
361 424
336 414
325 400
326 372
326 361
302 348
275 348
267 366
258 384
241 389
217 388
205 374
202 356
217 352
219 337
202 300
182 287
162 270
159 247
154 214
145 205
144 195
112 170
85 144
87 118
87 91
61 59
86 53
114 60
138 81
167 85
199 89
226 54
232 51
263 80
268 108
236 115
227 116
231 137
239 148
243 160
240 177
247 186
255 191
274 204
287 214
289 216
296 225
307 228
337 236
350 241
350 262
349 265
347 269
389 232
361 201
406 184
408 169
417 139
409 124
420 105
453 95
471 140
503 132
528 93
541 90
566 124
560 148
517 162
516 172
537 202
549 218
558 235
570 272
569 287
537 304
527 307
537 317
534 329
539 354
561 375
576 381
591 393
587 405
580 409
527 404
500 393
499 366
517 359
502 328
500 307
