593 375
594 395
588 399
566 408
541 411
512 406
484 386
474 350
504 319
532 291
465 256
426 276
403 297
403 331
412 360
431 390
429 407
363 426
321 426
286 407
260 391
243 373
240 349
223 319
191 308
177 318
177 342
202 380
204 389
110 412
63 391
54 349
66 308
133 314
135 280
131 239
89 184
138 147
194 130
246 169
223 191
287 216
291 245
277 270
293 285
321 279
333 252
360 228
378 230
402 206
426 187
424 166
408 153
361 152
297 144
279 127
195 83
135 108
94 102
65 142
42 93
60 41
93 54
117 53
188 29
221 28
253 50
286 56
332 40
365 43
407 44
440 74
438 94
453 128
464 134
512 101
507 71
550 100
467 152
525 155
569 157
589 180
595 203
574 211
536 216
509 215
560 248
602 220
609 236
598 254
583 264
602 267
602 276
600 296
599 313
615 319
627 331
607 345
607 362
603 367
