560 461
520 468
500 462
480 448
464 429
440 409
423 407
406 415
404 429
396 442
367 451
342 450
329 430
324 411
284 378
247 378
240 410
229 429
204 431
147 411
122 398
115 380
116 364
144 357
176 342
230 316
165 278
143 298
122 308
107 242
100 216
175 256
203 249
233 251
221 215
197 195
154 186
120 167
60 152
65 191
63 211
53 200
43 158
30 136
55 126
91 113
111 98
130 91
181 133
185 131
204 117
203 106
212 75
240 80
254 105
240 120
302 109
294 84
355 104
387 146
383 168
359 179
340 216
343 227
354 242
330 258
327 275
385 307
424 296
418 255
391 216
478 249
500 225
451 160
428 179
429 198
403 165
407 121
418 112
408 91
387 88
365 92
355 52
386 44
433 51
458 51
516 53
536 126
544 180
573 238
571 267
542 289
540 296
539 328
547 337
580 365
579 376
558 400
549 412
551 430
