205 91
204 86
210 79
219 74
222 72
232 70
238 71
243 72
250 75
257 82
261 83
265 88
275 90
281 91
290 90
294 85
295 76
303 69
310 65
341 54
358 57
361 71
369 88
392 96
403 98
396 110
399 128
413 142
424 159
450 176
472 192
472 213
469 238
452 268
478 293
480 304
440 334
477 362
476 375
469 401
451 410
409 414
399 409
398 380
369 351
362 336
293 304
288 282
317 243
365 233
325 179
287 195
302 222
237 225
234 251
238 276
226 301
253 323
271 336
271 351
248 363
178 374
180 409
128 429
102 406
103 393
121 380
126 352
129 325
154 318
155 283
153 265
161 251
164 239
135 215
128 261
102 292
84 278
73 258
73 238
116 226
106 214
104 197
94 171
71 171
43 161
42 153
35 130
35 125
36 118
50 98
66 85
98 65
100 64
115 63
133 64
146 66
151 98
151 117
177 125
