273 91
291 79
310 69
347 66
376 67
396 73
426 91
456 112
469 129
474 150
475 166
475 193
468 207
456 226
454 244
440 246
411 244
378 242
343 253
318 263
285 282
272 295
268 361
283 370
324 381
381 384
441 362
476 327
540 301
618 296
624 325
566 351
544 373
574 401
556 416
464 406
441 394
375 435
310 434
268 411
230 393
142 351
185 333
162 288
158 259
180 231
199 240
224 267
257 246
273 223
302 200
322 203
343 201
317 160
263 204
236 207
215 185
219 150
220 146
183 145
156 171
154 204
124 219
106 230
116 261
117 272
110 289
108 321
111 340
115 356
146 379
173 398
166 418
137 421
99 397
95 368
71 354
89 314
72 290
62 274
61 238
82 219
84 212
107 185
97 168
62 148
43 131
43 97
69 83
93 95
118 95
145 83
147 64
183 37
199 41
202 46
233 42
243 40
274 62
263 68
