478 225
451 238
448 250
466 262
490 263
492 237
522 234
530 250
528 261
502 275
514 291
520 298
540 308
544 324
546 336
546 357
532 379
509 388
475 392
444 392
422 387
400 374
388 358
381 344
380 318
380 295
370 264
333 256
303 290
299 328
307 339
311 359
284 380
266 384
239 384
212 376
200 363
176 344
152 324
150 305
146 280
147 238
202 220
244 228
264 240
293 215
247 172
243 172
204 195
193 192
151 139
155 106
105 99
93 85
138 58
165 58
205 105
205 115
247 104
226 75
239 65
277 56
302 59
348 51
382 80
337 118
343 127
367 146
379 147
398 124
400 111
393 99
390 83
402 74
422 77
423 59
438 16
461 30
449 65
447 82
485 93
488 67
499 60
509 50
529 55
559 80
561 99
543 109
532 115
532 136
536 144
565 153
569 158
557 174
595 208
594 220
592 246
580 260
554 254
519 213
