77 72
127 58
166 42
195 41
222 44
252 61
253 82
282 92
316 102
335 91
347 80
399 72
421 89
400 122
450 120
494 100
523 96
520 128
536 136
571 146
559 181
548 216
561 222
564 228
569 261
591 280
613 294
618 340
621 351
613 388
613 406
609 412
590 426
563 445
549 452
522 460
470 468
447 476
428 472
398 453
377 439
351 408
317 390
296 407
303 428
307 439
310 448
298 452
285 458
269 463
215 464
201 464
159 455
133 423
122 383
120 353
128 340
143 326
170 316
205 310
230 306
250 298
254 279
248 270
244 260
242 245
272 214
273 207
273 183
219 183
186 198
197 244
207 250
192 270
171 271
143 268
109 271
96 293
90 311
102 328
81 367
78 367
39 341
25 315
30 294
58 276
59 247
50 223
50 208
38 197
58 163
58 143
51 128
49 126
43 91
43 85
44 61
46 52
57 47
65 44
