549 308
523 329
523 350
517 363
429 383
424 377
400 388
374 400
365 405
362 407
353 416
334 429
301 435
260 430
250 414
239 399
232 380
260 358
254 331
245 315
238 282
257 239
238 207
238 187
224 174
192 149
178 147
195 222
172 235
153 253
184 281
168 303
163 332
169 358
158 380
182 398
213 405
239 442
290 452
346 460
351 479
270 479
196 457
165 430
147 430
151 455
142 471
87 438
65 404
80 384
55 358
55 327
81 312
79 295
68 260
60 247
54 238
47 220
47 181
56 166
77 142
93 130
122 113
159 91
192 79
223 72
279 73
311 79
347 92
362 107
368 144
367 174
360 187
402 171
401 140
402 100
395 73
422 59
445 50
479 46
504 46
522 61
542 76
553 87
554 115
551 136
551 149
574 176
558 197
579 225
595 237
593 249
583 280
588 295
586 331
540 369
525 345
528 335
535 333
542 328
