486 297
445 283
424 282
412 301
440 320
466 330
465 358
422 374
376 365
370 342
346 340
344 355
347 371
348 386
324 396
272 397
232 395
211 363
213 347
214 331
226 321
237 313
249 289
209 266
207 289
204 312
192 318
173 331
115 319
100 306
80 285
76 260
74 243
101 198
118 178
130 174
160 189
171 199
187 217
206 203
176 177
176 168
175 152
181 135
230 128
236 128
211 103
209 97
184 86
184 85
182 82
188 63
198 58
219 65
262 85
267 97
267 110
283 117
301 104
302 79
306 74
335 54
348 58
379 87
393 80
416 57
428 46
435 83
408 101
402 132
431 149
463 119
463 95
492 81
476 134
482 142
515 150
542 120
562 149
534 167
533 201
542 217
541 235
566 279
578 292
559 327
561 341
567 360
582 393
583 413
580 436
575 438
567 441
524 444
496 442
483 429
469 408
502 390
493 367
494 350
