142 168
86 204
139 254
167 216
163 197
174 174
194 164
205 171
205 192
201 206
203 209
207 221
207 245
205 264
178 278
169 283
168 294
171 310
172 330
184 336
194 339
219 327
232 309
244 299
267 270
271 238
265 219
255 209
250 192
238 170
243 141
256 125
287 114
299 145
313 151
329 161
377 136
381 114
402 80
454 65
461 76
462 95
467 103
486 112
505 104
510 97
527 99
523 133
547 141
559 147
549 178
568 189
568 207
561 225
573 235
566 256
568 284
570 297
570 323
569 353
491 369
448 289
391 256
371 304
382 333
491 405
513 419
522 431
487 457
446 458
406 427
294 403
258 408
229 431
169 453
115 413
68 347
68 325
66 321
52 308
50 288
51 269
36 249
48 228
52 200
52 171
56 147
58 123
94 74
107 88
144 94
172 102
202 78
246 35
266 34
278 46
270 72
231 88
199 112
193 130
