59 281
59 268
63 246
66 215
87 195
104 190
110 201
110 230
124 232
155 206
134 185
130 175
140 145
165 143
177 165
180 189
215 185
220 165
214 143
229 121
264 109
280 120
279 144
282 149
312 142
313 121
325 112
356 100
393 91
413 92
427 96
430 102
439 116
439 132
426 144
423 150
423 161
427 172
443 173
460 175
480 182
502 182
515 192
512 205
502 217
505 232
536 250
514 266
538 280
539 282
527 293
544 320
547 340
549 354
525 376
503 388
468 385
447 365
493 344
486 320
458 295
436 277
429 263
424 230
394 230
364 256
368 278
374 298
402 330
402 352
388 377
384 380
360 387
304 409
222 425
205 428
184 430
170 431
161 430
137 424
121 417
114 413
108 409
104 406
86 391
85 388
83 383
81 377
79 372
77 368
74 365
72 361
69 352
68 351
67 346
64 342
61 337
55 326
52 319
48 305
