148 149
158 116
180 85
211 74
231 73
242 72
255 85
255 95
254 105
254 123
262 129
253 144
279 143
330 117
331 91
346 76
387 61
416 73
459 115
462 138
449 174
422 195
365 222
348 217
318 192
308 175
289 172
274 200
274 223
289 264
355 239
408 226
474 195
543 164
565 193
594 224
623 280
639 330
639 373
626 405
556 394
520 336
522 275
408 348
445 398
472 412
311 364
337 328
318 299
284 317
292 380
309 394
261 407
256 411
244 415
211 429
210 429
193 424
181 420
150 409
148 406
132 393
92 373
90 371
93 336
101 328
127 337
179 356
190 344
174 311
124 277
92 238
79 194
52 141
34 100
38 57
61 30
110 24
162 31
224 33
246 39
179 44
123 46
99 60
105 89
120 114
110 133
109 162
121 179
148 202
157 209
176 219
215 190
209 162
190 135
181 159
194 163
191 179
171 184
164 184
