410 383
394 396
374 405
335 409
325 409
280 404
254 397
248 394
204 380
186 369
170 368
196 382
209 392
233 414
219 423
187 425
129 417
104 401
92 380
91 356
93 338
102 327
132 305
143 293
139 275
137 255
128 235
121 205
146 130
148 116
210 89
225 87
224 148
218 158
222 169
239 157
240 121
241 96
274 79
332 65
437 70
380 84
352 110
455 139
397 153
549 165
568 108
584 64
608 42
638 96
612 141
584 162
606 186
538 237
434 219
428 226
439 273
503 291
521 279
603 255
603 268
574 298
537 323
537 341
551 363
559 371
567 395
566 408
501 428
488 438
489 450
448 453
441 447
398 438
392 464
377 469
374 479
310 479
274 474
264 475
239 461
214 452
261 438
274 437
298 448
302 448
319 434
332 431
333 437
354 428
366 421
373 419
376 418
388 413
394 411
410 410
433 411
436 411
442 390
442 360
