90 109
100 91
101 75
125 64
129 71
127 103
129 112
152 110
151 97
153 79
165 71
172 67
184 62
194 56
208 50
224 43
245 34
297 16
336 11
366 11
409 33
386 59
381 85
432 116
450 105
481 95
499 113
487 147
482 156
473 185
498 185
528 164
547 164
544 195
522 207
480 221
441 219
392 195
372 192
315 232
296 248
256 197
245 144
294 118
323 112
261 76
223 137
182 173
171 204
235 239
326 288
366 241
419 248
422 312
462 280
481 253
542 244
567 261
516 303
530 359
541 388
512 414
418 411
390 351
337 343
306 375
337 393
339 413
318 421
288 397
257 374
283 330
245 314
219 308
190 326
200 371
148 377
138 373
127 347
148 326
177 305
165 284
156 270
117 243
90 256
91 280
74 317
50 293
59 267
31 224
44 209
71 214
92 214
109 203
100 183
90 184
72 185
65 173
65 150
53 124
