596 200
565 208
568 223
574 228
575 231
566 253
567 262
597 289
599 295
585 307
574 317
549 327
511 353
516 358
531 365
542 365
578 371
593 379
603 390
612 412
611 413
603 443
586 443
559 447
499 461
469 460
416 444
407 438
390 420
389 409
390 389
394 383
435 369
444 361
444 336
370 316
366 335
368 365
352 372
336 377
328 396
328 409
339 417
348 432
347 451
312 460
299 463
266 459
243 454
223 444
204 434
182 413
168 390
165 379
165 357
170 327
189 314
221 300
255 294
277 294
294 297
316 260
247 249
137 274
123 348
126 404
48 400
72 340
103 298
78 267
125 229
193 219
178 200
104 172
247 181
231 170
113 98
29 77
168 79
276 112
271 96
172 51
244 44
349 68
348 110
377 155
282 143
242 127
279 158
356 201
373 211
314 205
307 213
390 249
407 267
423 272
419 218
378 175
406 162
428 156
