279 33
296 42
288 63
272 87
265 95
263 117
261 128
264 144
275 160
286 163
311 163
331 161
331 147
326 135
320 129
307 108
306 97
306 83
312 65
335 53
347 47
368 40
383 37
406 33
429 41
429 64
417 78
441 95
493 87
549 70
565 71
582 79
593 116
587 136
506 148
519 193
537 209
546 232
552 241
553 266
536 302
524 310
498 314
478 313
457 306
447 299
434 282
403 248
401 238
385 226
359 222
333 241
329 262
361 274
337 299
295 307
233 262
303 245
267 210
177 240
228 308
242 319
311 337
382 326
390 316
445 365
566 366
585 384
590 400
581 427
534 440
496 439
470 434
453 449
431 460
410 461
387 459
352 456
333 446
296 428
268 411
238 386
213 385
182 380
150 377
116 374
92 346
92 321
125 302
122 270
105 233
118 217
103 187
110 144
129 129
144 116
158 101
174 90
194 75
236 48
