141 237
122 210
108 181
101 158
101 144
105 129
113 120
127 108
147 95
195 76
238 68
265 91
276 111
296 142
337 154
339 134
332 100
350 76
394 70
411 88
418 114
451 120
500 81
532 94
543 123
558 162
596 189
549 223
550 240
550 264
553 292
557 303
565 316
555 333
540 377
569 395
483 421
468 405
490 365
450 343
412 362
402 398
414 420
418 471
377 479
355 466
343 433
342 411
310 396
296 384
287 411
269 421
267 426
239 428
236 428
226 433
216 437
211 438
202 437
191 438
187 437
169 434
154 426
151 420
158 410
182 400
188 392
200 390
214 380
172 356
132 364
125 374
126 401
113 421
88 407
76 393
99 376
91 354
48 332
73 327
71 315
69 282
54 258
52 245
52 218
57 196
78 204
78 241
105 259
101 291
124 305
139 312
142 296
165 298
182 323
195 308
193 283
177 282
157 283
131 269
