428 405
426 369
401 348
356 362
349 379
362 414
346 438
273 442
255 438
228 420
221 389
215 365
219 346
251 325
278 314
321 295
359 295
387 304
385 274
345 231
319 238
308 251
278 270
258 270
187 289
178 298
179 332
178 363
201 393
201 403
148 431
71 405
85 383
119 350
104 327
65 298
67 261
88 239
123 248
129 257
184 230
179 204
162 193
156 186
115 164
102 148
98 120
111 102
128 92
149 87
185 92
236 123
251 103
236 89
195 55
123 71
121 25
170 12
222 22
255 54
271 54
318 16
330 34
331 64
363 89
376 126
430 80
442 63
474 73
469 134
468 164
501 101
513 90
523 96
529 101
571 89
589 107
559 166
559 191
507 210
467 229
458 202
418 198
470 248
498 272
545 249
560 228
571 224
626 202
610 250
590 271
586 288
591 296
591 314
564 327
531 317
503 310
486 325
486 371
467 377
