350 260
361 272
328 289
326 295
387 319
385 329
390 346
345 367
342 379
341 394
280 394
267 378
281 359
284 333
247 296
257 278
227 291
215 317
214 342
214 368
219 396
227 410
154 398
130 376
100 359
93 324
121 312
132 282
184 294
187 258
168 220
138 236
122 238
81 217
49 193
48 174
53 127
85 128
98 138
138 152
147 152
149 138
136 118
110 99
108 85
122 57
141 50
153 44
178 40
201 40
226 44
250 54
273 70
283 90
286 107
278 123
250 128
226 129
183 130
200 155
222 161
243 155
255 140
278 131
315 124
343 112
351 121
357 69
399 62
439 67
473 108
473 128
443 151
384 156
382 181
339 187
313 186
311 208
345 204
367 197
391 203
445 184
465 158
500 139
524 135
543 156
555 209
560 236
560 261
548 293
518 336
538 355
499 395
436 391
404 359
436 330
411 294
386 288
378 259
357 243
