572 337
559 355
537 355
524 334
526 318
533 311
498 297
507 287
506 265
531 243
501 224
476 231
455 227
508 185
447 167
443 163
463 131
434 127
403 122
382 138
382 159
393 175
313 156
356 132
348 103
325 91
292 120
285 145
248 175
319 198
328 206
349 227
380 256
433 306
470 337
485 364
460 394
402 416
373 410
382 366
346 349
350 409
342 435
299 445
274 437
253 427
222 395
202 365
236 313
269 307
294 289
289 258
257 257
227 267
191 272
178 314
169 333
124 343
163 374
144 398
83 385
112 339
85 303
131 262
134 243
108 218
75 169
101 151
142 172
147 142
117 114
99 93
102 84
144 77
155 76
183 106
184 121
210 126
224 118
224 89
236 87
262 88
268 85
277 76
295 67
302 56
338 49
347 48
357 54
374 87
400 93
408 76
409 70
431 67
532 160
565 168
573 226
570 251
626 289
600 303
