274 164
288 160
304 134
306 109
317 93
326 83
345 77
360 87
359 113
370 117
391 100
402 85
429 78
468 93
443 113
481 125
411 136
495 158
477 181
519 195
517 217
510 236
516 259
518 280
536 310
498 341
494 358
498 380
428 392
433 376
422 344
419 304
414 286
408 257
414 239
424 214
411 185
379 174
352 237
317 276
327 315
330 358
298 407
250 417
196 412
149 414
118 410
110 389
84 362
129 332
118 306
104 272
81 235
63 215
47 194
33 173
24 137
44 107
54 99
65 94
72 62
102 35
114 35
164 52
172 65
162 92
160 112
163 130
168 152
172 177
191 202
160 237
182 258
186 268
194 284
230 284
279 281
280 269
259 245
246 235
213 205
217 197
217 174
223 142
198 128
201 99
203 77
213 70
230 53
254 48
281 63
286 89
280 103
276 110
263 116
257 126
255 139
255 148
256 177
248 183
