596 321
587 324
577 335
560 343
559 351
560 368
561 381
562 387
563 397
547 413
514 418
472 396
453 402
429 417
423 429
423 436
382 450
371 441
365 436
350 430
322 413
290 422
282 427
273 432
259 435
252 436
241 435
229 432
213 424
196 417
182 403
166 385
163 377
158 332
157 319
185 299
204 284
179 226
131 214
103 296
44 277
84 256
77 224
79 191
35 167
55 149
68 140
64 125
72 95
85 78
111 71
108 106
115 108
138 96
141 82
144 77
174 53
215 41
249 25
273 21
288 18
313 18
351 26
373 34
382 40
418 53
427 59
437 66
456 83
461 88
466 106
488 138
461 160
443 167
419 171
414 166
393 144
387 134
336 143
363 179
374 204
396 200
408 209
418 214
451 199
464 191
489 169
513 152
533 145
540 143
545 143
566 160
571 166
576 179
575 198
563 209
553 220
556 243
565 246
570 247
