238 63
219 63
206 57
161 49
144 58
126 75
150 102
163 103
178 107
190 119
184 133
181 139
155 140
142 141
120 139
105 131
86 116
68 94
68 80
70 61
74 47
83 38
105 39
132 42
166 49
195 52
212 46
219 44
231 42
252 45
256 47
260 50
277 53
302 50
338 41
352 40
358 40
374 36
399 31
422 31
465 46
479 61
463 87
435 109
395 127
375 154
370 179
371 206
375 208
385 215
417 215
448 201
471 182
514 161
548 154
555 164
473 203
461 223
464 229
483 257
506 291
496 301
485 359
490 374
524 387
512 405
485 423
449 439
402 462
386 455
359 410
335 413
311 413
295 437
275 449
264 457
239 464
227 465
196 459
185 459
159 447
121 425
107 411
91 382
92 345
81 301
84 286
98 268
110 218
173 219
173 247
196 254
221 240
218 220
218 211
231 195
241 193
238 151
224 144
222 126
