289 331
308 335
334 348
340 371
339 396
337 404
304 422
279 425
241 422
205 405
192 373
191 345
199 330
211 319
193 291
139 297
139 336
148 359
184 396
240 434
259 475
193 479
122 479
70 476
63 448
68 424
100 434
132 422
115 393
59 374
58 343
79 307
73 287
89 246
48 204
8 158
36 140
58 118
79 85
130 41
214 27
227 42
232 77
237 100
301 99
302 71
295 57
311 45
359 35
409 32
443 33
473 39
504 63
512 82
526 117
514 134
513 155
528 177
533 188
550 192
557 199
568 219
574 224
576 232
577 249
577 272
573 304
571 309
562 327
527 363
503 384
475 406
470 410
454 417
411 428
388 436
375 454
379 455
379 462
348 475
331 478
326 449
328 423
348 413
389 389
387 370
385 344
362 338
339 326
311 276
306 263
292 262
275 260
266 260
264 263
265 267
270 274
278 283
281 293
281 302
