354 236
353 260
361 273
386 273
461 249
422 243
385 198
413 170
442 152
483 159
486 189
500 201
522 224
484 265
489 289
495 305
458 344
483 364
496 369
503 377
503 411
463 433
409 437
381 420
374 400
346 394
323 402
321 423
303 438
237 437
206 425
184 416
179 377
206 364
207 340
177 302
107 287
122 338
109 365
106 392
109 405
39 397
42 362
53 341
55 320
85 284
71 240
61 217
78 175
119 140
150 168
168 222
235 191
227 179
195 159
142 114
136 102
99 126
87 134
77 138
70 138
66 136
48 121
45 111
45 95
44 85
49 75
59 69
85 57
98 52
104 52
152 81
170 89
204 78
236 62
249 59
268 61
280 87
281 107
337 94
365 53
417 43
442 44
487 70
516 90
525 108
526 136
527 166
583 212
599 262
578 290
524 303
517 303
517 292
521 274
528 258
547 210
471 133
387 154
357 186
