132 120
130 97
149 77
163 76
182 78
210 93
219 107
219 131
211 150
197 157
164 164
143 165
144 179
168 204
192 204
221 189
224 179
260 159
263 143
240 123
231 111
228 97
258 72
307 57
361 56
357 78
333 98
367 119
386 145
414 132
398 103
380 81
398 53
452 48
456 74
476 78
513 48
558 62
550 95
523 117
568 153
524 177
454 193
478 198
543 209
574 222
608 239
563 267
528 269
483 253
445 266
436 302
482 322
531 296
581 288
599 317
613 358
600 386
530 415
462 428
399 419
362 399
337 352
314 332
337 283
261 299
290 370
333 393
336 411
354 424
322 443
295 449
275 447
241 398
216 377
190 387
200 423
220 429
210 442
199 435
128 413
144 377
146 358
135 321
101 345
61 337
52 304
109 285
125 278
107 248
83 222
48 200
93 175
95 164
75 143
67 113
73 86
105 86
99 99
100 118
