450 278
446 314
416 349
354 341
349 355
369 409
422 423
447 422
472 432
472 459
439 469
371 467
332 447
331 395
276 359
242 355
223 386
227 416
141 414
127 362
191 339
176 313
180 275
131 244
125 237
116 195
128 157
174 147
196 162
214 164
240 134
205 109
155 96
135 72
127 60
33 125
38 149
51 191
66 244
107 294
97 318
55 331
54 261
28 235
26 212
33 188
25 145
18 110
54 62
146 36
192 15
222 35
254 64
308 47
334 28
379 23
381 60
400 67
431 75
490 78
505 89
522 114
525 118
532 121
545 140
546 156
549 168
572 179
590 190
580 213
556 237
561 251
563 266
571 287
592 320
596 334
602 348
607 369
611 391
613 405
613 417
601 428
571 438
551 439
515 443
486 432
465 419
432 396
427 383
439 364
457 349
462 346
485 338
494 332
491 306
481 295
465 275
463 260
443 251
427 263
