108 327
81 292
74 264
74 242
80 223
100 200
134 171
188 135
227 122
226 136
218 165
218 196
213 228
211 265
211 314
206 349
213 351
245 342
270 340
319 330
386 322
363 303
329 284
289 266
247 237
296 213
329 201
295 165
273 144
268 116
277 84
316 64
388 51
448 61
494 97
497 165
457 211
418 243
405 259
458 271
514 271
535 236
525 197
525 131
570 108
600 120
636 157
639 191
616 220
585 242
561 252
554 263
558 272
561 293
605 309
619 317
619 337
620 373
620 393
589 412
581 415
527 386
528 357
480 337
447 372
473 393
484 401
486 439
448 449
431 450
373 426
338 384
313 378
312 422
302 432
275 429
258 414
237 389
182 395
197 419
199 437
162 455
138 452
126 450
91 422
70 404
68 369
65 364
53 355
44 344
15 309
23 284
44 289
55 299
61 308
75 316
81 331
87 337
112 350
124 338
