152 69
224 67
242 84
229 120
204 127
168 112
169 106
93 120
201 201
214 201
242 204
249 183
279 155
313 136
302 123
292 115
276 102
284 81
342 100
390 114
397 103
351 64
299 51
303 37
365 30
400 68
430 81
502 57
523 78
493 114
581 147
553 199
559 217
489 204
476 174
426 161
435 206
435 224
424 246
481 262
522 237
562 226
575 253
514 270
577 311
584 331
584 355
587 388
591 408
545 403
550 420
549 445
528 459
476 444
438 405
438 381
444 349
379 333
390 387
301 374
313 352
326 329
332 299
347 280
342 260
331 211
302 215
297 249
294 263
285 303
279 317
294 345
282 359
279 369
284 383
347 400
363 418
376 452
357 455
331 460
287 459
284 437
265 420
247 420
235 450
206 435
206 403
188 386
182 380
171 363
172 329
172 316
138 289
135 300
128 324
117 368
144 390
177 411
132 422
99 414
89 387
87 358
77 331
72 305
61 288
66 261
86 245
70 226
40 207
34 187
49 162
45 152
41 121
40 98
54 86
84 66
87 45
106 29
155 28
158 34
171 48
159 56
138 44
131 48
134 65
