147 94
172 75
192 71
208 65
218 68
220 72
250 83
260 91
261 105
261 120
258 129
242 140
220 149
198 151
175 145
157 144
156 157
176 195
226 202
204 178
267 193
295 222
346 217
320 189
312 183
299 174
289 154
286 142
283 120
291 101
309 89
317 86
334 85
369 86
391 90
409 100
419 120
419 135
397 177
369 184
370 197
397 214
414 215
445 181
446 146
463 115
490 102
544 111
573 124
588 147
592 178
582 206
563 230
512 256
486 242
461 231
433 254
436 272
443 276
472 287
507 264
570 302
576 324
576 349
557 374
472 432
460 435
447 434
425 430
419 428
408 422
407 413
402 399
400 376
408 370
417 369
418 336
377 318
372 319
333 335
311 343
303 363
314 373
340 378
355 390
361 399
352 423
346 427
282 434
275 433
246 425
217 416
216 413
194 402
186 391
160 370
160 360
150 319
152 316
161 308
176 277
157 239
152 236
139 244
122 259
120 278
119 295
93 328
72 310
60 297
40 263
39 260
41 236
44 222
46 197
47 193
50 183
55 172
63 162
71 151
77 143
94 126
102 120
119 100
127 83
