468 329
492 343
504 320
511 315
551 319
555 328
515 349
497 352
500 369
528 386
529 407
492 430
429 434
402 413
383 383
370 359
402 341
397 312
315 303
311 327
324 368
348 384
353 403
323 425
256 428
166 408
136 388
121 359
126 310
147 300
159 289
182 282
193 277
206 272
223 280
229 294
245 293
269 286
260 271
212 244
152 227
140 245
129 269
48 263
0 201
75 191
83 192
154 184
153 164
78 139
50 133
12 107
70 103
140 127
150 134
153 112
160 95
164 90
199 95
236 111
265 134
260 151
180 167
166 162
168 187
204 202
243 209
262 209
262 167
283 153
302 110
297 109
271 69
239 64
219 70
188 69
158 62
157 36
175 23
220 30
242 44
278 36
320 31
352 48
399 29
451 38
474 51
482 63
532 72
551 89
548 107
550 121
568 146
525 176
488 184
396 174
388 157
341 175
338 185
386 199
419 209
443 207
476 195
518 196
527 192
548 183
582 180
596 196
580 215
589 241
591 263
590 280
590 294
608 343
616 359
621 374
622 399
606 419
577 421
553 361
569 325
543 282
490 291
474 300
482 313
