513 301
514 324
506 333
496 344
482 357
464 369
439 378
409 383
384 386
373 386
342 380
313 372
293 364
274 352
266 343
257 332
252 323
246 312
244 302
243 282
241 265
240 251
245 242
261 226
283 209
298 195
303 185
320 171
342 161
355 157
370 155
391 154
415 150
433 153
450 160
481 177
493 186
501 202
509 212
521 183
516 173
519 157
536 142
545 140
552 152
552 176
553 189
553 236
552 253
559 269
565 279
567 298
556 318
561 324
550 341
557 378
565 379
573 398
576 406
576 418
555 434
534 443
519 448
485 449
457 451
437 450
372 425
358 425
334 447
331 453
326 456
293 452
265 442
241 439
231 453
217 461
189 467
161 469
139 463
132 437
105 419
99 430
49 439
44 428
36 384
61 362
72 332
59 242
41 229
40 200
41 178
56 134
53 107
71 87
92 64
172 26
184 22
191 22
206 46
206 65
186 81
167 97
165 109
173 145
175 156
207 192
175 217
163 230
114 246
151 302
170 300
206 328
211 365
258 376
272 376
279 395
344 405
434 403
443 404
500 401
495 377
516 368
517 341
534 323
525 303
