244 183
245 197
242 202
241 214
242 225
246 235
262 240
269 242
282 262
266 267
270 278
291 283
275 296
282 309
296 314
319 343
326 358
328 359
292 371
322 388
323 400
271 438
251 462
257 472
203 479
201 476
200 466
189 441
188 423
220 418
219 402
197 368
244 363
243 340
230 328
204 312
197 295
223 281
200 260
219 242
219 236
207 226
195 202
156 192
170 238
145 261
142 306
137 341
58 342
71 325
57 290
48 254
88 238
82 213
72 171
65 129
77 78
153 106
191 110
200 89
208 70
240 54
275 49
288 98
325 93
380 50
392 94
383 106
385 149
395 154
431 150
441 153
444 168
470 177
485 190
474 218
474 226
500 240
512 250
491 277
511 300
525 318
524 343
548 353
558 374
559 382
532 409
509 419
448 412
428 423
417 454
371 452
363 441
363 424
339 397
364 385
366 378
350 336
348 318
372 318
371 286
369 264
343 241
335 260
306 257
304 233
319 224
325 192
347 177
355 173
342 157
312 141
299 159
292 161
294 185
296 192
288 202
278 203
263 198
250 184
255 174
259 168
263 158
264 144
241 134
