565 286
534 282
523 281
493 293
495 312
530 327
546 324
577 323
579 332
576 358
543 364
538 369
517 381
510 402
448 414
378 386
376 365
377 333
367 305
351 288
336 297
340 332
332 356
324 368
317 387
291 399
270 400
227 387
223 375
238 344
230 334
230 297
214 266
171 234
164 233
145 238
131 246
122 258
114 268
114 294
134 317
148 323
160 326
169 326
188 329
196 330
214 343
200 350
191 361
192 387
212 398
212 416
176 447
138 425
138 388
106 373
65 351
26 316
9 278
18 226
62 216
49 117
77 98
111 121
119 149
92 184
88 200
87 213
92 221
132 208
157 193
167 207
171 207
192 214
201 215
222 203
218 181
181 147
271 117
260 74
317 95
352 148
312 192
260 195
237 215
237 228
277 238
295 213
335 242
335 249
347 264
393 247
369 195
406 172
364 133
367 107
377 79
417 61
450 97
497 114
509 97
508 78
516 30
561 35
585 93
589 134
584 163
539 195
484 198
469 192
420 203
437 237
452 240
487 231
496 230
528 226
560 218
582 233
583 247
584 255
610 269
613 297
611 302
594 301
584 302
