171 119
217 81
226 76
257 92
249 117
256 125
262 137
289 136
286 114
287 99
312 75
362 64
378 82
376 116
392 138
419 139
435 103
442 87
453 68
485 55
509 47
521 49
523 62
516 75
522 103
524 113
501 132
505 143
510 154
511 179
526 208
536 212
559 203
564 171
577 167
590 193
548 232
551 244
579 260
535 281
533 309
550 325
495 348
506 374
524 388
521 395
563 404
584 417
585 445
571 455
535 451
495 434
467 404
439 380
417 357
412 337
461 301
419 278
387 271
354 315
336 337
348 356
391 391
387 410
324 439
290 429
285 410
273 397
271 386
272 371
272 354
288 346
274 330
235 303
241 336
243 353
216 364
227 382
247 405
226 432
168 434
160 425
160 413
163 403
172 392
178 371
178 358
173 353
162 359
133 377
119 381
68 350
75 328
118 320
117 298
149 274
131 235
104 203
81 204
96 244
133 261
100 272
51 264
47 249
41 236
38 215
61 186
13 112
47 92
70 103
92 116
102 126
150 102
144 62
167 30
257 12
287 25
324 41
324 47
275 67
266 75
243 58
230 43
201 51
201 64
