568 75
538 89
529 97
518 109
524 141
542 150
569 156
586 171
592 191
549 208
541 227
583 241
516 271
541 280
432 281
534 315
523 319
473 344
520 357
524 359
524 365
585 385
517 403
492 415
505 424
448 450
445 461
404 459
359 421
356 398
321 380
294 395
306 426
308 444
298 439
291 441
251 456
222 461
196 448
183 436
149 400
147 399
149 435
154 444
135 447
119 444
92 421
85 398
101 393
103 375
83 357
102 349
134 349
113 312
99 307
91 293
86 279
120 241
136 234
99 208
89 202
89 180
90 159
125 140
158 130
202 133
241 147
219 70
152 79
121 109
116 111
95 118
92 118
81 88
84 58
98 53
104 54
137 56
171 50
188 40
207 23
230 27
240 37
262 27
282 21
304 43
355 48
372 40
408 41
415 44
409 89
398 91
386 98
364 130
386 155
393 163
370 202
401 211
441 172
429 159
431 143
439 132
439 108
435 93
445 80
447 70
449 52
460 41
466 38
484 30
490 29
504 28
520 33
530 39
532 40
580 45
584 48
583 75
587 91
596 105
591 131
555 127
549 115
547 95
555 88
