538 284
503 291
505 316
531 325
551 337
555 354
500 358
444 329
435 300
425 274
388 267
388 297
398 321
413 337
417 367
408 386
377 401
355 408
329 410
280 411
245 400
228 394
202 381
182 366
178 357
148 317
131 355
127 368
149 386
202 397
212 416
175 422
118 416
79 392
76 355
106 330
65 295
60 269
79 225
101 199
140 183
195 174
253 194
299 220
306 250
266 286
232 305
285 326
331 319
331 289
372 250
369 224
315 189
277 175
153 113
140 137
98 167
62 151
38 102
79 76
138 96
181 78
211 54
254 56
281 59
299 62
310 69
348 87
372 101
377 122
392 149
388 182
399 157
417 109
368 90
422 63
454 69
466 76
471 84
481 114
480 139
449 156
443 179
470 191
507 182
527 137
505 96
500 79
544 60
575 73
610 104
613 149
543 176
571 198
581 221
579 249
507 244
488 230
418 202
398 199
450 228
470 240
500 252
543 251
587 264
612 301
605 316
603 324
617 368
602 399
576 411
539 423
477 412
462 391
521 382
558 366
575 363
571 333
546 314
552 301
561 294
567 285
552 277
549 281
546 284
