557 215
537 229
524 242
522 259
551 273
559 275
574 306
553 339
489 340
477 302
442 261
408 243
384 233
368 229
342 218
325 186
319 160
318 131
378 129
420 130
451 141
481 116
459 84
390 87
367 90
336 99
306 90
276 92
249 117
258 134
260 137
261 162
256 172
237 189
218 201
231 219
272 239
285 229
277 259
270 268
282 291
325 268
329 256
374 269
374 276
398 269
402 269
414 276
418 278
425 286
412 310
416 321
450 316
453 328
453 342
445 352
450 360
484 363
494 354
523 380
523 393
522 419
503 436
445 454
399 460
375 460
359 437
328 391
333 384
335 376
332 361
331 360
310 359
297 374
292 411
293 414
245 435
182 400
234 366
184 341
160 314
152 290
89 286
69 313
86 335
70 352
85 375
86 394
135 423
192 440
195 452
214 461
242 463
266 469
226 479
172 473
124 432
102 417
76 459
84 468
26 427
54 383
28 347
44 303
31 234
50 197
42 165
32 128
94 104
111 141
159 117
112 60
150 56
207 90
238 53
253 39
293 40
342 37
397 23
432 41
457 54
501 58
529 75
536 108
539 116
