538 57
529 61
513 63
496 70
486 77
469 89
465 106
463 123
464 152
470 160
481 168
522 181
547 188
566 206
568 232
560 253
552 260
532 269
528 271
514 274
492 278
465 275
459 275
430 265
427 260
414 243
410 223
412 204
426 176
394 162
396 112
385 85
403 50
371 37
354 43
331 51
338 64
338 70
332 94
330 106
329 109
331 127
334 137
335 151
336 170
336 178
335 191
331 196
330 207
309 225
294 235
274 242
262 242
248 239
230 238
201 241
180 258
196 283
214 261
226 250
234 250
262 252
318 266
320 267
366 282
426 306
449 320
460 341
461 362
460 381
448 397
414 417
386 430
379 433
363 437
335 439
307 442
290 444
255 446
215 440
192 430
163 414
143 394
134 379
130 354
128 310
105 288
85 294
98 311
82 325
95 330
92 351
79 361
75 376
81 386
90 396
110 401
133 404
156 416
174 429
171 456
108 479
47 479
27 454
34 432
30 405
20 378
7 354
5 317
15 279
13 246
10 214
22 168
61 122
95 90
139 60
181 43
219 53
231 90
241 63
228 38
279 17
374 16
466 22
517 33
