118 137
128 130
134 123
169 125
159 109
184 89
220 94
192 124
235 129
258 134
276 123
267 99
266 94
293 82
294 101
296 105
323 103
326 101
327 90
328 76
349 66
369 70
373 96
383 102
398 101
405 91
408 86
434 82
449 87
450 94
451 102
456 109
472 112
486 108
489 78
539 73
570 63
572 77
568 98
587 98
612 103
615 104
629 94
629 126
631 140
638 151
639 176
624 204
620 213
634 223
611 241
593 247
563 248
545 242
527 222
525 202
484 187
469 188
435 192
442 235
422 229
437 255
331 267
331 266
313 237
314 203
326 200
304 179
268 197
273 227
256 252
234 251
213 238
190 204
215 178
161 165
147 187
159 207
166 219
152 233
143 238
115 229
106 215
104 204
66 220
82 246
85 262
110 261
138 266
162 272
174 278
184 293
185 303
174 333
157 347
104 352
52 338
49 332
43 319
30 299
31 278
21 259
28 240
27 223
27 195
43 177
44 161
44 145
49 134
50 117
51 92
60 48
63 33
75 31
85 35
100 40
122 50
124 59
109 82
107 86
95 101
95 112
97 119
98 125
98 130
