567 377
528 367
517 398
521 408
450 404
459 384
464 354
443 344
426 346
421 363
406 386
363 381
373 358
377 348
356 329
335 327
307 345
318 368
319 375
327 399
327 414
305 419
275 425
251 428
223 433
197 435
166 424
150 410
131 398
118 386
110 374
106 357
84 331
70 315
69 300
77 287
80 247
70 224
78 182
93 149
139 147
159 201
205 166
185 142
150 133
106 115
69 123
69 148
62 179
50 181
28 156
29 132
53 115
52 89
56 45
63 34
110 49
125 69
157 76
163 52
191 44
195 54
213 67
253 58
276 50
298 43
315 39
333 36
362 36
395 51
406 75
403 92
402 112
420 121
442 109
442 78
444 62
457 58
481 58
505 68
528 71
542 87
539 100
558 109
569 124
571 150
567 170
541 188
501 193
439 187
428 168
396 198
405 213
443 230
458 215
476 194
503 199
505 210
519 216
533 219
570 216
589 229
593 242
559 259
504 256
503 262
525 279
509 290
526 291
545 293
547 293
549 307
586 315
587 322
586 327
595 340
597 352
599 356
605 360
606 380
605 386
602 389
593 396
583 397
