422 264
371 291
374 315
385 316
417 306
427 290
441 277
453 270
499 264
524 270
540 284
555 297
572 325
573 349
564 363
544 381
518 402
552 441
569 448
570 459
541 471
492 474
427 449
421 407
407 395
354 408
355 437
356 450
302 476
251 473
224 455
203 440
199 429
202 395
222 380
251 376
266 344
241 320
218 321
192 335
182 360
160 383
92 414
23 421
31 376
87 349
93 321
78 284
62 248
92 250
108 246
135 214
128 205
111 200
96 190
85 178
98 163
110 127
70 113
27 94
88 94
124 90
157 64
180 54
210 63
236 69
253 76
263 115
267 127
270 129
271 139
280 150
289 146
307 130
306 112
326 65
347 52
365 49
403 40
425 38
435 37
464 38
488 39
524 46
541 55
565 78
579 95
586 121
593 150
594 173
594 199
592 216
586 222
581 223
544 219
525 205
516 197
499 157
495 122
481 114
475 107
454 74
443 57
434 57
414 70
409 104
438 142
485 170
484 199
428 207
403 143
341 158
364 208
366 215
358 232
360 247
387 254
397 247
410 232
428 227
462 225
468 229
469 244
463 249
449 251
