414 446
387 447
362 445
332 435
313 421
303 410
289 392
285 371
282 359
281 325
285 315
292 300
314 282
327 274
342 258
349 247
361 219
360 192
348 173
333 164
321 159
295 153
273 152
255 152
232 153
221 156
214 161
208 166
197 176
188 183
183 195
181 210
180 254
182 274
189 290
192 300
195 317
202 337
205 349
210 366
212 387
211 403
209 412
201 418
194 422
161 428
115 423
96 416
86 408
77 397
72 386
70 368
66 341
69 321
75 305
85 287
120 263
143 232
150 221
155 206
154 180
119 120
145 47
160 65
157 83
162 96
169 100
183 105
190 107
201 110
227 118
257 123
270 123
328 121
353 117
391 106
434 83
467 65
506 50
527 48
558 58
581 90
584 112
584 129
583 160
579 182
565 197
530 209
496 211
450 215
420 223
404 230
397 238
392 255
391 277
392 301
405 305
425 309
436 314
466 334
474 348
475 368
461 396
454 405
453 408
458 409
512 410
511 359
488 302
458 297
450 268
458 260
489 253
516 250
542 251
553 255
565 265
573 279
582 295
615 350
608 362
592 380
560 398
542 407
516 424
