439 177
504 159
594 180
608 203
611 235
611 274
607 300
586 350
560 378
541 389
503 410
428 428
408 427
387 423
349 411
316 396
290 378
270 352
248 292
245 258
243 238
243 187
263 131
304 76
336 43
263 45
203 91
189 147
109 203
131 228
168 230
145 258
191 291
166 324
198 358
214 379
269 417
287 455
232 472
197 470
152 457
128 429
114 397
143 391
110 357
112 322
116 298
80 289
60 308
59 352
77 394
82 420
70 449
47 440
43 392
43 342
25 312
34 266
38 217
37 197
76 164
87 133
107 119
63 97
46 113
15 133
4 84
36 60
29 45
77 41
78 60
81 71
138 60
139 47
144 48
176 59
181 49
198 34
227 18
245 8
263 11
281 19
302 15
324 13
343 13
380 11
425 41
448 49
505 40
516 25
554 31
582 53
580 69
610 77
617 97
617 122
631 147
632 166
616 166
585 159
581 156
550 138
540 133
528 132
503 136
488 123
478 120
460 123
452 126
439 125
425 128
403 138
399 143
397 151
397 154
395 162
383 161
342 162
365 169
372 174
374 180
407 193
408 173
415 161
432 159
