545 183
519 190
485 207
481 228
472 247
472 277
490 301
512 325
537 334
562 337
567 368
563 388
543 419
546 432
554 440
556 465
522 478
506 479
450 479
429 463
409 439
400 426
411 412
429 393
413 363
385 352
368 327
373 301
344 267
377 253
387 241
414 213
423 197
428 165
442 140
428 106
393 92
398 109
400 124
401 139
400 151
397 160
393 167
373 180
369 183
360 187
321 191
303 190
285 183
259 173
247 162
243 148
241 128
245 109
249 89
232 77
198 78
169 94
211 110
217 131
204 137
179 142
163 148
199 164
210 169
217 176
223 197
218 229
207 245
190 262
185 274
182 282
175 289
172 296
171 305
174 316
181 323
197 335
234 356
273 368
307 384
326 414
317 427
290 445
282 449
263 460
239 453
220 444
195 426
188 398
172 380
149 375
143 399
153 412
129 432
105 419
89 397
86 386
84 367
82 355
92 333
120 300
111 276
90 271
61 257
61 215
60 179
71 155
78 141
95 127
98 104
100 79
118 64
131 59
152 44
170 39
239 24
288 33
318 22
372 15
435 23
481 45
533 76
561 102
561 142
