585 158
563 171
553 185
538 208
548 232
568 241
533 257
508 285
544 303
538 325
475 362
509 382
437 408
389 413
365 399
360 375
330 329
298 319
284 357
305 387
304 409
310 428
328 439
277 443
242 421
236 388
230 384
191 378
178 388
177 420
178 433
171 453
124 456
117 453
102 433
104 408
92 386
59 365
96 354
85 332
90 310
77 281
61 252
77 232
85 219
78 193
59 162
61 148
82 136
121 146
134 159
132 177
160 179
154 150
118 119
103 104
102 61
47 34
44 64
67 106
66 115
45 92
30 99
36 136
24 113
21 69
24 34
32 21
72 17
129 38
140 71
185 60
203 47
226 42
234 74
266 83
318 42
351 32
357 67
369 74
418 62
448 49
460 47
479 51
501 68
482 123
398 127
393 137
404 177
298 182
258 156
192 191
204 210
209 225
192 231
175 239
221 280
188 292
180 306
215 314
248 284
249 254
281 252
323 222
381 201
394 222
411 224
462 188
461 179
471 176
497 153
503 137
520 98
539 91
557 92
548 113
552 130
574 115
585 112
607 132
606 158
612 178
607 195
562 192
579 173
