555 387
534 383
516 373
511 360
511 342
517 333
526 332
497 304
497 344
493 364
480 392
527 395
533 404
536 419
535 426
532 429
521 434
481 445
462 449
433 448
394 436
381 426
379 406
381 386
393 372
414 345
353 330
318 361
345 402
355 425
350 435
346 438
313 444
277 443
232 435
200 416
191 401
191 377
195 361
218 355
220 317
163 284
104 313
157 369
162 395
170 426
125 447
69 427
62 417
51 397
50 370
53 351
68 335
71 313
79 295
82 270
86 244
117 199
109 184
85 161
133 150
161 174
175 193
263 214
249 174
231 152
224 135
207 135
217 154
214 167
179 163
172 143
165 117
138 104
132 124
125 126
116 128
74 114
57 102
61 68
75 50
159 54
202 70
229 98
263 78
294 54
326 48
344 48
425 51
444 59
483 72
504 88
515 107
518 125
522 139
522 160
511 181
510 195
550 195
551 165
554 122
565 107
568 107
581 118
585 121
594 161
594 177
589 192
569 203
568 218
570 241
579 248
594 249
605 256
613 267
616 288
604 312
591 314
572 316
571 317
587 345
587 360
581 368
568 373
558 378
