439 259
426 261
413 269
408 275
403 279
387 287
371 296
346 297
340 297
320 295
294 282
285 271
278 258
277 243
278 234
266 210
258 186
253 170
251 158
230 133
208 142
186 152
126 163
155 177
177 188
178 200
158 246
127 270
188 279
198 253
203 266
205 306
240 308
247 305
249 308
251 339
271 360
307 375
311 364
321 346
332 344
349 335
368 334
380 327
388 313
415 310
429 313
448 302
457 285
461 270
473 259
481 225
449 199
415 181
408 154
445 119
469 82
529 65
552 88
530 111
594 154
636 192
570 243
591 280
602 305
595 354
592 388
512 385
486 408
455 445
357 430
360 430
326 429
287 438
271 439
266 452
277 470
271 479
207 469
180 434
178 403
137 373
130 354
124 404
90 416
59 374
70 346
84 343
93 304
70 268
98 238
68 209
35 187
22 169
59 124
69 120
70 112
148 107
129 86
107 65
77 41
111 13
176 22
174 67
190 68
219 60
251 40
292 22
327 35
352 47
332 73
323 83
344 94
322 124
328 144
339 155
347 191
348 203
360 211
380 205
391 202
399 216
399 223
435 226
437 236
