180 94
181 78
182 68
190 63
202 60
214 59
230 61
231 71
230 82
220 86
211 91
263 105
301 90
269 72
265 54
296 44
322 59
329 71
363 68
376 57
428 67
440 75
413 92
436 107
483 111
389 142
455 153
409 167
529 171
528 190
579 179
574 202
539 248
524 263
547 282
513 293
532 314
535 317
525 340
504 359
544 369
553 385
535 425
479 446
435 435
378 417
341 386
332 356
380 357
353 331
395 321
420 315
416 280
388 256
373 232
328 198
312 208
237 192
255 241
256 265
241 288
272 329
258 343
249 362
279 379
305 392
318 411
321 425
312 425
289 423
275 422
240 415
211 353
179 354
189 397
202 419
277 453
282 472
216 479
179 477
167 463
166 442
161 430
163 415
136 382
139 439
88 427
102 386
128 372
78 349
77 322
113 310
92 286
85 247
154 252
143 244
118 219
97 186
115 175
128 174
129 173
131 166
123 160
72 150
71 186
64 204
41 202
29 164
23 148
22 137
9 112
14 103
26 97
39 90
44 85
61 74
73 62
83 60
112 61
134 68
140 71
140 93
139 104
166 124
180 127
