179 55
200 68
227 90
245 116
236 140
231 148
197 152
173 149
165 141
163 125
166 109
105 134
105 186
186 201
247 218
309 234
294 173
275 143
275 116
388 128
382 165
431 180
468 142
367 96
323 91
301 93
269 92
272 52
399 56
418 44
488 59
544 93
542 135
560 173
570 198
519 226
529 236
482 254
473 271
517 279
547 277
578 292
528 320
579 336
580 346
571 372
570 388
568 406
566 421
508 434
475 443
400 418
401 374
365 341
379 303
316 312
341 356
347 376
361 393
350 406
314 423
291 430
257 433
239 426
215 411
203 399
200 391
197 369
197 365
201 356
209 351
219 346
230 342
238 340
269 338
291 357
296 340
253 316
210 306
199 321
177 328
142 347
136 363
181 412
181 419
168 430
125 429
119 426
107 417
70 385
69 367
62 348
59 329
67 318
78 310
95 310
103 299
119 286
151 287
183 278
182 263
152 245
134 253
124 262
85 248
90 233
104 227
83 211
61 189
52 177
68 155
67 136
66 122
40 113
31 105
29 94
37 83
77 81
115 93
117 104
117 75
91 73
71 46
90 41
127 36
