311 60
343 100
400 127
460 55
462 62
471 104
466 128
471 148
482 170
477 185
478 205
531 220
526 195
524 147
521 117
571 98
589 113
568 163
566 176
566 201
543 229
515 248
490 251
488 259
485 276
499 297
536 297
571 279
583 281
589 305
579 334
596 356
598 371
589 393
553 407
523 419
463 428
367 404
316 378
305 362
248 320
190 340
211 395
307 409
316 440
307 450
316 452
308 460
298 465
289 465
273 457
256 435
250 437
248 446
229 457
216 462
206 464
193 464
182 461
156 450
154 438
153 408
151 388
157 370
99 311
63 312
102 373
107 398
83 415
51 394
41 379
25 338
27 301
37 278
46 259
109 203
122 195
133 192
156 187
173 185
196 185
218 184
222 185
257 196
262 195
263 178
288 144
323 208
316 239
346 236
343 275
376 255
418 251
425 264
431 277
431 301
451 329
444 274
437 220
402 213
379 195
334 134
323 125
269 108
262 125
249 136
132 150
86 157
58 149
30 109
50 83
157 125
162 80
156 71
135 65
167 42
217 75
240 67
243 47
262 40
279 39
314 36
335 40
337 53
331 58
