97 187
95 180
80 165
68 167
64 175
63 195
63 200
47 201
39 193
25 178
26 155
49 149
51 129
51 107
64 97
89 104
97 116
104 118
132 107
148 87
175 75
192 68
218 56
245 47
263 43
274 41
289 40
311 41
333 47
344 55
352 68
354 99
359 117
371 107
371 89
374 78
378 70
397 56
433 39
454 37
493 46
431 93
469 115
491 120
502 83
504 62
533 63
517 102
502 122
551 161
526 179
544 189
578 218
571 256
562 284
522 321
524 363
498 383
436 404
404 394
391 352
443 329
427 296
462 273
461 256
385 231
353 252
334 285
309 301
295 315
311 349
317 352
361 365
357 390
382 401
382 414
333 426
319 429
308 432
250 423
249 418
246 408
221 396
214 390
223 347
156 303
156 349
175 385
178 393
177 417
172 420
148 426
113 430
98 428
82 420
64 406
51 394
44 386
29 365
25 355
22 346
8 326
5 310
9 299
39 297
44 308
48 317
64 326
82 325
99 317
102 306
94 293
78 287
67 284
58 277
52 262
50 250
50 224
60 217
64 216
82 225
93 241
104 250
126 242
117 221
