321 149
293 106
362 86
382 95
390 131
348 142
411 158
462 159
464 117
443 87
509 79
560 109
518 148
513 177
482 198
494 224
532 255
546 280
579 324
540 349
544 373
530 400
563 419
465 420
447 378
403 334
378 303
404 277
421 232
309 238
301 263
339 281
349 297
362 311
369 323
374 335
381 346
387 360
406 369
414 386
413 399
384 413
343 419
315 406
292 375
288 359
226 336
204 313
206 284
213 270
244 252
247 225
201 191
166 211
151 253
127 293
173 340
187 362
208 375
124 400
91 386
63 363
30 316
16 285
15 261
53 246
109 204
56 166
40 174
37 145
20 112
25 98
96 115
126 88
101 67
82 49
108 39
159 40
173 45
168 83
194 88
205 85
230 68
230 55
232 52
243 49
256 46
273 43
283 43
313 49
309 62
295 70
250 80
236 86
242 106
228 120
161 136
161 151
222 165
235 166
266 166
300 175
308 196
308 212
303 216
356 218
357 176
316 159
284 147
259 145
252 138
250 121
256 110
261 99
307 82
328 60
358 47
397 42
433 67
412 75
355 64
331 73
326 82
292 92
278 121
