204 127
221 108
241 96
267 90
295 90
311 95
326 107
329 128
329 141
328 152
325 162
318 168
314 172
309 175
290 181
287 182
276 183
265 185
258 184
241 179
229 174
218 170
204 166
193 190
177 196
159 199
141 203
121 221
118 241
122 269
127 272
157 282
176 278
176 243
179 225
201 214
218 209
233 204
260 206
312 226
335 230
348 217
354 185
386 136
415 95
418 81
450 72
464 75
474 78
519 103
519 113
517 130
490 146
485 155
485 183
520 204
526 209
528 246
527 257
524 260
514 271
516 290
521 301
485 344
462 367
444 377
436 387
434 393
419 398
391 407
387 406
371 393
336 350
306 337
298 362
314 382
326 389
339 405
344 419
320 432
270 443
222 433
233 412
233 373
180 338
179 361
172 384
169 413
167 433
150 439
111 425
108 424
83 413
57 398
56 386
70 379
71 363
51 329
51 322
56 291
53 274
51 264
49 228
53 213
54 203
57 190
66 173
70 150
71 125
96 114
116 99
131 72
139 54
143 28
152 20
172 9
181 9
193 10
204 11
223 21
228 27
236 37
237 50
236 65
224 78
