433 197
411 214
408 242
431 253
457 257
467 268
435 283
406 292
412 296
437 304
427 318
372 339
369 346
381 357
376 374
326 394
290 392
310 366
311 336
287 323
265 319
264 332
264 356
256 374
236 387
211 388
198 386
189 387
160 383
148 369
128 349
115 327
163 317
181 313
160 277
139 273
112 287
92 289
57 264
111 255
103 226
91 203
85 193
106 189
112 180
103 160
94 136
80 122
79 116
85 97
97 86
106 82
113 80
123 78
126 77
138 78
151 79
162 85
170 93
173 97
175 106
176 114
179 126
181 132
185 136
189 136
196 132
198 127
198 120
199 102
202 91
214 80
229 70
264 53
279 48
314 40
342 31
357 30
430 31
454 32
482 32
521 37
548 46
584 92
573 117
549 139
535 172
540 183
569 218
589 248
591 259
589 293
582 311
557 331
529 358
513 375
483 379
445 382
409 364
408 358
411 342
421 335
433 329
457 318
475 312
491 313
498 312
499 290
479 276
472 262
469 246
467 228
470 214
475 206
473 182
451 157
399 143
362 144
313 149
303 156
338 165
341 175
370 182
389 179
412 168
