297 159
309 146
291 113
289 102
319 94
349 102
349 82
364 40
410 42
430 60
459 28
515 0
551 37
499 64
534 76
558 86
514 99
536 115
536 129
538 150
506 168
431 131
398 133
394 172
388 176
328 177
336 192
376 218
415 235
449 216
451 213
495 250
541 249
571 211
577 207
626 230
599 269
595 290
612 305
575 312
497 293
473 308
425 330
472 352
498 364
533 388
475 409
411 399
390 383
373 370
372 344
382 316
342 288
309 276
281 284
273 320
305 343
310 363
292 371
279 387
268 406
261 420
247 451
216 447
165 415
196 411
228 402
222 379
196 326
187 316
180 300
176 257
163 244
161 224
158 207
154 191
152 175
161 154
129 126
141 99
120 88
80 98
87 149
90 163
104 192
100 219
60 236
61 214
55 180
57 158
48 138
47 105
48 66
41 34
33 73
24 45
24 16
49 7
90 36
95 40
110 42
150 44
179 38
182 24
208 15
231 21
244 24
268 32
264 60
239 70
232 74
229 91
226 100
218 119
245 149
247 160
229 168
227 187
234 204
246 215
278 205
283 206
305 203
301 175
280 179
