364 202
414 210
458 182
420 159
406 154
400 163
381 176
361 179
355 178
345 171
343 157
344 151
360 146
374 144
386 135
391 129
401 127
430 126
438 127
454 128
476 110
486 105
503 94
511 88
522 79
544 71
565 77
569 96
554 113
561 130
559 151
555 164
554 185
557 200
559 225
583 250
592 277
592 299
584 318
577 335
569 345
567 360
566 376
563 390
564 414
566 457
551 461
522 469
514 468
507 463
488 447
480 443
476 440
475 438
459 432
439 427
436 423
432 412
430 398
426 389
423 379
407 367
402 361
397 385
398 409
398 434
380 442
372 440
361 418
354 410
334 416
341 443
345 450
292 450
290 447
289 423
289 408
288 388
270 372
267 370
227 373
216 414
214 456
195 463
177 447
163 428
200 411
172 385
155 371
144 361
135 351
126 343
123 315
130 297
153 272
145 259
132 246
129 240
124 236
121 230
122 222
126 210
126 205
132 202
134 199
138 189
137 181
142 169
156 160
167 156
201 147
221 107
226 109
234 107
274 84
278 71
268 62
252 69
246 76
221 86
196 76
214 54
243 44
265 30
287 33
297 38
307 41
323 45
351 57
348 109
343 112
337 117
321 138
320 141
317 148
291 171
279 185
278 202
282 223
283 232
268 284
263 286
274 292
312 303
337 327
337 295
323 288
323 258
336 251
354 240
