626 388
620 407
619 422
604 444
585 458
579 466
564 478
532 479
528 480
521 479
499 474
496 450
493 433
489 423
474 412
468 412
443 416
439 423
440 436
429 463
310 443
300 422
309 399
343 386
360 377
380 397
391 389
401 358
373 336
372 320
379 294
338 270
313 275
311 280
311 307
302 322
281 338
273 351
262 374
262 399
260 404
252 449
193 432
147 406
129 383
151 374
197 390
197 346
206 315
184 278
212 255
243 224
274 220
255 179
238 162
219 170
195 208
156 223
104 224
117 240
124 271
125 303
61 303
39 254
45 205
56 167
110 105
190 55
258 64
277 93
277 136
307 172
347 192
436 202
472 179
424 87
357 57
361 104
359 140
346 140
317 97
339 80
297 47
272 28
263 33
236 18
259 6
339 31
352 20
399 26
419 34
440 31
467 32
491 37
502 52
528 92
550 124
553 153
558 169
558 204
555 226
543 239
540 245
485 237
481 247
453 269
448 280
442 287
438 284
436 297
456 315
489 324
495 327
514 331
532 313
520 291
552 278
592 282
589 314
570 327
570 335
569 347
569 349
571 349
587 339
598 334
607 330
609 323
614 316
629 316
631 320
632 328
633 335
634 338
631 352
630 353
627 361
624 363
616 367
597 377
593 381
585 387
570 395
563 403
562 407
564 410
562 422
564 422
591 417
599 403
