243 141
217 134
184 143
175 150
198 156
199 166
197 182
211 178
228 162
242 159
260 165
266 172
267 177
268 187
267 201
258 210
211 226
192 228
141 230
136 228
129 222
126 217
121 196
135 183
123 170
119 162
115 153
108 148
84 135
82 120
80 107
82 103
97 94
103 74
120 65
170 76
185 77
222 69
228 60
241 53
250 48
263 43
271 36
281 30
285 30
299 26
310 23
321 22
340 21
349 20
364 19
373 18
390 20
416 24
428 26
445 33
460 40
468 47
475 56
478 61
487 68
492 82
493 98
492 113
490 128
493 136
491 145
488 152
486 157
482 161
480 174
498 175
505 151
506 123
509 116
510 104
513 86
515 83
519 70
530 55
544 41
553 35
558 34
577 35
588 42
604 61
616 86
617 104
614 126
613 138
613 154
614 169
619 178
620 189
621 198
622 209
624 216
624 228
618 237
605 244
584 255
557 267
541 279
533 298
555 311
596 328
576 352
522 370
511 366
480 347
452 303
433 284
433 260
415 243
402 249
394 254
392 276
407 308
392 320
401 354
408 365
393 372
377 378
342 374
325 366
317 360
302 349
295 322
311 316
299 304
293 291
292 275
293 259
303 247
304 247
332 230
314 205
308 202
316 197
321 186
316 175
291 159
290 151
291 142
289 134
271 127
267 140
265 154
260 152
250 145
