447 325
525 342
539 287
454 282
429 229
522 203
583 241
584 304
536 368
584 389
555 412
461 428
477 396
479 376
454 362
416 396
405 422
370 438
349 410
372 352
389 350
443 345
405 319
338 331
303 382
300 420
352 444
294 463
256 439
253 392
287 343
282 305
350 280
296 266
231 288
237 315
250 347
203 386
213 419
240 449
249 473
207 479
157 469
182 439
208 451
180 409
150 381
143 407
143 424
134 444
133 465
91 471
63 438
78 406
86 423
99 391
73 358
67 319
77 292
111 283
111 308
102 337
135 339
159 356
188 342
189 316
177 275
139 250
77 234
63 203
63 138
38 89
29 41
50 17
102 10
130 21
144 44
116 66
69 39
84 67
91 110
110 144
168 187
185 221
188 244
220 236
224 191
175 150
145 108
149 70
163 24
194 5
193 26
191 59
244 91
245 132
183 115
226 153
272 183
264 212
262 239
294 223
317 169
292 127
257 91
258 51
252 15
294 15
318 32
318 57
317 81
323 97
348 116
344 147
334 174
334 215
377 191
388 124
385 100
361 48
379 18
417 15
494 28
563 22
598 29
600 61
584 91
600 119
595 153
583 188
529 158
546 130
548 87
548 55
497 52
482 70
484 96
486 125
495 147
473 162
424 133
424 79
403 83
402 113
405 150
402 184
381 211
370 234
319 237
338 247
