320 240
372 224
357 200
338 196
325 200
317 208
302 205
290 197
258 178
256 165
307 158
315 140
289 90
264 82
236 107
214 122
238 130
182 133
172 148
160 172
177 209
213 223
241 228
239 237
234 254
231 272
255 286
286 296
301 282
319 279
334 285
343 315
340 328
370 346
413 365
499 364
540 333
568 329
612 342
588 374
560 388
503 393
510 409
565 436
605 422
617 428
622 453
604 457
569 467
555 473
498 455
470 450
430 435
385 402
361 428
357 447
387 462
339 471
318 473
289 457
258 439
236 417
258 404
263 385
233 369
194 362
191 369
188 389
184 407
211 429
211 458
162 466
124 459
68 432
21 387
20 354
23 337
57 314
61 269
48 225
49 217
48 206
38 183
28 170
26 146
20 131
20 111
15 88
45 70
52 60
79 63
92 63
105 58
119 52
133 40
149 34
184 23
218 45
243 40
272 33
301 18
347 66
361 73
406 47
410 38
431 32
443 38
477 45
521 23
533 26
542 32
556 41
582 45
593 50
585 90
576 98
574 112
580 130
582 148
599 166
610 181
631 202
639 215
640 231
639 244
592 243
576 243
564 246
554 255
549 262
567 272
573 284
555 296
541 299
517 296
496 301
490 305
448 319
428 317
395 303
383 298
361 285
357 278
356 274
354 271
344 261
332 258
326 260
313 258
285 259
