585 330
582 345
580 352
571 363
564 370
562 378
554 386
549 390
536 398
530 404
524 408
511 414
496 420
480 427
460 434
443 439
419 443
407 447
394 449
382 449
361 451
333 451
308 450
275 448
250 443
226 439
201 429
187 421
177 415
159 400
148 389
130 376
125 367
112 348
110 336
92 324
90 312
82 300
79 289
78 271
78 246
80 234
79 224
79 212
80 179
80 152
81 134
83 123
86 107
92 95
111 74
134 60
148 54
159 52
171 52
203 57
218 60
234 65
244 68
253 74
268 83
276 92
283 100
287 113
289 122
296 88
295 41
309 30
326 43
339 69
375 57
372 34
406 14
418 13
435 13
457 14
492 25
531 35
540 38
549 42
553 44
572 56
598 83
601 90
604 105
608 138
602 168
592 176
573 193
558 213
531 222
438 220
430 167
458 144
486 107
426 120
394 153
388 181
386 198
364 207
317 197
284 168
312 237
296 263
328 247
349 231
379 217
397 195
393 164
407 152
408 165
409 190
415 191
415 212
414 229
425 244
438 238
456 245
487 245
487 238
493 232
499 230
505 226
512 225
544 227
559 225
567 228
591 242
594 247
588 263
568 267
567 277
582 278
599 274
607 281
608 293
611 307
616 318
619 329
624 359
597 383
585 374
584 361
589 353
594 338
594 325
589 314
577 312
573 317
570 321
