561 321
538 374
626 345
606 386
573 419
560 411
523 400
499 441
503 448
517 463
484 479
483 478
470 445
465 424
494 397
483 371
457 355
444 376
443 396
426 406
410 436
424 443
402 462
395 463
384 464
365 465
362 447
366 414
385 390
372 367
348 356
338 371
338 387
339 394
333 420
332 432
310 443
300 446
296 465
284 473
252 476
250 464
284 431
283 401
283 381
275 381
265 375
246 388
242 396
235 411
235 440
221 450
210 464
208 473
159 479
140 478
140 454
162 435
170 405
166 394
156 392
138 412
106 425
95 417
116 372
135 354
171 347
186 333
180 310
152 302
131 314
116 309
97 305
97 270
109 265
140 266
153 254
150 239
136 225
123 221
95 213
90 208
82 190
93 169
130 159
144 162
143 128
137 125
101 108
75 75
95 60
116 56
143 71
166 87
203 89
203 65
167 46
188 31
225 25
266 54
267 82
331 90
335 68
328 38
341 36
355 38
382 52
385 69
385 79
362 109
327 127
236 139
203 154
201 172
208 193
212 196
214 202
236 210
187 261
204 273
222 286
225 299
214 317
258 315
267 311
285 293
300 268
328 239
320 189
357 171
377 158
444 133
477 82
489 68
530 92
537 115
569 86
603 80
601 105
596 124
530 155
513 159
445 176
413 196
398 215
374 238
368 269
424 301
475 268
476 268
