417 289
462 254
410 219
380 253
343 287
313 254
379 204
420 170
500 192
500 242
440 299
439 334
448 364
502 379
537 349
553 312
532 290
528 252
538 243
561 244
586 254
585 288
585 316
595 350
569 390
519 424
512 425
465 431
443 434
423 418
425 400
425 386
411 376
367 394
365 401
338 411
320 408
307 381
327 361
347 343
348 331
312 315
270 325
263 335
256 363
257 374
273 401
287 405
317 418
355 423
380 422
375 439
348 444
347 479
293 479
292 463
306 451
290 437
255 441
254 464
230 466
217 435
221 416
198 412
170 434
164 453
136 466
128 463
105 457
66 416
48 419
58 453
35 453
20 411
23 371
78 366
50 321
23 301
37 268
33 237
14 204
18 178
47 168
33 133
24 96
0 38
36 31
45 21
77 9
121 31
158 65
187 34
192 23
260 9
271 17
355 35
364 20
402 8
444 5
467 24
502 48
533 48
569 22
595 22
597 34
598 67
593 89
591 94
556 100
554 133
593 157
591 178
583 192
527 186
529 137
524 106
495 83
464 75
451 74
423 75
365 87
334 93
367 110
424 112
449 117
404 135
340 139
320 138
255 125
215 111
152 113
146 122
150 142
201 155
225 181
215 192
171 215
129 229
125 236
87 263
109 289
113 317
123 350
147 362
170 329
201 285
213 250
239 228
276 254
348 300
