366 35
390 30
394 24
421 16
433 14
436 23
428 40
427 48
442 52
448 49
452 45
472 35
490 28
511 21
522 20
529 21
534 23
543 20
547 22
557 30
564 34
569 43
571 56
574 65
575 80
577 96
575 111
577 123
579 136
579 154
577 166
573 176
567 190
557 201
554 216
558 240
586 273
589 274
593 292
588 340
583 346
564 354
559 363
559 372
563 388
581 414
596 428
597 442
596 461
581 475
534 470
526 465
509 451
491 439
480 432
485 432
448 424
434 419
419 418
414 423
374 417
361 402
363 372
377 358
362 338
380 318
433 344
441 310
462 323
464 354
492 386
476 316
452 299
426 289
389 299
349 285
298 310
307 337
316 358
326 387
335 407
353 421
356 422
372 430
377 453
378 463
377 479
351 475
333 474
309 472
271 473
252 470
229 479
210 471
195 464
175 454
149 440
138 423
134 407
130 386
133 367
142 341
131 312
126 310
107 322
87 344
61 301
72 276
86 249
96 236
102 186
97 180
80 151
85 133
99 119
101 100
102 84
104 62
107 42
109 32
114 28
123 24
127 23
131 25
132 26
137 33
144 43
146 48
148 51
151 51
162 42
165 38
169 33
175 31
176 27
184 23
187 20
193 18
195 19
196 20
199 21
205 22
209 23
224 19
248 26
255 30
276 34
284 38
290 45
298 50
