30 115
30 101
36 89
40 84
46 80
56 76
59 74
80 77
89 92
102 103
124 107
146 109
171 109
126 90
124 71
131 60
145 54
168 48
203 45
281 44
341 49
417 60
462 73
471 79
511 108
526 132
528 168
504 216
414 266
389 303
425 328
460 329
461 275
476 265
481 281
489 305
500 323
544 325
547 309
546 282
548 251
549 209
546 173
549 142
583 90
633 56
636 65
636 107
605 146
562 167
594 215
613 246
602 289
570 317
583 348
580 391
572 440
599 472
552 479
496 479
452 468
424 422
399 401
384 425
385 441
380 455
358 467
331 471
294 466
245 461
209 444
194 434
179 414
155 390
148 366
146 331
145 309
159 275
170 261
195 243
218 229
244 217
270 212
295 212
336 221
377 238
385 216
372 158
351 177
328 192
304 195
294 192
268 169
235 152
164 153
184 182
191 198
186 222
180 230
164 241
137 256
124 262
74 307
88 323
92 326
98 338
106 362
105 376
100 390
102 401
112 415
131 424
165 441
175 453
170 470
143 479
110 458
54 438
54 425
44 404
50 400
57 397
47 373
64 358
63 347
59 318
38 317
30 292
36 266
51 253
57 250
62 246
68 226
65 219
81 205
88 204
102 206
117 204
127 199
126 175
119 160
104 172
88 173
79 175
65 175
45 163
37 152
31 137
47 129
12 123
