416 188
475 200
494 255
560 253
557 211
516 171
505 191
515 214
490 198
475 163
445 143
417 146
378 158
358 137
358 97
379 86
394 81
428 79
440 90
461 92
477 80
482 69
512 64
520 69
524 84
527 105
531 108
554 111
559 111
573 128
578 147
573 164
579 180
588 201
593 245
568 260
563 280
590 294
591 305
561 322
553 327
557 368
585 365
586 375
568 397
590 414
591 434
589 453
556 457
540 444
543 415
532 404
517 401
495 424
497 444
497 467
470 468
454 458
453 435
416 415
403 419
400 448
400 460
373 463
357 464
329 443
301 417
294 416
262 432
258 452
228 463
201 462
194 447
192 420
179 405
161 402
149 422
143 446
127 454
106 452
85 433
84 416
91 396
68 382
39 366
0 337
18 307
47 296
40 251
0 211
2 184
27 183
57 154
74 176
104 167
94 126
59 119
37 120
9 133
0 94
11 69
56 81
84 65
68 38
56 36
9 25
61 2
98 14
97 37
150 47
155 52
145 80
140 90
171 106
180 117
159 138
143 157
143 174
187 196
203 196
197 223
187 239
149 269
152 283
192 294
225 292
251 288
274 309
305 313
308 303
312 269
309 245
301 240
276 236
261 200
266 178
232 148
207 129
225 82
237 63
189 22
235 9
273 16
267 61
300 79
287 102
294 129
324 161
319 185
344 196
