484 401
484 404
482 408
475 413
474 416
470 418
465 421
455 425
429 434
413 441
405 444
399 446
382 448
370 450
362 451
336 452
328 452
313 451
293 449
286 448
267 443
258 440
244 436
230 430
227 426
214 421
202 413
199 410
196 404
191 392
189 377
188 366
188 357
191 345
194 335
199 330
206 326
222 319
225 318
232 318
256 321
264 323
270 328
276 330
277 328
276 325
271 320
268 316
257 308
249 303
243 298
234 289
231 281
236 262
231 246
238 235
239 233
240 227
254 207
256 203
254 184
258 159
256 150
254 143
250 133
249 118
249 102
248 96
239 91
223 75
224 71
230 63
234 55
251 44
265 36
279 29
294 29
297 34
298 41
298 56
305 60
309 53
311 41
314 36
330 24
334 23
355 23
373 30
377 37
380 66
378 68
367 75
347 80
349 80
347 84
346 97
351 102
355 110
359 122
366 139
369 143
376 153
378 157
380 157
387 179
389 187
390 199
387 210
386 214
385 216
384 221
377 236
364 256
355 263
357 291
362 296
387 298
395 296
397 286
398 284
407 282
413 281
414 282
417 283
421 284
424 281
431 282
435 284
450 288
473 294
484 301
486 306
489 307
496 315
499 318
500 322
499 323
502 327
506 343
507 346
507 350
509 360
510 367
509 379
508 381
507 382
507 384
510 391
511 392
501 394
