223 192
195 194
187 206
186 224
171 247
217 244
228 239
232 245
240 256
244 274
244 279
243 285
241 293
238 296
232 299
227 301
221 304
216 306
213 304
208 305
183 300
172 296
164 292
141 282
130 275
118 264
109 257
107 253
100 236
98 229
94 223
91 219
86 209
83 202
79 193
76 179
75 165
74 154
75 140
78 126
78 109
73 97
52 77
51 51
57 43
77 31
95 35
115 55
137 71
146 76
171 78
185 68
186 49
186 42
201 34
222 37
235 60
259 76
277 78
286 59
286 44
300 23
349 34
344 52
354 61
401 89
408 101
420 92
398 50
388 36
403 20
413 27
432 51
436 53
461 74
503 67
467 30
504 16
525 26
547 53
596 76
599 97
588 106
595 130
562 154
557 165
523 175
543 194
555 218
559 241
525 262
477 264
420 217
402 186
405 168
448 183
466 186
454 153
405 138
329 136
350 188
327 209
397 261
401 299
446 325
488 338
526 343
547 278
550 268
594 288
596 321
571 344
579 363
594 386
608 413
605 434
581 448
542 448
508 402
433 385
448 442
465 475
361 463
327 417
352 383
340 347
319 308
311 260
268 262
310 330
306 357
292 391
263 424
253 408
231 355
268 340
263 317
262 291
252 249
243 212
260 214
280 202
282 187
275 178
275 170
261 157
257 156
256 172
256 184
253 188
