303 52
324 44
349 38
359 39
387 48
400 57
406 73
407 77
407 90
404 97
398 109
397 119
403 125
410 117
410 103
411 92
418 75
426 61
438 47
462 37
492 24
512 22
553 37
570 47
594 57
608 73
612 94
601 135
551 160
593 212
552 239
528 270
552 292
571 312
605 359
620 391
615 416
596 435
589 444
521 461
495 441
482 416
490 394
480 371
466 350
417 382
418 399
415 410
353 397
338 373
342 364
358 346
372 326
363 311
362 307
332 304
321 311
279 340
223 361
240 371
284 385
288 387
302 395
314 364
308 336
320 367
330 406
323 420
322 426
391 449
372 466
328 471
265 448
257 431
251 415
197 424
206 448
166 472
122 446
118 436
75 425
73 413
83 399
128 396
124 383
123 362
152 342
148 352
167 366
169 335
163 307
146 274
131 260
84 243
76 247
91 296
67 323
20 304
28 268
55 238
55 218
66 180
86 194
96 200
139 215
232 247
186 191
178 198
157 197
138 193
136 191
126 185
113 177
110 172
106 167
102 157
103 151
98 145
97 137
96 133
97 132
94 130
97 129
103 121
105 120
110 118
120 116
127 116
139 120
149 125
152 128
157 140
158 147
169 141
181 122
160 88
113 79
103 76
123 65
145 53
156 49
172 46
185 80
195 81
226 63
234 63
247 80
250 88
254 92
280 78
