231 107
241 114
258 130
264 140
268 159
269 174
269 184
270 199
271 215
268 231
261 242
254 250
247 254
245 257
231 265
218 274
209 283
203 293
197 315
211 338
215 348
225 357
238 363
273 369
295 371
328 373
369 374
405 370
446 362
468 332
470 303
465 229
402 217
380 246
404 260
415 283
353 296
312 265
329 235
369 215
396 194
376 163
344 184
301 189
325 161
300 143
295 125
264 110
274 91
219 68
264 50
319 53
331 80
333 86
345 88
361 90
405 97
465 105
498 117
492 139
513 158
530 181
487 205
497 220
516 237
514 265
553 298
552 320
470 374
445 411
412 434
296 443
240 425
201 408
162 395
134 367
120 344
124 327
135 311
139 301
163 286
197 268
189 241
189 218
210 207
213 184
214 157
173 128
147 138
164 166
135 205
106 214
88 237
78 254
85 282
87 327
77 358
101 401
79 410
71 394
66 357
71 324
67 310
65 298
67 280
63 266
62 243
62 192
66 162
71 148
87 93
106 73
116 62
141 44
178 36
186 36
193 37
199 33
227 25
246 21
311 16
380 24
446 35
524 50
574 70
528 76
492 72
470 81
468 82
459 77
419 55
409 63
397 70
378 71
365 63
339 46
322 37
310 30
292 33
282 34
276 34
231 39
217 47
210 49
205 53
195 62
185 68
179 73
186 81
196 86
