592 28
614 52
613 89
573 106
546 57
566 45
502 43
504 58
530 90
565 113
584 127
625 147
622 184
617 235
609 263
609 302
615 326
624 350
607 385
561 382
575 351
591 309
584 258
563 196
516 165
518 227
523 239
526 290
498 338
517 364
534 392
569 406
561 421
519 430
512 434
497 434
452 400
488 386
459 363
402 391
408 402
431 421
470 430
458 445
387 461
367 427
403 426
349 388
317 414
325 428
344 444
329 460
310 461
274 452
270 417
307 434
277 385
228 368
236 394
236 427
222 445
171 447
173 421
202 422
201 376
166 352
151 366
163 383
151 397
129 417
132 431
149 446
115 463
87 422
52 433
52 457
20 441
10 395
10 354
32 368
51 365
48 381
24 398
76 396
97 382
108 366
98 339
66 305
60 317
45 327
18 303
20 268
17 228
38 227
55 246
36 264
80 264
121 296
121 330
153 314
136 277
98 234
172 187
220 222
221 165
149 124
214 94
188 57
223 35
267 22
293 29
292 56
293 103
349 117
356 156
324 185
331 238
382 241
408 204
402 161
395 112
356 84
339 45
367 12
386 29
391 58
417 68
432 105
433 143
436 178
444 187
449 211
459 226
366 286
324 321
349 333
389 321
453 305
485 265
488 209
475 158
456 113
516 123
484 92
449 58
425 32
402 4
431 2
449 22
487 4
