463 117
504 128
522 141
541 173
543 192
541 222
523 240
498 258
480 260
430 253
386 283
390 299
418 308
429 319
444 332
458 344
483 352
517 359
519 347
524 336
547 320
566 297
570 282
572 256
570 222
564 202
564 176
555 145
550 118
557 85
569 68
571 55
573 41
515 68
525 94
497 101
481 80
456 71
402 96
402 112
441 149
419 186
354 212
325 218
279 207
219 189
163 164
154 134
224 146
256 146
248 119
228 104
223 93
243 54
279 62
295 62
241 21
172 49
189 81
142 86
123 112
112 134
148 170
177 194
193 209
216 242
239 267
245 298
237 333
161 337
129 303
142 269
92 216
63 185
50 169
54 151
57 141
60 128
85 109
106 78
117 64
193 14
263 17
296 17
376 46
406 45
437 26
486 17
494 26
546 24
590 17
593 50
600 73
593 102
592 121
596 142
591 181
620 209
636 227
639 277
639 308
632 328
612 346
575 359
512 397
479 441
437 458
403 461
377 459
352 455
344 447
320 412
313 397
304 381
299 369
299 340
298 323
296 310
297 287
298 276
303 267
321 254
329 249
341 245
355 242
365 244
378 242
391 236
398 230
423 212
444 203
455 203
459 202
478 180
478 176
476 154
468 143
465 138
452 137
444 133
439 121
435 118
434 111
434 99
437 94
440 92
448 94
450 92
457 94
461 97
