271 45
318 40
367 57
369 67
372 77
372 87
360 95
339 103
335 118
378 131
396 131
414 123
414 98
401 83
398 58
430 49
464 56
469 71
462 83
485 92
518 96
523 84
555 71
569 78
571 94
571 128
556 140
528 149
509 154
490 152
476 143
436 170
424 197
424 213
433 222
451 201
467 182
481 182
487 188
504 190
514 201
515 205
516 234
528 246
557 235
561 231
607 258
621 276
622 305
616 332
579 341
577 363
587 383
601 404
607 417
600 436
592 445
574 462
537 479
489 480
452 479
414 475
393 462
387 445
386 426
384 404
384 379
387 350
382 322
375 304
364 303
277 306
274 308
251 338
274 369
287 382
322 331
328 367
307 399
307 411
264 423
220 386
214 365
217 310
211 271
144 255
134 255
117 277
121 302
129 335
136 360
154 374
155 392
201 430
213 437
220 444
237 453
274 456
340 472
342 479
289 479
249 469
247 473
240 477
205 466
184 458
111 435
100 374
66 338
111 275
75 206
64 139
58 120
60 78
75 45
74 15
114 11
138 23
135 52
122 80
156 91
151 124
165 141
166 176
187 191
229 179
233 168
219 137
258 110
252 77
201 95
176 65
181 52
205 53
208 41
216 30
225 26
230 25
242 27
255 25
267 26
284 28
293 31
302 33
274 31
264 30
248 30
238 37
246 50
252 52
