527 272
574 300
576 334
562 366
520 338
536 306
470 293
490 327
489 358
524 378
584 384
592 318
574 269
598 255
632 289
615 316
616 354
612 395
560 415
507 431
480 390
467 387
454 395
447 417
428 436
392 443
398 406
404 358
426 348
458 349
433 312
412 326
366 331
345 359
316 386
334 414
336 433
300 455
284 459
245 463
196 468
149 449
123 415
105 426
85 454
45 455
32 434
10 391
0 323
16 266
16 209
0 152
19 119
17 89
9 37
30 15
72 0
104 16
144 53
191 41
205 19
247 12
291 10
331 37
380 32
393 14
450 8
491 28
544 32
574 19
595 34
598 60
589 74
524 84
480 61
438 61
359 83
310 75
267 46
219 55
193 82
138 104
88 87
61 50
49 89
62 124
50 149
45 185
60 209
77 257
64 281
54 315
62 344
88 362
119 356
141 384
166 406
209 389
176 358
133 332
104 284
110 253
110 197
88 159
98 118
145 128
180 160
232 131
254 96
317 111
390 146
447 118
485 106
562 103
606 116
598 133
561 158
479 167
428 164
364 184
344 198
280 203
266 196
198 185
155 189
152 222
178 259
222 273
224 310
224 342
246 355
277 337
278 282
253 250
281 221
331 229
337 246
378 238
391 215
444 197
486 191
553 185
605 183
584 193
550 211
486 226
433 237
369 260
328 279
436 265
