246 187
241 157
248 128
281 112
304 106
328 105
346 111
350 123
352 135
366 146
381 150
387 122
384 118
377 100
403 90
435 91
453 100
479 93
485 82
498 73
521 61
540 57
548 57
568 74
571 81
572 93
572 114
571 146
572 159
573 176
575 187
578 198
584 207
587 215
592 223
593 235
595 242
593 256
594 274
600 286
586 295
570 319
541 340
551 356
579 362
596 332
614 355
608 376
581 388
578 393
587 414
602 420
600 446
587 461
582 471
557 479
523 480
488 479
468 478
428 477
411 476
377 475
327 474
286 473
255 479
237 469
215 452
207 442
201 427
199 400
191 393
158 380
141 390
139 413
130 421
107 428
139 457
117 456
54 441
64 427
74 410
52 386
63 367
69 349
90 333
92 319
127 289
140 275
138 261
135 225
133 212
120 206
70 239
61 221
60 209
61 203
61 180
62 169
61 152
58 133
57 114
60 95
63 81
70 73
78 64
94 54
101 47
105 45
112 44
114 44
131 43
140 43
150 44
160 50
164 53
177 64
180 70
183 77
184 94
185 102
183 114
184 124
185 128
186 133
184 145
185 152
187 158
190 161
194 166
199 174
209 183
217 196
220 200
222 206
223 211
226 218
249 228
264 232
292 237
313 242
331 247
342 269
342 281
359 263
372 236
399 229
348 201
330 209
331 219
319 224
