342 67
383 71
412 65
463 76
465 80
465 92
457 101
434 112
424 115
402 125
394 134
402 155
443 165
459 157
461 146
467 128
478 121
495 117
535 120
573 127
576 136
584 156
587 166
578 178
563 180
545 204
545 215
557 224
559 231
559 244
555 257
552 263
546 272
544 278
548 284
548 305
554 311
554 314
559 320
556 333
554 336
551 340
538 340
514 334
498 326
496 314
501 298
470 283
470 269
461 253
447 235
437 233
414 250
412 277
404 306
368 297
356 285
280 308
278 351
390 375
412 326
432 313
446 338
455 365
497 363
519 361
545 368
569 384
593 403
608 407
609 432
607 448
604 454
591 463
573 472
537 477
480 471
464 462
450 434
408 419
405 436
414 446
396 450
379 441
362 411
353 407
346 435
333 452
319 459
188 448
158 423
186 395
192 391
197 372
222 385
224 365
206 342
196 317
206 293
203 277
148 260
138 284
191 305
175 324
158 332
173 356
166 376
149 382
89 375
77 391
74 418
45 446
11 432
0 398
19 385
28 333
79 317
83 323
90 300
92 262
75 247
72 242
68 231
72 220
122 212
123 189
104 171
106 144
97 139
84 114
99 97
106 73
124 51
143 47
170 42
201 43
224 62
227 76
227 90
228 94
229 97
254 94
262 91
264 78
262 60
266 53
277 49
302 52
311 57
315 59
