80 176
148 157
186 142
250 132
287 126
319 128
327 126
345 125
350 125
358 124
371 123
373 123
376 122
404 119
406 118
415 116
442 114
452 112
467 111
473 111
489 117
494 121
484 130
481 134
474 142
481 146
495 151
512 154
517 155
526 164
528 171
530 174
532 178
526 192
523 205
523 213
513 221
493 231
486 237
473 239
461 242
444 244
422 242
442 257
523 269
527 241
590 218
609 238
622 263
628 275
619 289
613 298
610 305
605 314
604 332
606 339
620 349
639 365
640 375
638 386
639 398
633 408
625 414
589 424
579 431
576 441
534 458
519 459
501 450
484 434
481 403
461 379
479 353
471 327
439 328
410 384
429 402
428 427
415 441
413 452
367 449
337 421
321 401
306 393
312 417
314 436
308 444
282 449
279 450
278 451
267 452
249 449
242 448
236 444
223 440
210 432
196 426
184 419
173 414
168 409
159 404
150 397
145 390
138 384
137 377
131 371
126 362
124 357
123 353
121 348
118 342
117 339
116 337
115 334
117 328
118 324
115 323
114 318
114 315
112 306
110 300
109 294
107 287
109 280
110 272
107 270
111 260
115 251
118 246
87 232
54 278
86 312
89 327
72 341
67 343
62 343
17 314
15 293
22 287
24 266
26 230
29 213
27 184
54 133
93 74
153 61
168 79
161 92
107 123
100 134
