412 58
449 49
492 59
509 64
531 77
540 90
545 98
547 115
549 125
547 156
549 167
543 176
537 181
529 189
517 193
509 193
501 190
469 182
464 171
452 154
452 132
422 130
385 147
444 171
443 179
453 214
486 218
495 213
513 206
536 217
553 233
530 277
514 290
487 314
525 320
551 313
563 317
598 359
479 378
416 356
385 333
376 300
354 253
335 240
289 234
260 234
239 240
201 255
182 272
169 289
156 302
147 329
167 344
182 355
218 376
239 374
258 358
248 322
268 293
328 278
341 324
319 344
314 358
382 372
410 377
442 372
465 406
383 448
382 444
344 456
280 437
280 392
244 415
228 442
161 454
100 433
126 391
89 360
77 341
79 313
85 293
46 280
29 322
21 297
32 239
47 208
14 163
52 135
71 125
114 135
118 155
102 199
90 218
127 243
129 176
188 180
197 199
256 203
313 203
322 168
289 143
274 165
247 136
275 103
280 89
248 88
212 107
202 130
202 142
126 97
174 85
185 82
168 63
133 53
131 64
128 78
113 83
90 88
72 89
66 85
66 67
69 51
82 35
92 29
144 29
176 35
207 55
226 54
255 41
261 37
271 34
282 37
289 39
300 43
303 49
311 51
317 56
320 58
333 65
340 66
343 72
351 79
359 82
374 93
381 99
395 108
405 99
393 80
384 78
382 54
