589 260
612 249
626 244
628 263
631 277
633 298
626 324
628 362
626 397
621 421
594 422
577 391
576 355
578 345
588 365
601 336
599 303
570 279
563 302
580 315
545 321
544 345
546 376
538 390
531 409
485 425
517 432
478 445
432 446
427 442
410 435
384 411
376 410
366 417
357 426
347 434
317 444
301 443
279 431
273 414
265 399
255 389
245 387
234 387
225 389
193 402
183 409
175 414
127 433
117 429
89 410
75 387
74 358
64 319
66 293
91 281
108 274
119 235
107 217
87 191
60 164
59 129
63 96
88 81
108 78
165 86
190 39
225 28
258 24
313 22
338 23
348 51
331 84
277 92
224 51
207 77
208 133
270 134
320 122
325 133
380 132
386 110
391 74
394 53
426 47
465 40
477 63
500 26
539 20
566 7
590 33
587 56
576 86
523 61
521 94
517 122
493 146
458 153
440 157
407 181
370 207
348 186
317 170
305 189
256 200
225 173
185 185
198 214
165 237
172 264
167 293
149 321
163 333
198 333
226 298
221 258
224 210
265 222
286 254
267 278
263 322
309 326
303 356
314 369
356 361
355 326
336 299
329 274
339 241
389 230
411 253
386 282
414 319
404 349
477 359
467 321
447 265
446 216
478 189
506 181
540 164
552 128
575 116
588 133
583 161
569 182
529 215
499 228
487 253
532 261
