570 330
554 375
608 374
600 400
516 425
535 398
500 364
526 332
488 302
474 342
452 365
472 389
424 414
451 423
455 429
447 455
389 460
388 428
372 403
365 407
354 424
353 432
353 442
347 456
328 466
311 471
295 471
275 441
282 433
295 403
304 395
307 375
329 365
347 357
359 350
380 341
389 317
389 306
374 299
337 289
326 293
317 307
304 316
303 320
283 343
275 357
272 391
265 396
249 413
247 422
247 441
249 451
214 472
205 477
204 443
205 419
226 395
226 378
237 333
248 312
241 287
216 283
165 293
179 312
204 317
205 343
196 357
190 376
175 393
167 416
165 441
166 461
164 478
156 479
130 474
129 450
129 421
132 402
122 373
172 343
144 317
141 304
94 283
116 303
121 321
129 325
108 345
93 373
95 394
93 422
97 465
79 468
68 457
61 446
48 418
35 395
50 371
62 340
81 309
51 277
22 235
4 181
21 151
26 104
17 54
39 32
81 17
97 12
121 25
123 42
87 68
55 55
69 93
74 125
66 136
59 154
58 186
61 196
90 204
83 240
110 246
138 234
148 214
140 192
121 177
129 146
141 115
133 68
174 51
186 17
217 12
269 24
263 44
219 64
195 81
185 118
206 142
187 166
196 188
174 210
189 227
218 233
270 210
296 192
312 161
299 126
342 94
400 94
451 149
480 262
