329 230
368 206
412 225
420 192
388 171
326 162
305 191
305 222
288 232
244 232
188 221
154 206
138 174
138 144
155 127
166 124
195 119
226 120
252 125
260 129
268 130
288 132
305 130
306 123
305 114
298 103
277 99
259 106
252 109
229 107
197 100
170 86
170 62
199 39
255 23
296 22
310 60
328 80
331 104
336 113
360 128
373 120
374 97
374 74
407 57
412 54
419 47
443 44
453 43
477 43
511 47
534 37
567 44
605 77
606 99
618 132
636 149
614 178
586 201
538 219
536 239
538 259
566 281
585 295
594 307
607 321
610 333
611 361
612 379
613 401
614 416
611 429
592 443
571 453
552 460
502 464
437 471
381 472
367 473
330 472
292 464
270 452
243 436
221 423
212 413
188 390
162 370
161 402
164 426
202 433
208 445
209 466
160 475
132 464
40 428
81 413
72 383
80 369
46 326
91 294
97 294
143 324
89 249
54 223
53 171
81 145
63 124
66 71
95 53
113 39
132 72
121 95
107 114
132 136
126 158
100 183
100 217
107 224
113 228
137 234
155 240
173 242
197 254
201 279
204 301
204 325
212 340
239 341
248 341
250 337
288 340
326 354
348 362
354 368
357 338
343 284
299 305
334 327
318 335
317 335
309 333
301 333
285 331
268 325
258 316
254 290
258 264
284 248
289 246
301 243
