282 229
290 239
304 251
306 274
308 278
308 290
307 309
319 312
335 306
338 296
350 285
366 268
368 241
391 231
424 228
453 245
429 268
430 272
429 288
436 288
451 291
474 294
485 294
508 299
518 306
518 328
520 347
519 354
516 361
516 374
528 391
549 395
559 397
578 410
579 418
580 420
579 434
582 455
582 461
581 468
578 473
567 479
544 478
538 477
528 476
515 475
498 474
483 473
473 479
457 475
446 472
435 471
429 471
385 458
384 457
368 450
352 450
313 442
311 451
315 459
299 468
269 455
263 427
290 407
295 407
284 375
268 368
239 380
238 400
239 414
237 432
166 437
127 423
104 391
112 366
144 351
176 364
189 369
198 362
187 338
190 315
189 297
176 284
176 244
177 192
141 166
100 158
84 158
63 178
44 206
34 253
55 277
96 297
56 340
8 309
0 274
12 240
0 188
26 146
42 142
74 126
79 103
102 55
132 78
169 121
190 112
228 128
246 156
232 173
214 191
215 225
228 285
243 295
241 231
249 197
264 162
267 120
261 94
248 86
229 93
198 75
168 72
151 73
143 58
136 47
138 24
200 31
215 43
230 44
261 33
284 49
297 57
328 51
336 37
353 29
367 26
376 26
398 25
419 27
436 35
465 44
485 56
496 68
509 87
512 99
513 171
484 184
455 196
418 197
363 195
