524 348
476 342
439 354
434 368
469 378
479 381
490 393
464 416
418 415
375 402
356 377
312 353
271 345
262 356
267 382
262 395
189 395
169 397
134 386
119 373
91 355
82 347
77 336
67 316
62 300
45 267
42 189
26 190
0 171
0 154
21 137
53 148
76 163
115 178
136 154
113 143
90 129
86 125
86 114
87 108
93 101
96 98
106 95
117 92
121 91
129 90
143 90
155 91
171 96
196 106
208 111
221 121
254 155
259 172
284 200
303 215
324 207
322 196
313 181
280 162
271 132
270 115
272 110
277 108
296 105
332 105
396 124
482 162
508 190
518 286
550 305
567 311
570 331
565 338
556 342
