320 240
369 179
447 169
449 191
420 252
419 268
448 284
481 268
476 235
480 220
482 196
466 169
438 149
429 139
421 122
418 111
420 91
427 77
444 61
483 43
506 34
543 35
594 72
608 100
610 133
606 158
589 182
580 195
554 217
518 252
528 308
557 332
564 374
548 406
522 424
476 446
430 462
392 470
229 459
159 425
135 403
115 376
112 365
80 322
58 271
63 237
96 222
116 210
93 178
70 160
61 140
58 124
55 99
63 83
85 62
122 47
154 42
177 39
200 39
216 40
240 50
260 62
273 77
289 103
293 119
292 144
282 173
273 185
254 199
245 211
221 222
214 225
251 239
272 243
286 240
