347 381
309 369
262 375
242 392
248 409
299 414
299 439
255 443
228 440
203 438
169 430
148 424
129 409
111 385
132 352
152 333
171 310
143 268
113 243
80 243
110 294
92 319
51 280
35 254
44 239
64 197
102 119
67 105
105 53
125 32
163 29
209 37
228 40
274 43
310 46
325 46
355 43
399 41
422 42
429 42
451 48
476 57
502 68
512 80
546 111
562 133
569 155
570 176
570 216
573 240
574 285
571 306
561 326
546 357
542 375
533 402
519 420
516 424
509 441
500 447
468 459
450 464
422 472
404 474
400 474
393 473
379 469
367 467
352 451
348 433
339 415
340 396
346 395
358 399
354 379
