320 240
343 273
341 309
316 320
415 342
351 344
434 360
480 390
527 348
487 323
476 243
517 227
556 284
575 359
507 430
428 449
383 448
364 431
334 406
266 396
233 411
226 431
244 451
287 459
309 462
273 479
239 480
222 479
195 479
186 477
180 468
168 459
151 449
142 438
138 430
130 415
128 391
126 370
125 362
125 334
126 305
132 292
140 277
144 257
159 245
169 230
159 211
146 197
99 206
74 203
45 181
45 156
49 141
69 118
77 104
92 92
126 71
197 54
219 56
241 63
241 74
221 86
245 105
297 115
337 86
383 127
360 166
343 182
353 186
385 189
388 198
387 217
367 231
337 233
318 218
