410 366
392 438
279 438
265 436
227 419
210 408
203 397
194 375
195 344
202 331
216 321
232 317
275 315
320 309
362 309
376 313
349 271
304 253
276 284
236 248
231 218
321 189
298 112
215 91
201 156
190 171
137 183
165 230
171 274
111 301
130 339
119 385
25 394
19 308
20 270
44 251
71 260
103 237
86 220
51 195
25 160
37 142
72 132
102 130
126 124
107 86
61 63
154 39
187 32
214 51
260 14
325 11
338 45
412 12
450 32
460 64
531 56
566 81
579 101
577 123
565 145
522 167
491 169
452 139
411 141
408 160
463 182
466 188
563 190
616 230
547 351
517 358
474 340
444 297
434 321
