639 216
629 223
620 235
612 243
613 252
614 262
616 267
618 269
621 288
620 312
600 322
574 327
563 316
560 293
566 274
584 264
570 243
555 225
524 218
538 186
594 166
589 195
589 203
594 204
616 182
615 164
625 162
591 95
544 133
512 167
388 166
414 184
443 246
461 259
481 292
500 323
509 345
493 378
442 395
406 398
340 388
288 373
243 348
259 319
302 309
350 304
350 227
264 180
267 260
240 291
170 288
137 350
165 374
167 386
14 328
60 292
71 260
93 219
152 193
151 119
171 62
323 19
354 43
326 89
322 120
399 121
390 45
463 31
537 67
583 45
603 37
611 57
614 81
626 130
633 168
