320 240
320 250
316 257
314 267
309 275
302 284
306 291
280 299
325 309
250 311
370 327
221 327
470 356
141 356
540 399
143 404
465 426
152 424
101 411
92 394
92 362
91 330
90 303
93 277
106 244
136 208
65 102
136 66
223 106
186 148
174 164
271 176
248 117
275 83
226 41
418 55
317 68
449 90
298 90
554 114
405 120
609 133
457 146
573 161
472 168
549 186
412 200
573 216
417 218
553 237
518 264
500 269
555 294
543 309
596 339
614 340
615 373
609 385
578 385
518 369
468 324
468 306
395 270
392 285
374 306
358 295
356 285
355 277
355 255
354 241
353 228
348 220
333 210
326 213
317 216
