354 467
293 463
230 456
205 449
190 441
174 431
155 416
132 400
129 380
126 366
87 386
103 407
133 413
138 427
138 448
131 454
90 457
62 456
43 439
37 422
35 394
17 365
15 313
27 288
60 294
96 264
67 237
15 194
15 165
19 113
22 103
65 79
93 59
132 43
198 43
230 53
262 81
249 136
222 184
157 184
102 182
137 207
264 242
325 160
264 106
325 61
407 93
381 158
438 162
460 67
522 64
555 93
586 119
620 184
616 218
589 254
565 274
534 286
515 289
469 278
450 264
434 232
435 205
409 192
348 236
432 279
517 354
611 281
591 355
626 361
590 404
458 443
454 394
397 378
404 424
