236 192
203 150
207 114
225 109
267 113
270 135
267 149
278 153
319 145
319 119
325 105
339 99
358 94
378 93
389 93
412 100
426 109
441 121
450 127
453 144
455 165
442 194
433 214
413 224
387 243
365 269
352 296
351 327
397 373
416 378
429 382
486 383
500 374
505 344
520 309
561 260
620 244
609 291
559 340
560 365
573 385
554 413
536 430
554 450
432 465
390 449
334 442
246 433
185 419
154 397
153 341
172 332
204 322
225 337
292 307
318 289
325 285
348 259
349 251
357 229
357 203
328 213
316 231
313 247
259 269
225 265
168 248
142 263
125 288
78 301
37 206
62 131
77 133
94 158
97 180
