358 270
374 252
409 217
454 243
436 272
413 276
395 302
424 325
431 325
489 284
496 299
392 360
349 363
309 357
285 354
230 338
206 313
203 289
259 247
253 219
185 226
176 208
173 163
211 154
239 159
284 139
300 186
330 162
383 110
311 74
284 95
245 83
236 99
198 101
178 109
157 116
141 121
137 123
96 192
92 219
99 238
118 296
118 301
113 317
92 333
72 335
50 321
47 309
44 284
41 270
40 260
39 235
40 213
51 193
59 176
76 144
93 95
105 81
132 68
197 49
284 37
344 15
411 12
443 27
434 57
420 87
484 104
492 109
513 146
515 153
538 172
541 183
542 189
374 199
352 237
